apache_zip (36 classes; 2 packages; 86 deps)

Cycle #0: apache_zip
S; MQ:  0,0000; MV:    0; DT:    0; SOL: [0 0 0 0 0 0 1 1 1 1 1 1 1 1 1 1 1 1 1 1 1 1 1 1 1 1 1 1 1 1 1 1 1 1 1 1]
C; MQ:  1,6873; MV:    1; DT:    0; SOL: [0 0 0 0 0 0 0 1 1 1 1 1 1 1 1 1 1 1 1 1 1 1 1 1 1 1 1 1 1 1 1 1 1 1 1 1]
I; MQ:  1,6873; MV:    1; DT:    0; SOL: [0 0 0 0 0 0 0 1 1 1 1 1 1 1 1 1 1 1 1 1 1 1 1 1 1 1 1 1 1 1 1 1 1 1 1 1]

Cycle #1: apache_zip
S; MQ:  0,0000; MV:    0; DT:    0; SOL: [0 0 0 0 0 0 1 1 1 1 1 1 1 1 1 1 1 1 1 1 1 1 1 1 1 1 1 1 1 1 1 1 1 1 1 1]
C; MQ:  1,8759; MV:    1; DT:    0; SOL: [0 0 0 0 0 0 1 1 1 1 1 1 1 1 0 1 1 1 1 1 1 1 1 1 1 1 1 1 1 1 1 1 1 1 1 1]
I; MQ:  1,8759; MV:    1; DT:    0; SOL: [0 0 0 0 0 0 1 1 1 1 1 1 1 1 0 1 1 1 1 1 1 1 1 1 1 1 1 1 1 1 1 1 1 1 1 1]

Cycle #2: apache_zip
S; MQ:  0,0000; MV:    0; DT:    0; SOL: [0 0 0 0 0 0 1 1 1 1 1 1 1 1 1 1 1 1 1 1 1 1 1 1 1 1 1 1 1 1 1 1 1 1 1 1]
C; MQ:  1,8225; MV:    1; DT:    0; SOL: [0 0 0 0 0 0 1 1 1 1 1 1 1 1 1 1 1 1 1 1 1 1 1 1 1 1 1 1 0 1 1 1 1 1 1 1]
I; MQ:  1,8225; MV:    1; DT:    0; SOL: [0 0 0 0 0 0 1 1 1 1 1 1 1 1 1 1 1 1 1 1 1 1 1 1 1 1 1 1 0 1 1 1 1 1 1 1]

Cycle #3: apache_zip
S; MQ:  0,0000; MV:    0; DT:    0; SOL: [0 0 0 0 0 0 1 1 1 1 1 1 1 1 1 1 1 1 1 1 1 1 1 1 1 1 1 1 1 1 1 1 1 1 1 1]
C; MQ:  1,8759; MV:    1; DT:    0; SOL: [0 0 0 0 0 0 1 1 1 1 1 1 1 1 1 1 1 1 1 1 1 1 1 1 1 1 1 1 1 1 1 1 1 1 1 0]
I; MQ:  1,8759; MV:    1; DT:    0; SOL: [0 0 0 0 0 0 1 1 1 1 1 1 1 1 1 1 1 1 1 1 1 1 1 1 1 1 1 1 1 1 1 1 1 1 1 0]

Cycle #4: apache_zip
S; MQ:  0,0000; MV:    0; DT:    0; SOL: [0 0 0 0 0 0 1 1 1 1 1 1 1 1 1 1 1 1 1 1 1 1 1 1 1 1 1 1 1 1 1 1 1 1 1 1]
C; MQ:  1,8225; MV:    1; DT:    0; SOL: [0 0 0 0 0 0 1 1 1 1 1 1 1 1 1 1 1 1 1 1 1 1 1 1 1 1 1 1 1 0 1 1 1 1 1 1]
I; MQ:  1,8225; MV:    1; DT:    0; SOL: [0 0 0 0 0 0 1 1 1 1 1 1 1 1 1 1 1 1 1 1 1 1 1 1 1 1 1 1 1 0 1 1 1 1 1 1]

Cycle #5: apache_zip
S; MQ:  0,0000; MV:    0; DT:    0; SOL: [0 0 0 0 0 0 1 1 1 1 1 1 1 1 1 1 1 1 1 1 1 1 1 1 1 1 1 1 1 1 1 1 1 1 1 1]
C; MQ:  1,8759; MV:    1; DT:    0; SOL: [0 0 0 0 0 0 1 1 1 1 1 1 1 1 1 1 1 1 1 1 1 1 1 1 1 1 1 0 1 1 1 1 1 1 1 1]
I; MQ:  1,8759; MV:    1; DT:    0; SOL: [0 0 0 0 0 0 1 1 1 1 1 1 1 1 1 1 1 1 1 1 1 1 1 1 1 1 1 0 1 1 1 1 1 1 1 1]

Cycle #6: apache_zip
S; MQ:  0,0000; MV:    0; DT:    0; SOL: [0 0 0 0 0 0 1 1 1 1 1 1 1 1 1 1 1 1 1 1 1 1 1 1 1 1 1 1 1 1 1 1 1 1 1 1]
C; MQ:  1,8225; MV:    1; DT:    0; SOL: [0 0 0 0 0 0 1 1 1 0 1 1 1 1 1 1 1 1 1 1 1 1 1 1 1 1 1 1 1 1 1 1 1 1 1 1]
I; MQ:  1,8225; MV:    1; DT:    0; SOL: [0 0 0 0 0 0 1 1 1 0 1 1 1 1 1 1 1 1 1 1 1 1 1 1 1 1 1 1 1 1 1 1 1 1 1 1]

Cycle #7: apache_zip
S; MQ:  0,0000; MV:    0; DT:    0; SOL: [0 0 0 0 0 0 1 1 1 1 1 1 1 1 1 1 1 1 1 1 1 1 1 1 1 1 1 1 1 1 1 1 1 1 1 1]
C; MQ:  1,8759; MV:    1; DT:    0; SOL: [0 0 0 0 0 0 1 1 1 1 1 0 1 1 1 1 1 1 1 1 1 1 1 1 1 1 1 1 1 1 1 1 1 1 1 1]
I; MQ:  1,8759; MV:    1; DT:    0; SOL: [0 0 0 0 0 0 1 1 1 1 1 0 1 1 1 1 1 1 1 1 1 1 1 1 1 1 1 1 1 1 1 1 1 1 1 1]

Cycle #8: apache_zip
S; MQ:  0,0000; MV:    0; DT:    0; SOL: [0 0 0 0 0 0 1 1 1 1 1 1 1 1 1 1 1 1 1 1 1 1 1 1 1 1 1 1 1 1 1 1 1 1 1 1]
C; MQ:  1,8759; MV:    1; DT:    0; SOL: [0 0 0 0 0 0 1 1 1 1 1 1 1 1 1 1 1 1 1 1 1 1 1 1 1 1 1 1 1 1 1 1 0 1 1 1]
I; MQ:  1,8759; MV:    1; DT:    0; SOL: [0 0 0 0 0 0 1 1 1 1 1 1 1 1 1 1 1 1 1 1 1 1 1 1 1 1 1 1 1 1 1 1 0 1 1 1]

Cycle #9: apache_zip
S; MQ:  0,0000; MV:    0; DT:    0; SOL: [0 0 0 0 0 0 1 1 1 1 1 1 1 1 1 1 1 1 1 1 1 1 1 1 1 1 1 1 1 1 1 1 1 1 1 1]
C; MQ:  1,8759; MV:    1; DT:    0; SOL: [0 0 0 0 0 0 1 1 1 1 1 1 1 1 1 1 1 1 1 1 1 1 1 1 1 1 1 0 1 1 1 1 1 1 1 1]
I; MQ:  1,8759; MV:    1; DT:    0; SOL: [0 0 0 0 0 0 1 1 1 1 1 1 1 1 1 1 1 1 1 1 1 1 1 1 1 1 1 0 1 1 1 1 1 1 1 1]

Cycle #10: apache_zip
S; MQ:  0,0000; MV:    0; DT:    0; SOL: [0 0 0 0 0 0 1 1 1 1 1 1 1 1 1 1 1 1 1 1 1 1 1 1 1 1 1 1 1 1 1 1 1 1 1 1]
C; MQ:  1,8759; MV:    1; DT:    0; SOL: [0 0 0 0 0 0 1 1 1 1 1 1 0 1 1 1 1 1 1 1 1 1 1 1 1 1 1 1 1 1 1 1 1 1 1 1]
I; MQ:  1,8759; MV:    1; DT:    0; SOL: [0 0 0 0 0 0 1 1 1 1 1 1 0 1 1 1 1 1 1 1 1 1 1 1 1 1 1 1 1 1 1 1 1 1 1 1]

Cycle #11: apache_zip
S; MQ:  0,0000; MV:    0; DT:    0; SOL: [0 0 0 0 0 0 1 1 1 1 1 1 1 1 1 1 1 1 1 1 1 1 1 1 1 1 1 1 1 1 1 1 1 1 1 1]
C; MQ:  1,6873; MV:    1; DT:    0; SOL: [0 0 0 0 0 0 0 1 1 1 1 1 1 1 1 1 1 1 1 1 1 1 1 1 1 1 1 1 1 1 1 1 1 1 1 1]
I; MQ:  1,6873; MV:    1; DT:    0; SOL: [0 0 0 0 0 0 0 1 1 1 1 1 1 1 1 1 1 1 1 1 1 1 1 1 1 1 1 1 1 1 1 1 1 1 1 1]

Cycle #12: apache_zip
S; MQ:  0,0000; MV:    0; DT:    0; SOL: [0 0 0 0 0 0 1 1 1 1 1 1 1 1 1 1 1 1 1 1 1 1 1 1 1 1 1 1 1 1 1 1 1 1 1 1]
C; MQ:  1,8759; MV:    1; DT:    0; SOL: [0 0 0 0 0 0 1 1 1 1 1 1 0 1 1 1 1 1 1 1 1 1 1 1 1 1 1 1 1 1 1 1 1 1 1 1]
I; MQ:  1,8759; MV:    1; DT:    0; SOL: [0 0 0 0 0 0 1 1 1 1 1 1 0 1 1 1 1 1 1 1 1 1 1 1 1 1 1 1 1 1 1 1 1 1 1 1]

Cycle #13: apache_zip
S; MQ:  0,0000; MV:    0; DT:    0; SOL: [0 0 0 0 0 0 1 1 1 1 1 1 1 1 1 1 1 1 1 1 1 1 1 1 1 1 1 1 1 1 1 1 1 1 1 1]
C; MQ:  1,8445; MV:    1; DT:    0; SOL: [0 1 0 0 0 0 1 1 1 1 1 1 1 1 1 1 1 1 1 1 1 1 1 1 1 1 1 1 1 1 1 1 1 1 1 1]
I; MQ:  1,8445; MV:    1; DT:    0; SOL: [0 1 0 0 0 0 1 1 1 1 1 1 1 1 1 1 1 1 1 1 1 1 1 1 1 1 1 1 1 1 1 1 1 1 1 1]

Cycle #14: apache_zip
S; MQ:  0,0000; MV:    0; DT:    0; SOL: [0 0 0 0 0 0 1 1 1 1 1 1 1 1 1 1 1 1 1 1 1 1 1 1 1 1 1 1 1 1 1 1 1 1 1 1]
C; MQ:  1,8225; MV:    1; DT:    0; SOL: [0 0 0 0 0 0 1 1 1 0 1 1 1 1 1 1 1 1 1 1 1 1 1 1 1 1 1 1 1 1 1 1 1 1 1 1]
I; MQ:  1,8225; MV:    1; DT:    0; SOL: [0 0 0 0 0 0 1 1 1 0 1 1 1 1 1 1 1 1 1 1 1 1 1 1 1 1 1 1 1 1 1 1 1 1 1 1]

Cycle #15: apache_zip
S; MQ:  0,0000; MV:    0; DT:    0; SOL: [0 0 0 0 0 0 1 1 1 1 1 1 1 1 1 1 1 1 1 1 1 1 1 1 1 1 1 1 1 1 1 1 1 1 1 1]
C; MQ:  1,6126; MV:    1; DT:    0; SOL: [0 0 0 0 0 0 1 1 1 1 1 1 1 1 1 1 1 1 1 1 1 1 1 1 0 1 1 1 1 1 1 1 1 1 1 1]
I; MQ:  1,6126; MV:    1; DT:    0; SOL: [0 0 0 0 0 0 1 1 1 1 1 1 1 1 1 1 1 1 1 1 1 1 1 1 0 1 1 1 1 1 1 1 1 1 1 1]

Cycle #16: apache_zip
S; MQ:  0,0000; MV:    0; DT:    0; SOL: [0 0 0 0 0 0 1 1 1 1 1 1 1 1 1 1 1 1 1 1 1 1 1 1 1 1 1 1 1 1 1 1 1 1 1 1]
C; MQ:  1,8225; MV:    1; DT:    0; SOL: [0 0 0 0 0 0 1 1 1 0 1 1 1 1 1 1 1 1 1 1 1 1 1 1 1 1 1 1 1 1 1 1 1 1 1 1]
I; MQ:  1,8225; MV:    1; DT:    0; SOL: [0 0 0 0 0 0 1 1 1 0 1 1 1 1 1 1 1 1 1 1 1 1 1 1 1 1 1 1 1 1 1 1 1 1 1 1]

Cycle #17: apache_zip
S; MQ:  0,0000; MV:    0; DT:    0; SOL: [0 0 0 0 0 0 1 1 1 1 1 1 1 1 1 1 1 1 1 1 1 1 1 1 1 1 1 1 1 1 1 1 1 1 1 1]
C; MQ:  1,8759; MV:    1; DT:    0; SOL: [0 0 0 0 0 0 1 1 1 1 1 1 1 1 0 1 1 1 1 1 1 1 1 1 1 1 1 1 1 1 1 1 1 1 1 1]
I; MQ:  1,8759; MV:    1; DT:    0; SOL: [0 0 0 0 0 0 1 1 1 1 1 1 1 1 0 1 1 1 1 1 1 1 1 1 1 1 1 1 1 1 1 1 1 1 1 1]

Cycle #18: apache_zip
S; MQ:  0,0000; MV:    0; DT:    0; SOL: [0 0 0 0 0 0 1 1 1 1 1 1 1 1 1 1 1 1 1 1 1 1 1 1 1 1 1 1 1 1 1 1 1 1 1 1]
C; MQ:  1,6873; MV:    1; DT:    0; SOL: [0 0 0 0 0 0 0 1 1 1 1 1 1 1 1 1 1 1 1 1 1 1 1 1 1 1 1 1 1 1 1 1 1 1 1 1]
I; MQ:  1,6873; MV:    1; DT:    0; SOL: [0 0 0 0 0 0 0 1 1 1 1 1 1 1 1 1 1 1 1 1 1 1 1 1 1 1 1 1 1 1 1 1 1 1 1 1]

Cycle #19: apache_zip
S; MQ:  0,0000; MV:    0; DT:    0; SOL: [0 0 0 0 0 0 1 1 1 1 1 1 1 1 1 1 1 1 1 1 1 1 1 1 1 1 1 1 1 1 1 1 1 1 1 1]
C; MQ:  1,7737; MV:    1; DT:    0; SOL: [0 0 0 0 0 0 1 1 1 1 1 1 1 1 1 1 0 1 1 1 1 1 1 1 1 1 1 1 1 1 1 1 1 1 1 1]
I; MQ:  1,7737; MV:    1; DT:    0; SOL: [0 0 0 0 0 0 1 1 1 1 1 1 1 1 1 1 0 1 1 1 1 1 1 1 1 1 1 1 1 1 1 1 1 1 1 1]

Cycle #20: apache_zip
S; MQ:  0,0000; MV:    0; DT:    0; SOL: [0 0 0 0 0 0 1 1 1 1 1 1 1 1 1 1 1 1 1 1 1 1 1 1 1 1 1 1 1 1 1 1 1 1 1 1]
C; MQ:  1,8225; MV:    1; DT:    0; SOL: [0 0 0 0 0 0 1 1 1 1 1 1 1 0 1 1 1 1 1 1 1 1 1 1 1 1 1 1 1 1 1 1 1 1 1 1]
I; MQ:  1,8225; MV:    1; DT:    0; SOL: [0 0 0 0 0 0 1 1 1 1 1 1 1 0 1 1 1 1 1 1 1 1 1 1 1 1 1 1 1 1 1 1 1 1 1 1]

Cycle #21: apache_zip
S; MQ:  0,0000; MV:    0; DT:    0; SOL: [0 0 0 0 0 0 1 1 1 1 1 1 1 1 1 1 1 1 1 1 1 1 1 1 1 1 1 1 1 1 1 1 1 1 1 1]
C; MQ:  1,8759; MV:    1; DT:    0; SOL: [0 0 0 0 0 0 1 1 1 1 1 1 0 1 1 1 1 1 1 1 1 1 1 1 1 1 1 1 1 1 1 1 1 1 1 1]
I; MQ:  1,8759; MV:    1; DT:    0; SOL: [0 0 0 0 0 0 1 1 1 1 1 1 0 1 1 1 1 1 1 1 1 1 1 1 1 1 1 1 1 1 1 1 1 1 1 1]

Cycle #22: apache_zip
S; MQ:  0,0000; MV:    0; DT:    0; SOL: [0 0 0 0 0 0 1 1 1 1 1 1 1 1 1 1 1 1 1 1 1 1 1 1 1 1 1 1 1 1 1 1 1 1 1 1]
C; MQ:  1,8445; MV:    1; DT:    0; SOL: [1 0 0 0 0 0 1 1 1 1 1 1 1 1 1 1 1 1 1 1 1 1 1 1 1 1 1 1 1 1 1 1 1 1 1 1]
I; MQ:  1,8445; MV:    1; DT:    0; SOL: [1 0 0 0 0 0 1 1 1 1 1 1 1 1 1 1 1 1 1 1 1 1 1 1 1 1 1 1 1 1 1 1 1 1 1 1]

Cycle #23: apache_zip
S; MQ:  0,0000; MV:    0; DT:    0; SOL: [0 0 0 0 0 0 1 1 1 1 1 1 1 1 1 1 1 1 1 1 1 1 1 1 1 1 1 1 1 1 1 1 1 1 1 1]
C; MQ:  1,8759; MV:    1; DT:    0; SOL: [0 0 0 0 0 0 1 1 1 1 1 1 1 1 1 1 1 1 1 1 1 1 1 1 1 1 1 1 1 1 1 1 0 1 1 1]
I; MQ:  1,8759; MV:    1; DT:    0; SOL: [0 0 0 0 0 0 1 1 1 1 1 1 1 1 1 1 1 1 1 1 1 1 1 1 1 1 1 1 1 1 1 1 0 1 1 1]

Cycle #24: apache_zip
S; MQ:  0,0000; MV:    0; DT:    0; SOL: [0 0 0 0 0 0 1 1 1 1 1 1 1 1 1 1 1 1 1 1 1 1 1 1 1 1 1 1 1 1 1 1 1 1 1 1]
C; MQ:  1,8759; MV:    1; DT:    0; SOL: [0 0 0 0 0 0 1 1 1 1 1 1 1 1 1 1 1 1 1 1 1 1 1 1 1 1 1 0 1 1 1 1 1 1 1 1]
I; MQ:  1,8759; MV:    1; DT:    0; SOL: [0 0 0 0 0 0 1 1 1 1 1 1 1 1 1 1 1 1 1 1 1 1 1 1 1 1 1 0 1 1 1 1 1 1 1 1]

Cycle #25: apache_zip
S; MQ:  0,0000; MV:    0; DT:    0; SOL: [0 0 0 0 0 0 1 1 1 1 1 1 1 1 1 1 1 1 1 1 1 1 1 1 1 1 1 1 1 1 1 1 1 1 1 1]
C; MQ:  1,8759; MV:    1; DT:    0; SOL: [0 0 0 0 0 0 1 1 1 1 1 1 1 1 1 1 1 1 1 1 1 1 1 1 1 1 1 0 1 1 1 1 1 1 1 1]
I; MQ:  1,8759; MV:    1; DT:    0; SOL: [0 0 0 0 0 0 1 1 1 1 1 1 1 1 1 1 1 1 1 1 1 1 1 1 1 1 1 0 1 1 1 1 1 1 1 1]

Cycle #26: apache_zip
S; MQ:  0,0000; MV:    0; DT:    0; SOL: [0 0 0 0 0 0 1 1 1 1 1 1 1 1 1 1 1 1 1 1 1 1 1 1 1 1 1 1 1 1 1 1 1 1 1 1]
C; MQ:  1,8445; MV:    1; DT:    0; SOL: [0 1 0 0 0 0 1 1 1 1 1 1 1 1 1 1 1 1 1 1 1 1 1 1 1 1 1 1 1 1 1 1 1 1 1 1]
I; MQ:  1,8445; MV:    1; DT:    0; SOL: [0 1 0 0 0 0 1 1 1 1 1 1 1 1 1 1 1 1 1 1 1 1 1 1 1 1 1 1 1 1 1 1 1 1 1 1]

Cycle #27: apache_zip
S; MQ:  0,0000; MV:    0; DT:    0; SOL: [0 0 0 0 0 0 1 1 1 1 1 1 1 1 1 1 1 1 1 1 1 1 1 1 1 1 1 1 1 1 1 1 1 1 1 1]
C; MQ:  1,8759; MV:    1; DT:    0; SOL: [0 0 0 0 0 0 1 1 1 1 1 1 0 1 1 1 1 1 1 1 1 1 1 1 1 1 1 1 1 1 1 1 1 1 1 1]
I; MQ:  1,8759; MV:    1; DT:    0; SOL: [0 0 0 0 0 0 1 1 1 1 1 1 0 1 1 1 1 1 1 1 1 1 1 1 1 1 1 1 1 1 1 1 1 1 1 1]

Cycle #28: apache_zip
S; MQ:  0,0000; MV:    0; DT:    0; SOL: [0 0 0 0 0 0 1 1 1 1 1 1 1 1 1 1 1 1 1 1 1 1 1 1 1 1 1 1 1 1 1 1 1 1 1 1]
C; MQ:  1,8759; MV:    1; DT:    0; SOL: [0 0 0 0 0 0 1 1 1 1 1 1 1 1 1 1 1 1 1 1 1 1 1 1 1 1 1 0 1 1 1 1 1 1 1 1]
I; MQ:  1,8759; MV:    1; DT:    0; SOL: [0 0 0 0 0 0 1 1 1 1 1 1 1 1 1 1 1 1 1 1 1 1 1 1 1 1 1 0 1 1 1 1 1 1 1 1]

Cycle #29: apache_zip
S; MQ:  0,0000; MV:    0; DT:    0; SOL: [0 0 0 0 0 0 1 1 1 1 1 1 1 1 1 1 1 1 1 1 1 1 1 1 1 1 1 1 1 1 1 1 1 1 1 1]
C; MQ:  1,8759; MV:    1; DT:    0; SOL: [0 0 0 0 0 0 1 1 1 1 1 1 1 1 1 1 1 1 1 1 1 1 1 1 1 1 1 0 1 1 1 1 1 1 1 1]
I; MQ:  1,8759; MV:    1; DT:    0; SOL: [0 0 0 0 0 0 1 1 1 1 1 1 1 1 1 1 1 1 1 1 1 1 1 1 1 1 1 0 1 1 1 1 1 1 1 1]
