forms (68 classes; 5 packages; 270 deps)

Cycle #0: forms
S; MQ:  2,3559; MV:    0; DT:    0; SOL: [0 0 0 0 0 0 0 0 0 1 1 2 2 2 2 2 2 2 2 2 2 2 2 2 2 2 2 2 3 3 3 3 3 3 3 3 3 3 3 3 3 3 3 3 3 3 3 3 3 3 3 3 3 3 3 3 3 3 3 4 4 4 4 4 4 4 4 4]
C; MQ:  3,2519; MV:   17; DT:    0; SOL: [3 3 3 3 3 3 3 3 3 1 1 0 0 0 2 2 2 3 3 3 2 2 2 2 2 2 2 3 3 3 3 3 3 3 3 3 3 3 3 1 3 3 3 3 3 3 3 3 3 3 3 3 3 3 3 3 3 3 3 4 4 4 4 4 4 4 4 4]
I; MQ:  2,4832; MV:    5; DT:    0; SOL: [0 0 0 0 0 3 0 0 0 1 1 0 2 0 2 2 2 3 2 2 2 2 2 2 2 2 2 2 3 3 3 3 3 3 3 3 3 3 3 3 3 3 3 3 3 3 3 3 3 3 3 3 3 3 0 3 3 3 3 4 4 4 4 4 4 4 4 4]
I; MQ:  2,6402; MV:    8; DT:    1; SOL: [3 3 0 0 2 3 0 0 0 1 1 0 0 0 2 2 2 3 2 2 2 2 2 2 2 2 2 2 3 3 3 3 3 3 3 3 3 3 3 3 3 3 3 3 3 3 3 3 3 3 3 3 3 3 3 3 3 3 3 4 4 4 4 4 4 4 4 4]
I; MQ:  3,0932; MV:   12; DT:    2; SOL: [3 3 0 3 3 3 3 0 0 1 1 0 0 0 2 2 2 3 2 2 2 2 2 2 2 2 2 3 3 3 3 3 3 3 3 3 3 3 3 1 3 3 3 3 3 3 3 3 3 3 3 3 3 3 3 3 3 3 3 4 4 4 4 4 4 4 4 4]
I; MQ:  3,1681; MV:   17; DT:    2; SOL: [3 3 3 3 3 3 3 1 3 1 1 0 0 0 2 2 2 3 3 3 2 2 2 2 2 2 2 3 3 3 3 3 3 3 3 3 3 3 3 1 3 3 3 3 3 3 3 3 3 3 3 3 3 3 3 3 3 3 3 4 4 4 4 4 4 4 4 4]
I; MQ:  3,2519; MV:   17; DT:    3; SOL: [3 3 3 3 3 3 3 3 3 1 1 0 0 0 2 2 2 3 3 3 2 2 2 2 2 2 2 3 3 3 3 3 3 3 3 3 3 3 3 1 3 3 3 3 3 3 3 3 3 3 3 3 3 3 3 3 3 3 3 4 4 4 4 4 4 4 4 4]

Cycle #1: forms
S; MQ:  2,3559; MV:    0; DT:    0; SOL: [0 0 0 0 0 0 0 0 0 1 1 2 2 2 2 2 2 2 2 2 2 2 2 2 2 2 2 2 3 3 3 3 3 3 3 3 3 3 3 3 3 3 3 3 3 3 3 3 3 3 3 3 3 3 3 3 3 3 3 4 4 4 4 4 4 4 4 4]
C; MQ:  3,1583; MV:   18; DT:    0; SOL: [0 0 0 0 0 0 0 0 0 1 1 0 0 0 2 2 2 0 0 0 2 2 2 2 2 2 2 0 3 0 0 0 0 3 3 3 3 3 3 1 3 3 3 3 3 3 3 0 3 0 0 0 0 3 0 3 3 3 3 4 4 4 4 4 4 4 4 4]
I; MQ:  2,6813; MV:    5; DT:    0; SOL: [0 0 0 0 0 0 0 0 0 1 1 2 2 2 2 2 2 2 0 2 2 2 2 2 2 2 2 0 3 3 3 0 3 3 3 3 3 3 3 3 3 3 3 3 3 3 3 0 3 3 3 3 3 3 0 3 3 3 3 4 4 4 4 4 4 4 4 4]
I; MQ:  2,9558; MV:   10; DT:    0; SOL: [0 0 0 0 0 0 0 0 0 1 1 2 2 0 2 2 2 0 0 0 2 2 2 2 2 2 2 0 3 3 0 0 3 3 3 3 3 3 3 1 3 3 3 3 3 3 3 0 3 3 3 3 3 3 0 3 3 3 3 4 4 4 4 4 4 4 4 4]
I; MQ:  3,0911; MV:   15; DT:    0; SOL: [0 0 0 0 0 0 0 0 0 1 1 0 0 0 2 2 2 0 0 0 2 2 2 2 2 2 2 0 3 3 0 0 0 3 3 3 3 3 3 1 3 3 3 3 3 3 3 0 3 3 3 0 0 3 0 3 3 3 3 4 4 4 4 4 4 4 4 4]
I; MQ:  3,1583; MV:   18; DT:    0; SOL: [0 0 0 0 0 0 0 0 0 1 1 0 0 0 2 2 2 0 0 0 2 2 2 2 2 2 2 0 3 0 0 0 0 3 3 3 3 3 3 1 3 3 3 3 3 3 3 0 3 0 0 0 0 3 0 3 3 3 3 4 4 4 4 4 4 4 4 4]

Cycle #2: forms
S; MQ:  2,3559; MV:    0; DT:    0; SOL: [0 0 0 0 0 0 0 0 0 1 1 2 2 2 2 2 2 2 2 2 2 2 2 2 2 2 2 2 3 3 3 3 3 3 3 3 3 3 3 3 3 3 3 3 3 3 3 3 3 3 3 3 3 3 3 3 3 3 3 4 4 4 4 4 4 4 4 4]
C; MQ:  3,0789; MV:   15; DT:    0; SOL: [0 0 0 0 0 0 0 0 0 1 1 2 2 2 2 2 2 0 0 0 2 2 2 2 2 2 2 0 3 0 0 0 0 3 3 3 3 3 3 1 3 3 3 3 3 3 3 0 3 0 0 0 0 3 0 3 3 3 3 4 4 4 4 4 4 4 4 4]
I; MQ:  2,6483; MV:    5; DT:    0; SOL: [0 0 0 0 0 3 0 0 0 1 1 2 2 2 2 2 2 2 0 2 2 2 2 2 2 2 2 2 3 3 3 3 0 3 3 3 3 3 3 1 3 3 3 3 3 3 3 3 3 3 3 3 3 3 0 3 3 3 3 4 4 4 4 4 4 4 4 4]
I; MQ:  2,7790; MV:    8; DT:    1; SOL: [0 0 0 0 0 0 0 0 0 1 1 2 2 2 2 2 2 2 0 2 2 2 2 2 2 2 2 2 3 0 0 0 0 3 3 3 3 3 3 1 3 3 3 3 3 3 3 0 3 3 3 3 3 3 0 3 3 3 3 4 4 4 4 4 4 4 4 4]
I; MQ:  2,8776; MV:   13; DT:    1; SOL: [0 0 0 0 0 0 0 0 0 1 1 2 2 2 2 2 2 0 0 2 2 2 2 2 2 2 2 2 3 0 0 0 0 3 3 3 3 3 3 1 3 3 3 3 3 3 3 0 3 0 0 0 0 3 0 3 3 3 3 4 4 4 4 4 4 4 4 4]
I; MQ:  3,0789; MV:   15; DT:    1; SOL: [0 0 0 0 0 0 0 0 0 1 1 2 2 2 2 2 2 0 0 0 2 2 2 2 2 2 2 0 3 0 0 0 0 3 3 3 3 3 3 1 3 3 3 3 3 3 3 0 3 0 0 0 0 3 0 3 3 3 3 4 4 4 4 4 4 4 4 4]

Cycle #3: forms
S; MQ:  2,3559; MV:    0; DT:    0; SOL: [0 0 0 0 0 0 0 0 0 1 1 2 2 2 2 2 2 2 2 2 2 2 2 2 2 2 2 2 3 3 3 3 3 3 3 3 3 3 3 3 3 3 3 3 3 3 3 3 3 3 3 3 3 3 3 3 3 3 3 4 4 4 4 4 4 4 4 4]
C; MQ:  3,1582; MV:   18; DT:    0; SOL: [0 0 0 0 0 0 0 0 0 1 1 0 0 0 2 2 2 3 0 0 2 2 2 2 2 2 2 0 3 3 3 3 0 0 0 0 3 3 3 1 3 3 3 3 3 3 3 0 3 0 0 0 0 3 0 3 3 3 3 4 4 4 4 4 4 4 4 4]
I; MQ:  2,4388; MV:    5; DT:    0; SOL: [0 3 0 0 0 0 0 0 0 1 1 2 2 2 2 2 2 3 2 2 2 2 2 2 2 2 2 2 3 3 3 3 0 0 3 0 3 3 3 3 3 3 3 3 3 3 3 3 3 3 3 3 3 3 3 3 3 3 3 4 4 4 4 4 4 4 4 4]
I; MQ:  2,7032; MV:    8; DT:    1; SOL: [0 0 0 0 0 0 0 0 0 1 1 2 2 0 2 2 2 3 2 2 2 2 2 2 2 2 2 0 3 3 3 3 0 0 0 0 3 3 3 3 3 3 3 3 3 3 3 0 3 3 3 3 3 3 3 3 3 3 3 4 4 4 4 4 4 4 4 4]
I; MQ:  2,9458; MV:   11; DT:    2; SOL: [0 0 0 0 0 0 0 0 0 1 1 0 2 0 2 2 2 3 0 2 2 2 2 2 2 2 2 0 3 3 3 3 0 0 0 0 3 3 3 1 3 3 3 3 3 3 3 3 3 3 3 3 0 3 3 3 3 3 3 4 4 4 4 4 4 4 4 4]
I; MQ:  3,0725; MV:   14; DT:    4; SOL: [0 0 0 0 0 0 0 0 0 1 1 0 0 0 2 2 2 3 0 0 2 2 2 2 2 2 2 0 3 3 3 3 0 0 0 0 3 3 3 1 3 3 3 3 3 3 3 0 3 3 3 3 3 3 0 3 3 3 3 4 4 4 4 4 4 4 4 4]
I; MQ:  3,1582; MV:   18; DT:    5; SOL: [0 0 0 0 0 0 0 0 0 1 1 0 0 0 2 2 2 3 0 0 2 2 2 2 2 2 2 0 3 3 3 3 0 0 0 0 3 3 3 1 3 3 3 3 3 3 3 0 3 0 0 0 0 3 0 3 3 3 3 4 4 4 4 4 4 4 4 4]

Cycle #4: forms
S; MQ:  2,3559; MV:    0; DT:    0; SOL: [0 0 0 0 0 0 0 0 0 1 1 2 2 2 2 2 2 2 2 2 2 2 2 2 2 2 2 2 3 3 3 3 3 3 3 3 3 3 3 3 3 3 3 3 3 3 3 3 3 3 3 3 3 3 3 3 3 3 3 4 4 4 4 4 4 4 4 4]
C; MQ:  3,1583; MV:   18; DT:    0; SOL: [0 0 0 0 0 0 0 0 0 1 1 0 0 0 2 2 2 0 0 0 2 2 2 2 2 2 2 0 3 0 0 0 0 3 3 3 3 3 3 1 3 3 3 3 3 3 3 0 3 0 0 0 0 3 0 3 3 3 3 4 4 4 4 4 4 4 4 4]
I; MQ:  2,6363; MV:    5; DT:    0; SOL: [0 0 0 0 2 0 0 0 0 1 1 2 2 2 2 2 2 2 2 2 2 2 2 2 2 2 2 2 3 3 3 3 3 3 3 3 3 3 3 1 3 3 3 3 3 3 0 0 3 3 3 3 3 3 0 3 3 3 3 4 4 4 4 4 4 4 4 4]
I; MQ:  2,7843; MV:    8; DT:    1; SOL: [0 0 0 0 2 0 0 0 0 1 1 2 2 2 2 2 2 0 2 2 2 2 2 2 2 2 2 2 3 0 0 0 3 3 3 3 3 3 3 1 3 3 3 3 3 3 3 0 3 3 3 3 3 3 0 3 3 3 3 4 4 4 4 4 4 4 4 4]
I; MQ:  3,0003; MV:   11; DT:    2; SOL: [0 0 0 0 0 0 0 0 0 1 1 2 0 0 2 2 2 0 0 2 2 2 2 2 2 2 2 0 3 0 0 0 3 3 3 3 3 3 3 1 3 3 3 3 3 3 3 0 3 3 3 3 3 3 0 3 3 3 3 4 4 4 4 4 4 4 4 4]
I; MQ:  3,1210; MV:   16; DT:    2; SOL: [0 0 0 0 0 0 0 0 0 1 1 0 0 0 2 2 2 0 0 2 2 2 2 2 2 2 2 0 3 0 0 0 0 3 3 3 3 3 3 1 3 3 3 3 3 3 3 0 3 0 3 0 0 3 0 3 3 3 3 4 4 4 4 4 4 4 4 4]
I; MQ:  3,1583; MV:   18; DT:    2; SOL: [0 0 0 0 0 0 0 0 0 1 1 0 0 0 2 2 2 0 0 0 2 2 2 2 2 2 2 0 3 0 0 0 0 3 3 3 3 3 3 1 3 3 3 3 3 3 3 0 3 0 0 0 0 3 0 3 3 3 3 4 4 4 4 4 4 4 4 4]

Cycle #5: forms
S; MQ:  2,3559; MV:    0; DT:    0; SOL: [0 0 0 0 0 0 0 0 0 1 1 2 2 2 2 2 2 2 2 2 2 2 2 2 2 2 2 2 3 3 3 3 3 3 3 3 3 3 3 3 3 3 3 3 3 3 3 3 3 3 3 3 3 3 3 3 3 3 3 4 4 4 4 4 4 4 4 4]
C; MQ:  3,1582; MV:   18; DT:    0; SOL: [0 0 0 0 0 0 0 0 0 1 1 0 0 0 2 2 2 3 0 0 2 2 2 2 2 2 2 0 3 3 3 3 0 0 0 0 3 3 3 1 3 3 3 3 3 3 3 0 3 0 0 0 0 3 0 3 3 3 3 4 4 4 4 4 4 4 4 4]
I; MQ:  2,6908; MV:    5; DT:    0; SOL: [0 0 0 0 0 0 0 0 0 1 1 2 2 2 2 2 2 2 0 0 2 2 2 2 2 2 2 0 3 3 3 3 0 3 3 3 3 3 3 3 3 3 3 3 3 3 3 0 3 3 3 3 3 3 3 3 3 3 3 4 4 4 4 4 4 4 4 4]
I; MQ:  3,0209; MV:   10; DT:    0; SOL: [0 0 0 0 0 0 0 0 0 1 1 0 0 0 2 2 2 3 0 0 2 2 2 2 2 2 2 0 3 3 3 3 0 3 3 3 3 3 3 1 3 3 3 3 3 3 3 0 3 3 3 3 3 3 3 3 3 3 3 4 4 4 4 4 4 4 4 4]
I; MQ:  3,0977; MV:   15; DT:    0; SOL: [0 0 0 0 0 0 0 0 0 1 1 0 0 0 2 2 2 3 0 0 2 2 2 2 2 2 2 0 3 3 3 3 0 0 0 0 3 3 3 1 3 3 3 3 3 3 3 0 3 3 3 3 0 3 0 3 3 3 3 4 4 4 4 4 4 4 4 4]
I; MQ:  3,1582; MV:   18; DT:    0; SOL: [0 0 0 0 0 0 0 0 0 1 1 0 0 0 2 2 2 3 0 0 2 2 2 2 2 2 2 0 3 3 3 3 0 0 0 0 3 3 3 1 3 3 3 3 3 3 3 0 3 0 0 0 0 3 0 3 3 3 3 4 4 4 4 4 4 4 4 4]

Cycle #6: forms
S; MQ:  2,3559; MV:    0; DT:    0; SOL: [0 0 0 0 0 0 0 0 0 1 1 2 2 2 2 2 2 2 2 2 2 2 2 2 2 2 2 2 3 3 3 3 3 3 3 3 3 3 3 3 3 3 3 3 3 3 3 3 3 3 3 3 3 3 3 3 3 3 3 4 4 4 4 4 4 4 4 4]
C; MQ:  3,1893; MV:   14; DT:    0; SOL: [3 3 0 3 3 3 3 0 0 1 1 0 0 0 2 2 2 3 0 0 2 2 2 2 2 2 2 3 3 3 3 3 3 3 3 3 3 3 3 1 3 3 3 3 3 3 3 3 3 3 3 3 3 3 3 3 3 3 3 4 4 4 4 4 4 4 4 4]
I; MQ:  2,6568; MV:    5; DT:    0; SOL: [0 0 0 0 0 3 0 0 0 1 1 0 2 0 2 2 2 2 2 2 2 2 2 2 2 2 2 2 3 3 3 3 0 3 3 3 3 3 3 1 3 3 3 3 3 3 3 3 3 3 3 3 3 3 3 3 3 3 3 4 4 4 4 4 4 4 4 4]
I; MQ:  2,8464; MV:    8; DT:    1; SOL: [3 3 0 0 0 3 0 0 0 1 1 0 0 0 2 2 2 2 0 2 2 2 2 2 2 2 2 2 3 3 3 3 3 3 3 3 3 3 3 1 3 3 3 3 3 3 3 3 3 3 3 3 3 3 3 3 3 3 3 4 4 4 4 4 4 4 4 4]
I; MQ:  3,1821; MV:   13; DT:    1; SOL: [3 3 0 3 3 3 0 0 0 1 1 0 0 0 2 2 2 3 0 0 2 2 2 2 2 2 2 3 3 3 3 3 3 3 3 3 3 3 3 1 3 3 3 3 3 3 3 3 3 3 3 3 3 3 3 3 3 3 3 4 4 4 4 4 4 4 4 4]
I; MQ:  3,1893; MV:   14; DT:    1; SOL: [3 3 0 3 3 3 3 0 0 1 1 0 0 0 2 2 2 3 0 0 2 2 2 2 2 2 2 3 3 3 3 3 3 3 3 3 3 3 3 1 3 3 3 3 3 3 3 3 3 3 3 3 3 3 3 3 3 3 3 4 4 4 4 4 4 4 4 4]

Cycle #7: forms
S; MQ:  2,3559; MV:    0; DT:    0; SOL: [0 0 0 0 0 0 0 0 0 1 1 2 2 2 2 2 2 2 2 2 2 2 2 2 2 2 2 2 3 3 3 3 3 3 3 3 3 3 3 3 3 3 3 3 3 3 3 3 3 3 3 3 3 3 3 3 3 3 3 4 4 4 4 4 4 4 4 4]
C; MQ:  3,1582; MV:   18; DT:    0; SOL: [0 0 0 0 0 0 0 0 0 1 1 0 0 0 2 2 2 3 0 0 2 2 2 2 2 2 2 0 3 3 3 3 0 0 0 0 3 3 3 1 3 3 3 3 3 3 3 0 3 0 0 0 0 3 0 3 3 3 3 4 4 4 4 4 4 4 4 4]
I; MQ:  2,6519; MV:    5; DT:    0; SOL: [0 0 0 0 0 0 0 0 0 1 1 2 2 2 2 2 2 3 2 2 2 2 2 2 2 2 2 2 3 3 3 3 0 3 3 0 3 3 3 1 3 3 3 3 3 3 3 3 3 3 3 3 3 3 0 3 3 3 3 4 4 4 4 4 4 4 4 4]
I; MQ:  2,7842; MV:   10; DT:    0; SOL: [0 0 0 0 0 0 0 0 0 1 1 0 2 0 2 2 2 3 2 2 2 2 2 2 2 2 2 2 3 3 3 3 0 3 3 0 3 3 3 1 3 3 3 3 3 3 3 3 3 3 0 0 0 3 0 3 3 3 3 4 4 4 4 4 4 4 4 4]
I; MQ:  3,0475; MV:   15; DT:    0; SOL: [0 0 0 0 0 0 0 0 0 1 1 0 2 0 2 2 2 3 2 2 2 2 2 2 2 2 2 0 3 3 3 3 0 0 0 0 3 3 3 1 3 3 3 3 3 3 3 0 3 0 0 0 0 3 0 3 3 3 3 4 4 4 4 4 4 4 4 4]
I; MQ:  3,1582; MV:   18; DT:    0; SOL: [0 0 0 0 0 0 0 0 0 1 1 0 0 0 2 2 2 3 0 0 2 2 2 2 2 2 2 0 3 3 3 3 0 0 0 0 3 3 3 1 3 3 3 3 3 3 3 0 3 0 0 0 0 3 0 3 3 3 3 4 4 4 4 4 4 4 4 4]

Cycle #8: forms
S; MQ:  2,3559; MV:    0; DT:    0; SOL: [0 0 0 0 0 0 0 0 0 1 1 2 2 2 2 2 2 2 2 2 2 2 2 2 2 2 2 2 3 3 3 3 3 3 3 3 3 3 3 3 3 3 3 3 3 3 3 3 3 3 3 3 3 3 3 3 3 3 3 4 4 4 4 4 4 4 4 4]
C; MQ:  3,1583; MV:   18; DT:    0; SOL: [0 0 0 0 0 0 0 0 0 1 1 0 0 0 2 2 2 0 0 0 2 2 2 2 2 2 2 0 3 0 0 0 0 3 3 3 3 3 3 1 3 3 3 3 3 3 3 0 3 0 0 0 0 3 0 3 3 3 3 4 4 4 4 4 4 4 4 4]
I; MQ:  2,6481; MV:    5; DT:    0; SOL: [0 0 0 3 2 3 0 0 0 1 1 2 2 2 2 2 2 2 2 2 2 2 2 2 2 2 2 2 3 3 3 0 3 3 3 3 3 3 3 1 3 3 3 3 3 3 3 3 3 3 3 3 3 3 3 3 3 3 3 4 4 4 4 4 4 4 4 4]
I; MQ:  2,8351; MV:    6; DT:    2; SOL: [0 0 0 0 0 3 0 0 0 1 1 2 2 2 2 2 2 0 2 2 2 2 2 2 2 2 2 0 3 0 3 0 3 3 3 3 3 3 3 1 3 3 3 3 3 3 3 3 3 3 3 3 3 3 3 3 3 3 3 4 4 4 4 4 4 4 4 4]
I; MQ:  2,9098; MV:    9; DT:    3; SOL: [0 0 0 0 0 0 0 0 0 1 1 0 2 0 2 2 2 0 2 2 2 2 2 2 2 2 2 0 3 0 3 0 3 3 3 3 3 3 3 1 3 3 3 3 3 3 3 0 3 3 3 3 3 3 0 3 3 3 3 4 4 4 4 4 4 4 4 4]
I; MQ:  3,0382; MV:   14; DT:    3; SOL: [0 0 0 0 0 0 0 0 0 1 1 0 2 0 2 2 2 0 2 2 2 2 2 2 2 2 2 0 3 0 0 0 0 3 3 3 3 3 3 1 3 3 3 3 3 3 3 0 3 3 0 0 0 3 0 3 3 3 3 4 4 4 4 4 4 4 4 4]
I; MQ:  3,1583; MV:   18; DT:    3; SOL: [0 0 0 0 0 0 0 0 0 1 1 0 0 0 2 2 2 0 0 0 2 2 2 2 2 2 2 0 3 0 0 0 0 3 3 3 3 3 3 1 3 3 3 3 3 3 3 0 3 0 0 0 0 3 0 3 3 3 3 4 4 4 4 4 4 4 4 4]

Cycle #9: forms
S; MQ:  2,3559; MV:    0; DT:    0; SOL: [0 0 0 0 0 0 0 0 0 1 1 2 2 2 2 2 2 2 2 2 2 2 2 2 2 2 2 2 3 3 3 3 3 3 3 3 3 3 3 3 3 3 3 3 3 3 3 3 3 3 3 3 3 3 3 3 3 3 3 4 4 4 4 4 4 4 4 4]
C; MQ:  3,1582; MV:   18; DT:    0; SOL: [0 0 0 0 0 0 0 0 0 1 1 0 0 0 2 2 2 3 0 0 2 2 2 2 2 2 2 0 3 3 3 3 0 0 0 0 3 3 3 1 3 3 3 3 3 3 3 0 3 0 0 0 0 3 0 3 3 3 3 4 4 4 4 4 4 4 4 4]
I; MQ:  2,8704; MV:    5; DT:    0; SOL: [0 0 0 0 0 3 0 0 0 1 1 2 0 0 2 2 2 2 2 2 2 2 2 2 2 2 2 0 3 3 3 3 3 3 3 3 3 3 3 1 3 3 3 3 3 3 3 3 3 3 3 3 3 3 3 3 3 3 3 4 4 4 4 4 4 4 4 4]
I; MQ:  2,9213; MV:    8; DT:    1; SOL: [0 0 0 0 0 0 0 0 0 1 1 2 0 0 2 2 2 3 2 2 2 2 2 2 2 2 2 0 3 3 3 3 0 3 3 3 3 3 3 1 3 3 3 3 3 3 3 0 3 3 3 3 3 3 0 3 3 3 3 4 4 4 4 4 4 4 4 4]
I; MQ:  3,0427; MV:   13; DT:    1; SOL: [0 0 0 0 0 0 0 0 0 1 1 2 0 0 2 2 2 3 2 2 2 2 2 2 2 2 2 0 3 3 3 3 0 3 3 0 3 3 3 1 3 3 3 3 3 3 3 0 3 0 0 0 0 3 0 3 3 3 3 4 4 4 4 4 4 4 4 4]
I; MQ:  3,1582; MV:   18; DT:    1; SOL: [0 0 0 0 0 0 0 0 0 1 1 0 0 0 2 2 2 3 0 0 2 2 2 2 2 2 2 0 3 3 3 3 0 0 0 0 3 3 3 1 3 3 3 3 3 3 3 0 3 0 0 0 0 3 0 3 3 3 3 4 4 4 4 4 4 4 4 4]

Cycle #10: forms
S; MQ:  2,3559; MV:    0; DT:    0; SOL: [0 0 0 0 0 0 0 0 0 1 1 2 2 2 2 2 2 2 2 2 2 2 2 2 2 2 2 2 3 3 3 3 3 3 3 3 3 3 3 3 3 3 3 3 3 3 3 3 3 3 3 3 3 3 3 3 3 3 3 4 4 4 4 4 4 4 4 4]
C; MQ:  3,1022; MV:   12; DT:    0; SOL: [3 0 0 3 3 3 0 0 0 1 1 2 2 2 2 2 2 0 0 0 2 2 2 2 2 2 2 3 3 0 0 0 3 3 3 3 3 3 3 1 3 3 3 3 3 3 3 3 3 3 3 3 3 3 3 3 3 3 3 4 4 4 4 4 4 4 4 4]
I; MQ:  2,4804; MV:    5; DT:    0; SOL: [0 0 0 0 2 3 0 0 0 1 1 2 2 2 2 2 2 3 2 2 2 2 2 2 2 2 2 2 3 0 3 0 3 3 3 3 3 3 3 3 3 3 3 3 3 3 3 3 3 3 3 3 3 3 3 3 3 3 3 4 4 4 4 4 4 4 4 4]
I; MQ:  2,8616; MV:    9; DT:    1; SOL: [3 0 0 0 2 3 0 0 0 1 1 2 2 2 2 2 2 0 0 2 2 2 2 2 2 2 2 2 3 0 0 0 3 3 3 3 3 3 3 1 3 3 3 3 3 3 3 3 3 3 3 3 3 3 3 3 3 3 3 4 4 4 4 4 4 4 4 4]
I; MQ:  3,1022; MV:   12; DT:    2; SOL: [3 0 0 3 3 3 0 0 0 1 1 2 2 2 2 2 2 0 0 0 2 2 2 2 2 2 2 3 3 0 0 0 3 3 3 3 3 3 3 1 3 3 3 3 3 3 3 3 3 3 3 3 3 3 3 3 3 3 3 4 4 4 4 4 4 4 4 4]

Cycle #11: forms
S; MQ:  2,3559; MV:    0; DT:    0; SOL: [0 0 0 0 0 0 0 0 0 1 1 2 2 2 2 2 2 2 2 2 2 2 2 2 2 2 2 2 3 3 3 3 3 3 3 3 3 3 3 3 3 3 3 3 3 3 3 3 3 3 3 3 3 3 3 3 3 3 3 4 4 4 4 4 4 4 4 4]
C; MQ:  3,1582; MV:   18; DT:    0; SOL: [0 0 0 0 0 0 0 0 0 1 1 0 0 0 2 2 2 3 0 0 2 2 2 2 2 2 2 0 3 3 3 3 0 0 0 0 3 3 3 1 3 3 3 3 3 3 3 0 3 0 0 0 0 3 0 3 3 3 3 4 4 4 4 4 4 4 4 4]
I; MQ:  2,4545; MV:    5; DT:    0; SOL: [0 0 0 0 0 0 0 0 0 1 1 2 2 2 2 2 2 3 2 2 2 2 2 2 2 2 2 2 3 3 3 3 3 3 3 0 3 3 3 3 3 3 3 3 3 3 3 3 3 3 3 0 0 3 0 3 3 3 3 4 4 4 4 4 4 4 4 4]
I; MQ:  2,5382; MV:    8; DT:    1; SOL: [0 0 0 0 2 3 0 0 0 1 1 2 2 2 2 2 2 3 0 2 2 2 2 2 2 2 2 2 3 3 3 3 3 3 3 3 3 3 3 3 3 3 3 3 3 3 3 3 3 0 3 0 0 3 0 3 3 3 3 4 4 4 4 4 4 4 4 4]
I; MQ:  2,9827; MV:    9; DT:    3; SOL: [0 0 0 0 0 0 0 0 0 1 1 2 2 2 2 2 2 3 0 2 2 2 2 2 2 2 2 0 3 3 3 3 0 3 3 3 3 3 3 1 3 3 3 3 3 3 3 3 3 0 3 0 0 3 0 3 3 3 3 4 4 4 4 4 4 4 4 4]
I; MQ:  3,1060; MV:   14; DT:    4; SOL: [0 0 0 0 0 0 0 0 0 1 1 0 0 0 2 2 2 3 0 2 2 2 2 2 2 2 2 0 3 3 3 3 0 0 3 0 3 3 3 1 3 3 3 3 3 3 3 3 3 0 3 0 0 3 0 3 3 3 3 4 4 4 4 4 4 4 4 4]
I; MQ:  3,1582; MV:   18; DT:    4; SOL: [0 0 0 0 0 0 0 0 0 1 1 0 0 0 2 2 2 3 0 0 2 2 2 2 2 2 2 0 3 3 3 3 0 0 0 0 3 3 3 1 3 3 3 3 3 3 3 0 3 0 0 0 0 3 0 3 3 3 3 4 4 4 4 4 4 4 4 4]

Cycle #12: forms
S; MQ:  2,3559; MV:    0; DT:    0; SOL: [0 0 0 0 0 0 0 0 0 1 1 2 2 2 2 2 2 2 2 2 2 2 2 2 2 2 2 2 3 3 3 3 3 3 3 3 3 3 3 3 3 3 3 3 3 3 3 3 3 3 3 3 3 3 3 3 3 3 3 4 4 4 4 4 4 4 4 4]
C; MQ:  3,1416; MV:   16; DT:    0; SOL: [3 3 0 3 3 3 3 0 2 1 1 2 2 2 0 0 0 0 2 2 2 2 2 2 2 2 2 3 3 0 0 0 3 3 3 3 3 3 3 1 3 3 3 3 3 3 3 3 3 3 3 3 3 3 3 3 3 3 3 4 4 4 4 4 4 4 4 4]
I; MQ:  2,6640; MV:    5; DT:    0; SOL: [0 0 0 3 0 3 0 0 0 1 1 2 2 2 2 2 2 2 2 2 2 2 2 2 2 2 2 2 3 0 3 0 3 3 3 3 3 3 3 1 3 3 3 3 3 3 3 3 3 3 3 3 3 3 3 3 3 3 3 4 4 4 4 4 4 4 4 4]
I; MQ:  2,8813; MV:   10; DT:    0; SOL: [0 3 0 3 0 3 0 0 0 1 1 2 2 2 0 2 0 0 2 2 2 2 2 2 2 2 2 3 3 0 3 0 3 3 3 3 3 3 3 1 3 3 3 3 3 3 3 3 3 3 3 3 3 3 3 3 3 3 3 4 4 4 4 4 4 4 4 4]
I; MQ:  3,1329; MV:   15; DT:    0; SOL: [3 3 0 3 3 3 0 0 2 1 1 2 2 2 0 0 0 0 2 2 2 2 2 2 2 2 2 3 3 0 0 0 3 3 3 3 3 3 3 1 3 3 3 3 3 3 3 3 3 3 3 3 3 3 3 3 3 3 3 4 4 4 4 4 4 4 4 4]
I; MQ:  3,1416; MV:   16; DT:    0; SOL: [3 3 0 3 3 3 3 0 2 1 1 2 2 2 0 0 0 0 2 2 2 2 2 2 2 2 2 3 3 0 0 0 3 3 3 3 3 3 3 1 3 3 3 3 3 3 3 3 3 3 3 3 3 3 3 3 3 3 3 4 4 4 4 4 4 4 4 4]

Cycle #13: forms
S; MQ:  2,3559; MV:    0; DT:    0; SOL: [0 0 0 0 0 0 0 0 0 1 1 2 2 2 2 2 2 2 2 2 2 2 2 2 2 2 2 2 3 3 3 3 3 3 3 3 3 3 3 3 3 3 3 3 3 3 3 3 3 3 3 3 3 3 3 3 3 3 3 4 4 4 4 4 4 4 4 4]
C; MQ:  3,0789; MV:   15; DT:    0; SOL: [0 0 0 0 0 0 0 0 0 1 1 2 2 2 2 2 2 0 0 0 2 2 2 2 2 2 2 0 3 0 0 0 0 3 3 3 3 3 3 1 3 3 3 3 3 3 3 0 3 0 0 0 0 3 0 3 3 3 3 4 4 4 4 4 4 4 4 4]
I; MQ:  2,6893; MV:    5; DT:    0; SOL: [0 0 0 0 0 0 0 0 0 1 1 2 2 2 2 2 2 2 2 2 2 2 2 2 2 2 2 2 3 3 3 3 0 3 3 3 3 3 3 1 3 3 3 3 3 3 3 3 3 0 3 0 3 3 0 3 3 3 3 4 4 4 4 4 4 4 4 4]
I; MQ:  2,7672; MV:   10; DT:    0; SOL: [0 0 0 0 2 0 0 0 0 1 1 2 2 2 2 2 2 2 0 2 2 2 2 2 2 2 2 2 3 3 3 0 0 3 3 3 3 3 3 1 3 3 3 3 3 3 3 0 3 0 0 0 3 3 0 3 3 3 3 4 4 4 4 4 4 4 4 4]
I; MQ:  3,0356; MV:   15; DT:    0; SOL: [0 0 0 0 2 0 0 0 0 1 1 2 2 2 2 2 2 2 0 0 2 2 2 2 2 2 2 0 3 0 0 0 0 3 3 3 3 3 3 1 3 3 3 3 3 3 3 0 3 0 0 0 0 3 0 3 3 3 3 4 4 4 4 4 4 4 4 4]
I; MQ:  3,0789; MV:   15; DT:    1; SOL: [0 0 0 0 0 0 0 0 0 1 1 2 2 2 2 2 2 0 0 0 2 2 2 2 2 2 2 0 3 0 0 0 0 3 3 3 3 3 3 1 3 3 3 3 3 3 3 0 3 0 0 0 0 3 0 3 3 3 3 4 4 4 4 4 4 4 4 4]

Cycle #14: forms
S; MQ:  2,3559; MV:    0; DT:    0; SOL: [0 0 0 0 0 0 0 0 0 1 1 2 2 2 2 2 2 2 2 2 2 2 2 2 2 2 2 2 3 3 3 3 3 3 3 3 3 3 3 3 3 3 3 3 3 3 3 3 3 3 3 3 3 3 3 3 3 3 3 4 4 4 4 4 4 4 4 4]
C; MQ:  3,2370; MV:   27; DT:    0; SOL: [0 0 0 0 0 0 0 0 0 1 1 0 0 0 2 2 2 0 0 0 2 2 2 2 2 2 2 0 3 0 0 0 0 0 0 0 3 3 3 1 3 3 3 3 3 3 0 0 0 0 0 0 0 3 0 0 0 0 0 4 4 4 4 4 4 4 4 4]
I; MQ:  2,4234; MV:    5; DT:    0; SOL: [3 0 0 0 2 0 0 0 0 1 1 2 2 2 2 2 2 2 2 0 2 2 2 2 2 2 2 2 3 3 0 3 3 3 3 3 3 3 3 3 3 3 3 3 3 3 3 3 3 3 3 3 3 3 0 3 3 3 3 4 4 4 4 4 4 4 4 4]
I; MQ:  2,4547; MV:    6; DT:    2; SOL: [3 0 0 0 2 0 0 0 0 1 1 2 2 2 2 2 2 2 2 2 2 2 2 2 2 2 2 2 3 3 3 0 3 3 3 3 3 3 3 3 3 3 3 3 3 3 0 0 3 3 3 3 3 3 0 3 3 3 3 4 4 4 4 4 4 4 4 4]
I; MQ:  2,5381; MV:    7; DT:    5; SOL: [0 0 0 0 2 0 0 0 0 1 1 2 2 2 2 2 2 2 2 2 2 2 2 2 2 2 2 2 3 3 0 0 0 3 3 3 3 3 3 3 3 3 3 3 3 3 3 0 0 3 3 3 3 3 0 3 3 3 3 4 4 4 4 4 4 4 4 4]
I; MQ:  2,7929; MV:   10; DT:    7; SOL: [0 0 0 0 0 0 0 0 0 1 1 2 2 2 2 2 2 2 2 2 2 2 2 2 2 2 2 0 3 0 0 0 0 3 3 3 3 3 3 3 3 3 3 3 3 3 0 0 0 3 3 3 0 3 0 3 3 3 3 4 4 4 4 4 4 4 4 4]
I; MQ:  2,8221; MV:   15; DT:    7; SOL: [0 0 0 0 0 0 0 0 0 1 1 0 2 0 2 2 2 2 2 2 2 2 2 2 2 2 2 0 3 0 0 0 0 0 3 0 3 3 3 3 3 3 3 3 3 3 0 0 0 3 3 3 0 3 0 0 3 3 3 4 4 4 4 4 4 4 4 4]
I; MQ:  2,9137; MV:   18; DT:    8; SOL: [0 0 0 0 0 0 0 0 0 1 1 0 0 0 2 2 2 2 2 2 2 2 2 2 2 2 2 0 3 0 0 0 0 0 0 0 3 3 3 3 3 3 3 3 3 3 0 0 0 3 3 3 0 3 0 3 0 3 0 4 4 4 4 4 4 4 4 4]
I; MQ:  2,9754; MV:   23; DT:    9; SOL: [0 0 0 0 0 0 0 0 0 1 1 0 0 0 2 2 2 2 2 2 2 2 2 2 2 2 2 0 0 0 0 0 0 0 0 0 3 3 3 3 0 3 3 3 3 3 0 0 0 3 3 0 0 3 0 0 0 0 0 4 4 4 4 4 4 4 4 4]
I; MQ:  3,1903; MV:   24; DT:   11; SOL: [0 0 0 0 0 0 0 0 0 1 1 0 0 0 2 2 2 0 2 2 2 2 2 2 2 2 2 0 3 0 0 0 0 0 0 0 3 3 3 1 3 3 3 3 3 3 0 0 0 3 0 0 0 3 0 0 0 0 0 4 4 4 4 4 4 4 4 4]
I; MQ:  3,2370; MV:   27; DT:   12; SOL: [0 0 0 0 0 0 0 0 0 1 1 0 0 0 2 2 2 0 0 0 2 2 2 2 2 2 2 0 3 0 0 0 0 0 0 0 3 3 3 1 3 3 3 3 3 3 0 0 0 0 0 0 0 3 0 0 0 0 0 4 4 4 4 4 4 4 4 4]

Cycle #15: forms
S; MQ:  2,3559; MV:    0; DT:    0; SOL: [0 0 0 0 0 0 0 0 0 1 1 2 2 2 2 2 2 2 2 2 2 2 2 2 2 2 2 2 3 3 3 3 3 3 3 3 3 3 3 3 3 3 3 3 3 3 3 3 3 3 3 3 3 3 3 3 3 3 3 4 4 4 4 4 4 4 4 4]
C; MQ:  3,1582; MV:   18; DT:    0; SOL: [0 0 0 0 0 0 0 0 0 1 1 0 0 0 2 2 2 3 0 0 2 2 2 2 2 2 2 0 3 3 3 3 0 0 0 0 3 3 3 1 3 3 3 3 3 3 3 0 3 0 0 0 0 3 0 3 3 3 3 4 4 4 4 4 4 4 4 4]
I; MQ:  2,5109; MV:    5; DT:    0; SOL: [0 0 0 0 0 0 0 0 0 1 1 2 0 0 2 2 2 2 0 2 2 2 2 2 2 2 2 2 3 3 3 3 3 0 3 0 3 3 3 3 3 3 3 3 3 3 3 3 3 3 3 3 3 3 3 3 3 3 3 4 4 4 4 4 4 4 4 4]
I; MQ:  2,6320; MV:   10; DT:    0; SOL: [0 0 0 0 0 0 0 0 0 1 1 0 0 0 2 2 2 2 0 0 2 2 2 2 2 2 2 2 3 3 3 3 0 0 3 0 3 3 3 3 3 3 3 3 3 3 3 3 3 3 3 3 0 3 0 3 3 3 3 4 4 4 4 4 4 4 4 4]
I; MQ:  2,9417; MV:   15; DT:    0; SOL: [0 0 0 0 0 0 0 0 0 1 1 0 0 0 2 2 2 3 0 0 2 2 2 2 2 2 2 0 3 3 3 3 0 0 0 0 3 3 3 3 3 3 3 3 3 3 3 3 3 3 0 0 0 3 0 3 3 3 3 4 4 4 4 4 4 4 4 4]
I; MQ:  3,1582; MV:   18; DT:    0; SOL: [0 0 0 0 0 0 0 0 0 1 1 0 0 0 2 2 2 3 0 0 2 2 2 2 2 2 2 0 3 3 3 3 0 0 0 0 3 3 3 1 3 3 3 3 3 3 3 0 3 0 0 0 0 3 0 3 3 3 3 4 4 4 4 4 4 4 4 4]

Cycle #16: forms
S; MQ:  2,3559; MV:    0; DT:    0; SOL: [0 0 0 0 0 0 0 0 0 1 1 2 2 2 2 2 2 2 2 2 2 2 2 2 2 2 2 2 3 3 3 3 3 3 3 3 3 3 3 3 3 3 3 3 3 3 3 3 3 3 3 3 3 3 3 3 3 3 3 4 4 4 4 4 4 4 4 4]
C; MQ:  3,1582; MV:   18; DT:    0; SOL: [0 0 0 0 0 0 0 0 0 1 1 0 0 0 2 2 2 3 0 0 2 2 2 2 2 2 2 0 3 3 3 3 0 0 0 0 3 3 3 1 3 3 3 3 3 3 3 0 3 0 0 0 0 3 0 3 3 3 3 4 4 4 4 4 4 4 4 4]
I; MQ:  2,6815; MV:    5; DT:    0; SOL: [0 0 0 0 0 0 0 0 0 1 1 2 2 0 2 2 2 2 2 2 2 2 2 2 2 2 2 0 3 3 3 3 0 3 3 3 3 3 3 3 3 3 3 3 3 3 3 0 3 3 3 3 3 3 0 3 3 3 3 4 4 4 4 4 4 4 4 4]
I; MQ:  3,0080; MV:   10; DT:    0; SOL: [0 0 0 0 0 0 0 0 0 1 1 0 0 0 2 2 2 3 2 2 2 2 2 2 2 2 2 0 3 3 3 3 0 3 3 3 3 3 3 1 3 3 3 3 3 3 3 0 3 3 3 3 0 3 0 3 3 3 3 4 4 4 4 4 4 4 4 4]
I; MQ:  3,1281; MV:   15; DT:    0; SOL: [0 0 0 0 0 0 0 0 0 1 1 0 0 0 2 2 2 3 0 0 2 2 2 2 2 2 2 0 3 3 3 3 0 3 3 3 3 3 3 1 3 3 3 3 3 3 3 0 3 0 0 0 0 3 0 3 3 3 3 4 4 4 4 4 4 4 4 4]
I; MQ:  3,1582; MV:   18; DT:    0; SOL: [0 0 0 0 0 0 0 0 0 1 1 0 0 0 2 2 2 3 0 0 2 2 2 2 2 2 2 0 3 3 3 3 0 0 0 0 3 3 3 1 3 3 3 3 3 3 3 0 3 0 0 0 0 3 0 3 3 3 3 4 4 4 4 4 4 4 4 4]

Cycle #17: forms
S; MQ:  2,3559; MV:    0; DT:    0; SOL: [0 0 0 0 0 0 0 0 0 1 1 2 2 2 2 2 2 2 2 2 2 2 2 2 2 2 2 2 3 3 3 3 3 3 3 3 3 3 3 3 3 3 3 3 3 3 3 3 3 3 3 3 3 3 3 3 3 3 3 4 4 4 4 4 4 4 4 4]
C; MQ:  3,1893; MV:   14; DT:    0; SOL: [3 3 0 3 3 3 3 0 0 1 1 0 0 0 2 2 2 3 0 0 2 2 2 2 2 2 2 3 3 3 3 3 3 3 3 3 3 3 3 1 3 3 3 3 3 3 3 3 3 3 3 3 3 3 3 3 3 3 3 4 4 4 4 4 4 4 4 4]
I; MQ:  2,4896; MV:    5; DT:    0; SOL: [0 0 0 2 2 0 0 0 0 1 1 2 2 2 2 2 2 3 0 0 2 2 2 2 2 2 2 2 3 3 3 3 3 3 3 3 3 3 3 3 3 3 3 3 3 3 3 3 3 3 3 3 3 3 3 3 3 3 3 4 4 4 4 4 4 4 4 4]
I; MQ:  2,8879; MV:    7; DT:    2; SOL: [0 0 0 0 3 3 0 0 0 1 1 2 2 2 2 2 2 3 0 0 2 2 2 2 2 2 2 0 3 3 3 3 3 3 3 3 3 3 3 1 3 3 3 3 3 3 3 3 3 3 3 3 3 3 3 3 3 3 3 4 4 4 4 4 4 4 4 4]
I; MQ:  3,0536; MV:   10; DT:    3; SOL: [0 3 0 0 0 3 0 0 0 1 1 0 0 0 2 2 2 3 0 0 2 2 2 2 2 2 2 0 3 3 3 3 3 3 3 3 3 3 3 1 3 3 3 3 3 3 3 3 3 3 3 3 3 3 3 3 3 3 3 4 4 4 4 4 4 4 4 4]
I; MQ:  3,1893; MV:   14; DT:    6; SOL: [3 3 0 3 3 3 3 0 0 1 1 0 0 0 2 2 2 3 0 0 2 2 2 2 2 2 2 3 3 3 3 3 3 3 3 3 3 3 3 1 3 3 3 3 3 3 3 3 3 3 3 3 3 3 3 3 3 3 3 4 4 4 4 4 4 4 4 4]

Cycle #18: forms
S; MQ:  2,3559; MV:    0; DT:    0; SOL: [0 0 0 0 0 0 0 0 0 1 1 2 2 2 2 2 2 2 2 2 2 2 2 2 2 2 2 2 3 3 3 3 3 3 3 3 3 3 3 3 3 3 3 3 3 3 3 3 3 3 3 3 3 3 3 3 3 3 3 4 4 4 4 4 4 4 4 4]
C; MQ:  3,1022; MV:   12; DT:    0; SOL: [3 0 0 3 3 3 0 0 0 1 1 2 2 2 2 2 2 0 0 0 2 2 2 2 2 2 2 3 3 0 0 0 3 3 3 3 3 3 3 1 3 3 3 3 3 3 3 3 3 3 3 3 3 3 3 3 3 3 3 4 4 4 4 4 4 4 4 4]
I; MQ:  2,6365; MV:    5; DT:    0; SOL: [0 0 0 0 2 0 0 0 0 1 1 2 2 2 2 2 2 0 2 2 2 2 2 2 2 2 2 2 3 3 3 0 0 3 3 3 3 3 3 1 3 3 3 3 3 3 3 3 3 3 3 3 3 3 3 3 3 3 3 4 4 4 4 4 4 4 4 4]
I; MQ:  2,7255; MV:    8; DT:    1; SOL: [0 0 0 2 2 0 0 0 0 1 1 2 2 2 2 2 2 0 0 0 2 2 2 2 2 2 2 2 3 0 3 0 3 3 3 3 3 3 3 1 3 3 3 3 3 3 3 3 3 3 3 3 3 3 3 3 3 3 3 4 4 4 4 4 4 4 4 4]
I; MQ:  2,9732; MV:   12; DT:    2; SOL: [3 0 0 3 2 3 0 0 0 1 1 2 2 2 2 2 2 0 0 0 2 2 2 2 2 2 2 0 3 0 0 0 3 3 3 3 3 3 3 1 3 3 3 3 3 3 3 3 3 3 3 3 3 3 3 3 3 3 3 4 4 4 4 4 4 4 4 4]
I; MQ:  3,1022; MV:   12; DT:    4; SOL: [3 0 0 3 3 3 0 0 0 1 1 2 2 2 2 2 2 0 0 0 2 2 2 2 2 2 2 3 3 0 0 0 3 3 3 3 3 3 3 1 3 3 3 3 3 3 3 3 3 3 3 3 3 3 3 3 3 3 3 4 4 4 4 4 4 4 4 4]

Cycle #19: forms
S; MQ:  2,3559; MV:    0; DT:    0; SOL: [0 0 0 0 0 0 0 0 0 1 1 2 2 2 2 2 2 2 2 2 2 2 2 2 2 2 2 2 3 3 3 3 3 3 3 3 3 3 3 3 3 3 3 3 3 3 3 3 3 3 3 3 3 3 3 3 3 3 3 4 4 4 4 4 4 4 4 4]
C; MQ:  3,1583; MV:   18; DT:    0; SOL: [0 0 0 0 0 0 0 0 0 1 1 0 0 0 2 2 2 0 0 0 2 2 2 2 2 2 2 0 3 0 0 0 0 3 3 3 3 3 3 1 3 3 3 3 3 3 3 0 3 0 0 0 0 3 0 3 3 3 3 4 4 4 4 4 4 4 4 4]
I; MQ:  2,6784; MV:    5; DT:    0; SOL: [0 0 0 0 0 3 0 0 0 1 1 2 2 2 2 2 2 2 0 2 2 2 2 2 2 2 2 2 3 3 3 0 3 3 3 3 3 3 3 1 3 3 3 3 3 3 3 3 3 3 3 3 3 3 0 3 3 3 3 4 4 4 4 4 4 4 4 4]
I; MQ:  2,9199; MV:    8; DT:    1; SOL: [0 0 0 0 0 0 0 0 0 1 1 2 2 2 2 2 2 2 0 0 2 2 2 2 2 2 2 0 3 0 3 0 3 3 3 3 3 3 3 1 3 3 3 3 3 3 3 0 3 3 3 3 3 3 0 3 3 3 3 4 4 4 4 4 4 4 4 4]
I; MQ:  3,0879; MV:   13; DT:    1; SOL: [0 0 0 0 0 0 0 0 0 1 1 0 0 0 2 2 2 0 0 0 2 2 2 2 2 2 2 0 3 0 0 0 3 3 3 3 3 3 3 1 3 3 3 3 3 3 3 0 3 3 3 3 3 3 0 3 3 3 3 4 4 4 4 4 4 4 4 4]
I; MQ:  3,1583; MV:   18; DT:    1; SOL: [0 0 0 0 0 0 0 0 0 1 1 0 0 0 2 2 2 0 0 0 2 2 2 2 2 2 2 0 3 0 0 0 0 3 3 3 3 3 3 1 3 3 3 3 3 3 3 0 3 0 0 0 0 3 0 3 3 3 3 4 4 4 4 4 4 4 4 4]

Cycle #20: forms
S; MQ:  2,3559; MV:    0; DT:    0; SOL: [0 0 0 0 0 0 0 0 0 1 1 2 2 2 2 2 2 2 2 2 2 2 2 2 2 2 2 2 3 3 3 3 3 3 3 3 3 3 3 3 3 3 3 3 3 3 3 3 3 3 3 3 3 3 3 3 3 3 3 4 4 4 4 4 4 4 4 4]
C; MQ:  3,1582; MV:   18; DT:    0; SOL: [0 0 0 0 0 0 0 0 0 1 1 0 0 0 2 2 2 3 0 0 2 2 2 2 2 2 2 0 3 3 3 3 0 0 0 0 3 3 3 1 3 3 3 3 3 3 3 0 3 0 0 0 0 3 0 3 3 3 3 4 4 4 4 4 4 4 4 4]
I; MQ:  2,4926; MV:    5; DT:    0; SOL: [0 0 0 0 0 0 0 0 0 1 1 2 2 2 2 2 2 2 2 2 2 2 2 2 2 2 2 2 3 3 3 3 0 3 0 0 3 3 3 3 3 3 3 3 3 3 3 3 3 3 3 3 0 3 0 3 3 3 3 4 4 4 4 4 4 4 4 4]
I; MQ:  2,7820; MV:    8; DT:    1; SOL: [0 0 0 0 0 0 0 0 0 1 1 0 0 0 2 2 2 2 2 2 2 2 2 2 2 2 2 2 3 3 3 3 0 3 3 0 3 3 3 1 3 3 3 3 3 3 3 3 3 3 3 3 0 3 0 3 3 3 3 4 4 4 4 4 4 4 4 4]
I; MQ:  2,8943; MV:   13; DT:    2; SOL: [0 0 0 0 0 0 0 0 0 1 1 0 0 0 2 2 2 2 2 2 2 2 2 2 2 2 2 2 3 3 3 3 0 0 0 0 3 3 3 1 3 3 3 3 3 3 3 3 3 0 0 0 0 3 0 3 3 3 3 4 4 4 4 4 4 4 4 4]
I; MQ:  3,1582; MV:   18; DT:    2; SOL: [0 0 0 0 0 0 0 0 0 1 1 0 0 0 2 2 2 3 0 0 2 2 2 2 2 2 2 0 3 3 3 3 0 0 0 0 3 3 3 1 3 3 3 3 3 3 3 0 3 0 0 0 0 3 0 3 3 3 3 4 4 4 4 4 4 4 4 4]

Cycle #21: forms
S; MQ:  2,3559; MV:    0; DT:    0; SOL: [0 0 0 0 0 0 0 0 0 1 1 2 2 2 2 2 2 2 2 2 2 2 2 2 2 2 2 2 3 3 3 3 3 3 3 3 3 3 3 3 3 3 3 3 3 3 3 3 3 3 3 3 3 3 3 3 3 3 3 4 4 4 4 4 4 4 4 4]
C; MQ:  3,0387; MV:   12; DT:    0; SOL: [0 0 0 0 0 0 0 0 0 1 1 2 2 2 2 2 2 3 0 0 2 2 2 2 2 2 2 0 3 3 3 3 0 3 3 3 3 3 3 1 3 3 3 3 3 3 3 0 3 0 0 0 0 3 0 3 3 3 3 4 4 4 4 4 4 4 4 4]
I; MQ:  2,6359; MV:    5; DT:    0; SOL: [0 0 0 0 0 0 0 0 0 1 1 2 2 2 2 2 2 3 2 2 2 2 2 2 2 2 2 2 3 3 3 3 3 3 3 0 3 3 3 1 3 3 3 3 3 3 3 3 3 3 3 3 0 3 0 3 3 3 3 4 4 4 4 4 4 4 4 4]
I; MQ:  2,8815; MV:   10; DT:    0; SOL: [0 3 0 0 0 0 0 0 0 1 1 2 2 2 2 2 2 3 2 2 2 2 2 2 2 2 2 0 3 3 3 3 3 3 0 0 3 3 3 1 3 3 3 3 3 3 3 3 3 3 0 0 0 3 0 3 3 3 3 4 4 4 4 4 4 4 4 4]
I; MQ:  2,9998; MV:   11; DT:    2; SOL: [0 0 0 0 0 0 0 0 0 1 1 2 2 2 2 2 2 3 2 2 2 2 2 2 2 2 2 0 3 3 3 3 0 3 3 0 3 3 3 1 3 3 3 3 3 3 3 0 3 0 0 0 0 3 0 3 3 3 3 4 4 4 4 4 4 4 4 4]
I; MQ:  3,0387; MV:   12; DT:    3; SOL: [0 0 0 0 0 0 0 0 0 1 1 2 2 2 2 2 2 3 0 0 2 2 2 2 2 2 2 0 3 3 3 3 0 3 3 3 3 3 3 1 3 3 3 3 3 3 3 0 3 0 0 0 0 3 0 3 3 3 3 4 4 4 4 4 4 4 4 4]

Cycle #22: forms
S; MQ:  2,3559; MV:    0; DT:    0; SOL: [0 0 0 0 0 0 0 0 0 1 1 2 2 2 2 2 2 2 2 2 2 2 2 2 2 2 2 2 3 3 3 3 3 3 3 3 3 3 3 3 3 3 3 3 3 3 3 3 3 3 3 3 3 3 3 3 3 3 3 4 4 4 4 4 4 4 4 4]
C; MQ:  3,1022; MV:   12; DT:    0; SOL: [3 0 0 3 3 3 0 0 0 1 1 2 2 2 2 2 2 0 0 0 2 2 2 2 2 2 2 3 3 0 0 0 3 3 3 3 3 3 3 1 3 3 3 3 3 3 3 3 3 3 3 3 3 3 3 3 3 3 3 4 4 4 4 4 4 4 4 4]
I; MQ:  2,7148; MV:    5; DT:    0; SOL: [0 0 0 0 0 0 0 0 0 1 1 2 2 2 2 2 2 2 2 2 2 2 2 2 2 2 2 2 3 0 0 0 0 3 3 3 3 3 3 1 3 3 3 3 3 3 3 3 3 3 3 3 3 3 3 3 3 3 3 4 4 4 4 4 4 4 4 4]
I; MQ:  2,7982; MV:    8; DT:    1; SOL: [2 0 0 3 2 0 0 0 0 1 1 2 2 2 2 2 2 0 2 2 2 2 2 2 2 2 2 2 3 0 0 0 3 3 3 3 3 3 3 1 3 3 3 3 3 3 3 3 3 3 3 3 3 3 3 3 3 3 3 4 4 4 4 4 4 4 4 4]
I; MQ:  3,0361; MV:   11; DT:    3; SOL: [3 0 0 3 3 0 0 0 0 1 1 2 2 2 2 2 2 0 0 0 2 2 2 2 2 2 2 3 3 0 0 0 3 3 3 3 3 3 3 1 3 3 3 3 3 3 3 3 3 3 3 3 3 3 3 3 3 3 3 4 4 4 4 4 4 4 4 4]
I; MQ:  3,1022; MV:   12; DT:    3; SOL: [3 0 0 3 3 3 0 0 0 1 1 2 2 2 2 2 2 0 0 0 2 2 2 2 2 2 2 3 3 0 0 0 3 3 3 3 3 3 3 1 3 3 3 3 3 3 3 3 3 3 3 3 3 3 3 3 3 3 3 4 4 4 4 4 4 4 4 4]

Cycle #23: forms
S; MQ:  2,3559; MV:    0; DT:    0; SOL: [0 0 0 0 0 0 0 0 0 1 1 2 2 2 2 2 2 2 2 2 2 2 2 2 2 2 2 2 3 3 3 3 3 3 3 3 3 3 3 3 3 3 3 3 3 3 3 3 3 3 3 3 3 3 3 3 3 3 3 4 4 4 4 4 4 4 4 4]
C; MQ:  3,1583; MV:   18; DT:    0; SOL: [0 0 0 0 0 0 0 0 0 1 1 0 0 0 2 2 2 0 0 0 2 2 2 2 2 2 2 0 3 0 0 0 0 3 3 3 3 3 3 1 3 3 3 3 3 3 3 0 3 0 0 0 0 3 0 3 3 3 3 4 4 4 4 4 4 4 4 4]
I; MQ:  2,6741; MV:    5; DT:    0; SOL: [0 0 0 3 0 0 0 0 0 1 1 2 2 2 2 2 2 2 2 2 2 2 2 2 2 2 2 2 3 3 0 0 3 3 3 3 3 3 3 1 3 3 3 3 3 3 3 3 3 3 3 3 3 3 0 3 3 3 3 4 4 4 4 4 4 4 4 4]
I; MQ:  2,8097; MV:    8; DT:    1; SOL: [0 0 0 0 0 0 0 0 0 1 1 0 0 0 2 2 2 2 2 2 2 2 2 2 2 2 2 2 3 0 0 0 3 3 3 3 3 3 3 1 3 3 3 3 3 3 3 3 3 3 3 3 3 3 0 3 3 3 3 4 4 4 4 4 4 4 4 4]
I; MQ:  3,0659; MV:   13; DT:    1; SOL: [0 0 0 0 0 0 0 0 0 1 1 0 0 0 2 2 2 2 2 2 2 2 2 2 2 2 2 0 3 0 0 0 0 3 3 3 3 3 3 1 3 3 3 3 3 3 3 0 3 3 3 0 0 3 0 3 3 3 3 4 4 4 4 4 4 4 4 4]
I; MQ:  3,1583; MV:   18; DT:    1; SOL: [0 0 0 0 0 0 0 0 0 1 1 0 0 0 2 2 2 0 0 0 2 2 2 2 2 2 2 0 3 0 0 0 0 3 3 3 3 3 3 1 3 3 3 3 3 3 3 0 3 0 0 0 0 3 0 3 3 3 3 4 4 4 4 4 4 4 4 4]

Cycle #24: forms
S; MQ:  2,3559; MV:    0; DT:    0; SOL: [0 0 0 0 0 0 0 0 0 1 1 2 2 2 2 2 2 2 2 2 2 2 2 2 2 2 2 2 3 3 3 3 3 3 3 3 3 3 3 3 3 3 3 3 3 3 3 3 3 3 3 3 3 3 3 3 3 3 3 4 4 4 4 4 4 4 4 4]
C; MQ:  3,1543; MV:   17; DT:    0; SOL: [3 3 0 0 3 3 0 0 0 1 1 0 0 0 2 2 2 3 0 0 2 2 2 2 2 2 2 3 3 3 3 3 3 0 0 0 3 3 3 1 3 3 3 3 3 3 3 3 3 3 3 3 3 3 3 3 0 3 0 4 4 4 4 4 4 4 4 4]
I; MQ:  2,8898; MV:    5; DT:    0; SOL: [0 0 0 0 0 0 0 0 0 1 1 2 0 0 2 2 2 2 0 2 2 2 2 2 2 2 2 0 3 3 3 3 3 3 3 3 3 3 3 1 3 3 3 3 3 3 3 3 3 3 3 3 3 3 3 3 3 3 3 4 4 4 4 4 4 4 4 4]
I; MQ:  2,9382; MV:   10; DT:    0; SOL: [0 3 0 0 0 3 0 0 0 1 1 2 0 0 2 2 2 2 0 2 2 2 2 2 2 2 2 0 3 3 3 3 3 3 0 0 3 3 3 1 3 3 3 3 3 3 3 3 3 3 3 3 3 3 3 3 3 3 0 4 4 4 4 4 4 4 4 4]
I; MQ:  3,0317; MV:   14; DT:    1; SOL: [3 3 0 0 3 3 0 0 0 1 1 2 0 0 2 2 2 2 0 2 2 2 2 2 2 2 2 3 3 3 3 3 3 0 0 0 3 3 3 1 3 3 3 3 3 3 3 3 3 3 3 3 3 3 3 3 0 3 0 4 4 4 4 4 4 4 4 4]
I; MQ:  3,1543; MV:   17; DT:    1; SOL: [3 3 0 0 3 3 0 0 0 1 1 0 0 0 2 2 2 3 0 0 2 2 2 2 2 2 2 3 3 3 3 3 3 0 0 0 3 3 3 1 3 3 3 3 3 3 3 3 3 3 3 3 3 3 3 3 0 3 0 4 4 4 4 4 4 4 4 4]

Cycle #25: forms
S; MQ:  2,3559; MV:    0; DT:    0; SOL: [0 0 0 0 0 0 0 0 0 1 1 2 2 2 2 2 2 2 2 2 2 2 2 2 2 2 2 2 3 3 3 3 3 3 3 3 3 3 3 3 3 3 3 3 3 3 3 3 3 3 3 3 3 3 3 3 3 3 3 4 4 4 4 4 4 4 4 4]
C; MQ:  3,0387; MV:   12; DT:    0; SOL: [0 0 0 0 0 0 0 0 0 1 1 2 2 2 2 2 2 3 0 0 2 2 2 2 2 2 2 0 3 3 3 3 0 3 3 3 3 3 3 1 3 3 3 3 3 3 3 0 3 0 0 0 0 3 0 3 3 3 3 4 4 4 4 4 4 4 4 4]
I; MQ:  2,6635; MV:    5; DT:    0; SOL: [0 0 0 0 2 0 0 0 0 1 1 2 2 2 2 2 2 2 0 0 2 2 2 2 2 2 2 0 3 3 3 3 3 3 3 3 3 3 3 3 3 3 3 3 3 3 3 3 3 3 3 3 3 3 0 3 3 3 3 4 4 4 4 4 4 4 4 4]
I; MQ:  2,9314; MV:    8; DT:    1; SOL: [0 0 0 0 0 0 0 0 0 1 1 2 2 2 2 2 2 3 0 0 2 2 2 2 2 2 2 0 3 3 3 3 0 3 3 3 3 3 3 1 3 3 3 3 3 3 3 0 3 3 3 3 3 3 0 3 3 3 3 4 4 4 4 4 4 4 4 4]
I; MQ:  3,0387; MV:   12; DT:    1; SOL: [0 0 0 0 0 0 0 0 0 1 1 2 2 2 2 2 2 3 0 0 2 2 2 2 2 2 2 0 3 3 3 3 0 3 3 3 3 3 3 1 3 3 3 3 3 3 3 0 3 0 0 0 0 3 0 3 3 3 3 4 4 4 4 4 4 4 4 4]

Cycle #26: forms
S; MQ:  2,3559; MV:    0; DT:    0; SOL: [0 0 0 0 0 0 0 0 0 1 1 2 2 2 2 2 2 2 2 2 2 2 2 2 2 2 2 2 3 3 3 3 3 3 3 3 3 3 3 3 3 3 3 3 3 3 3 3 3 3 3 3 3 3 3 3 3 3 3 4 4 4 4 4 4 4 4 4]
C; MQ:  3,1022; MV:   12; DT:    0; SOL: [3 0 0 3 3 3 0 0 0 1 1 2 2 2 2 2 2 0 0 0 2 2 2 2 2 2 2 3 3 0 0 0 3 3 3 3 3 3 3 1 3 3 3 3 3 3 3 3 3 3 3 3 3 3 3 3 3 3 3 4 4 4 4 4 4 4 4 4]
I; MQ:  2,4818; MV:    5; DT:    0; SOL: [0 0 0 0 2 3 0 0 0 1 1 2 2 2 2 2 2 2 0 2 2 2 2 2 2 2 2 2 3 0 0 3 3 3 3 3 3 3 3 3 3 3 3 3 3 3 3 3 3 3 3 3 3 3 3 3 3 3 3 4 4 4 4 4 4 4 4 4]
I; MQ:  2,8665; MV:   10; DT:    0; SOL: [3 0 0 3 2 3 0 0 0 1 1 2 2 2 2 2 2 2 0 0 2 2 2 2 2 2 2 0 3 0 0 3 3 3 3 3 3 3 3 1 3 3 3 3 3 3 3 3 3 3 3 3 3 3 3 3 3 3 3 4 4 4 4 4 4 4 4 4]
I; MQ:  3,1022; MV:   12; DT:    2; SOL: [3 0 0 3 3 3 0 0 0 1 1 2 2 2 2 2 2 0 0 0 2 2 2 2 2 2 2 3 3 0 0 0 3 3 3 3 3 3 3 1 3 3 3 3 3 3 3 3 3 3 3 3 3 3 3 3 3 3 3 4 4 4 4 4 4 4 4 4]

Cycle #27: forms
S; MQ:  2,3559; MV:    0; DT:    0; SOL: [0 0 0 0 0 0 0 0 0 1 1 2 2 2 2 2 2 2 2 2 2 2 2 2 2 2 2 2 3 3 3 3 3 3 3 3 3 3 3 3 3 3 3 3 3 3 3 3 3 3 3 3 3 3 3 3 3 3 3 4 4 4 4 4 4 4 4 4]
C; MQ:  3,1022; MV:   12; DT:    0; SOL: [3 0 0 3 3 3 0 0 0 1 1 2 2 2 2 2 2 0 0 0 2 2 2 2 2 2 2 3 3 0 0 0 3 3 3 3 3 3 3 1 3 3 3 3 3 3 3 3 3 3 3 3 3 3 3 3 3 3 3 4 4 4 4 4 4 4 4 4]
I; MQ:  2,4907; MV:    5; DT:    0; SOL: [0 0 0 0 0 0 0 0 0 1 1 2 2 2 2 2 2 2 0 2 2 2 2 2 2 2 2 2 3 0 3 0 0 3 3 3 3 3 3 3 3 3 3 3 3 3 3 0 3 3 3 3 3 3 3 3 3 3 3 4 4 4 4 4 4 4 4 4]
I; MQ:  2,7912; MV:   10; DT:    0; SOL: [0 0 0 3 2 0 0 0 0 1 1 2 2 2 2 2 2 2 0 0 2 2 2 2 2 2 2 2 3 0 0 0 0 3 3 3 3 3 3 1 3 3 3 3 3 3 3 0 3 3 3 3 3 3 3 3 3 3 3 4 4 4 4 4 4 4 4 4]
I; MQ:  2,9323; MV:   11; DT:    2; SOL: [3 0 0 3 2 3 0 0 0 1 1 2 2 2 2 2 2 0 0 0 2 2 2 2 2 2 2 2 3 0 0 0 3 3 3 3 3 3 3 1 3 3 3 3 3 3 3 3 3 3 3 3 3 3 3 3 3 3 3 4 4 4 4 4 4 4 4 4]
I; MQ:  3,1022; MV:   12; DT:    3; SOL: [3 0 0 3 3 3 0 0 0 1 1 2 2 2 2 2 2 0 0 0 2 2 2 2 2 2 2 3 3 0 0 0 3 3 3 3 3 3 3 1 3 3 3 3 3 3 3 3 3 3 3 3 3 3 3 3 3 3 3 4 4 4 4 4 4 4 4 4]

Cycle #28: forms
S; MQ:  2,3559; MV:    0; DT:    0; SOL: [0 0 0 0 0 0 0 0 0 1 1 2 2 2 2 2 2 2 2 2 2 2 2 2 2 2 2 2 3 3 3 3 3 3 3 3 3 3 3 3 3 3 3 3 3 3 3 3 3 3 3 3 3 3 3 3 3 3 3 4 4 4 4 4 4 4 4 4]
C; MQ:  3,1445; MV:   15; DT:    0; SOL: [3 3 0 0 3 3 0 0 0 1 1 0 0 0 2 2 2 3 0 0 2 2 2 2 2 2 2 3 3 3 3 3 3 0 0 0 3 3 3 1 3 3 3 3 3 3 3 3 3 3 3 3 3 3 3 3 3 3 3 4 4 4 4 4 4 4 4 4]
I; MQ:  2,6762; MV:    5; DT:    0; SOL: [0 3 0 0 0 0 0 0 0 1 1 2 0 0 2 2 2 2 2 2 2 2 2 2 2 2 2 2 3 3 3 3 3 3 3 0 3 3 3 1 3 3 3 3 3 3 3 3 3 3 3 3 3 3 3 3 3 3 3 4 4 4 4 4 4 4 4 4]
I; MQ:  2,8289; MV:   10; DT:    0; SOL: [0 3 0 0 0 3 0 0 0 1 1 0 0 0 2 2 2 3 0 2 2 2 2 2 2 2 2 2 3 3 3 3 3 0 3 0 3 3 3 1 3 3 3 3 3 3 3 3 3 3 3 3 3 3 3 3 3 3 3 4 4 4 4 4 4 4 4 4]
I; MQ:  3,1445; MV:   15; DT:    0; SOL: [3 3 0 0 3 3 0 0 0 1 1 0 0 0 2 2 2 3 0 0 2 2 2 2 2 2 2 3 3 3 3 3 3 0 0 0 3 3 3 1 3 3 3 3 3 3 3 3 3 3 3 3 3 3 3 3 3 3 3 4 4 4 4 4 4 4 4 4]

Cycle #29: forms
S; MQ:  2,3559; MV:    0; DT:    0; SOL: [0 0 0 0 0 0 0 0 0 1 1 2 2 2 2 2 2 2 2 2 2 2 2 2 2 2 2 2 3 3 3 3 3 3 3 3 3 3 3 3 3 3 3 3 3 3 3 3 3 3 3 3 3 3 3 3 3 3 3 4 4 4 4 4 4 4 4 4]
C; MQ:  3,1265; MV:   17; DT:    0; SOL: [3 3 0 0 0 3 0 0 0 1 1 0 0 0 2 2 2 3 0 0 2 2 2 2 2 2 2 0 3 3 3 3 3 0 0 0 3 3 3 1 3 3 3 3 3 3 3 3 3 3 3 3 3 3 3 3 0 0 0 4 4 4 4 4 4 4 4 4]
I; MQ:  2,6569; MV:    5; DT:    0; SOL: [0 0 0 0 2 3 0 0 0 1 1 2 2 2 2 2 2 2 2 2 2 2 2 2 2 2 2 2 3 3 3 0 3 3 3 3 3 3 3 1 3 3 3 3 3 3 3 3 3 3 3 3 3 3 0 3 3 3 3 4 4 4 4 4 4 4 4 4]
I; MQ:  2,8522; MV:    4; DT:    3; SOL: [0 0 0 0 0 0 0 0 0 1 1 2 2 0 2 2 2 2 2 2 2 2 2 2 2 2 2 0 3 3 3 3 3 3 3 3 3 3 3 1 3 3 3 3 3 3 3 3 3 3 3 3 3 3 0 3 3 3 3 4 4 4 4 4 4 4 4 4]
I; MQ:  2,9064; MV:    9; DT:    3; SOL: [0 0 0 0 0 0 0 0 0 1 1 0 2 0 2 2 2 3 2 2 2 2 2 2 2 2 2 0 3 3 3 3 3 3 0 0 3 3 3 1 3 3 3 3 3 3 3 3 3 3 3 3 3 3 0 3 3 3 0 4 4 4 4 4 4 4 4 4]
I; MQ:  3,0500; MV:   14; DT:    3; SOL: [0 0 0 0 0 0 0 0 0 1 1 0 0 0 2 2 2 3 0 0 2 2 2 2 2 2 2 0 3 3 3 3 3 3 0 0 3 3 3 1 3 3 3 3 3 3 3 3 3 3 3 3 3 3 0 3 0 0 0 4 4 4 4 4 4 4 4 4]
I; MQ:  3,1265; MV:   17; DT:    5; SOL: [3 3 0 0 0 3 0 0 0 1 1 0 0 0 2 2 2 3 0 0 2 2 2 2 2 2 2 0 3 3 3 3 3 0 0 0 3 3 3 1 3 3 3 3 3 3 3 3 3 3 3 3 3 3 3 3 0 0 0 4 4 4 4 4 4 4 4 4]
