javaocr (59 classes; 13 packages; 155 deps)

Cycle #0: javaocr
S; MQ:  5,4668; MV:    0; DT:    0; SOL: [0 0 1 1 1 1 1 1 1 1 2 2 2 2 3 3 3 3 3 4 4 4 4 4 4 4 4 5 5 5 5 6 6 6 6 6 6 6 6 7 7 7 8 8 9 9 9 10 10 10 10 11 11 11 11 12 12 12 12]
C; MQ:  6,9392; MV:   18; DT:    0; SOL: [0 0 0 0 0 4 1 1 1 0 2 2 2 2 3 3 3 3 3 0 4 0 4 4 4 4 4 5 5 5 5 6 6 6 6 6 6 6 10 11 7 11 12 12 9 10 9 10 10 10 7 11 7 7 11 12 12 10 9]
I; MQ:  5,6997; MV:    5; DT:    0; SOL: [0 0 1 1 1 1 1 1 1 1 2 2 2 2 3 3 3 3 3 4 4 4 4 4 4 4 4 5 5 5 5 6 6 6 6 6 6 6 6 1 7 11 12 8 9 9 9 10 10 10 11 11 11 11 11 12 12 12 9]
I; MQ:  6,0962; MV:    7; DT:    2; SOL: [0 0 1 0 1 1 1 1 1 1 2 2 2 2 3 3 3 3 3 4 4 4 4 4 4 4 4 5 5 5 5 6 6 6 6 6 6 6 6 11 7 11 12 12 9 9 9 10 10 10 10 11 11 11 11 12 12 9 9]
I; MQ:  6,3502; MV:   12; DT:    3; SOL: [0 0 0 0 1 4 1 1 1 1 2 2 2 2 3 3 3 3 3 4 4 4 4 4 4 4 4 5 5 5 5 6 6 6 6 6 6 6 10 11 7 11 12 12 9 9 9 10 10 10 11 11 7 11 11 12 12 9 9]
I; MQ:  6,5188; MV:   16; DT:    4; SOL: [0 0 0 0 1 4 1 1 1 1 2 2 2 2 3 3 3 3 3 0 0 4 4 4 4 4 4 5 5 5 5 6 6 6 6 6 6 6 10 11 7 11 12 12 9 10 9 10 10 10 7 11 7 7 11 12 12 9 9]
I; MQ:  6,9392; MV:   18; DT:    6; SOL: [0 0 0 0 0 4 1 1 1 0 2 2 2 2 3 3 3 3 3 0 4 0 4 4 4 4 4 5 5 5 5 6 6 6 6 6 6 6 10 11 7 11 12 12 9 10 9 10 10 10 7 11 7 7 11 12 12 10 9]

Cycle #1: javaocr
S; MQ:  5,4668; MV:    0; DT:    0; SOL: [0 0 1 1 1 1 1 1 1 1 2 2 2 2 3 3 3 3 3 4 4 4 4 4 4 4 4 5 5 5 5 6 6 6 6 6 6 6 6 7 7 7 8 8 9 9 9 10 10 10 10 11 11 11 11 12 12 12 12]
C; MQ:  7,0310; MV:   16; DT:    0; SOL: [0 0 0 0 0 4 1 1 1 0 2 2 2 2 3 3 3 3 3 0 4 0 4 4 4 4 4 5 5 5 5 6 6 6 6 6 6 6 10 11 7 7 8 8 9 12 9 10 12 8 7 7 7 11 7 12 12 12 12]
I; MQ:  5,9511; MV:    5; DT:    0; SOL: [0 0 1 0 1 1 1 1 1 1 2 2 2 2 3 3 3 3 3 0 4 4 4 4 4 4 4 5 5 5 5 6 6 6 6 6 6 6 6 7 7 7 8 8 9 9 9 10 10 10 10 7 7 11 7 12 12 12 12]
I; MQ:  6,3618; MV:   10; DT:    0; SOL: [0 0 0 0 1 1 1 1 1 0 2 2 2 2 3 3 3 3 3 0 4 0 4 4 4 4 4 5 5 5 5 6 6 6 6 6 6 6 10 11 7 7 8 8 9 9 9 10 10 10 10 7 7 11 7 12 12 12 12]
I; MQ:  6,9998; MV:   15; DT:    0; SOL: [0 0 0 0 0 4 1 1 1 0 2 2 2 2 3 3 3 3 3 0 4 0 4 4 4 4 4 5 5 5 5 6 6 6 6 6 6 6 10 11 7 7 8 8 9 12 9 10 12 8 10 7 7 11 7 12 12 12 12]
I; MQ:  7,0310; MV:   16; DT:    0; SOL: [0 0 0 0 0 4 1 1 1 0 2 2 2 2 3 3 3 3 3 0 4 0 4 4 4 4 4 5 5 5 5 6 6 6 6 6 6 6 10 11 7 7 8 8 9 12 9 10 12 8 7 7 7 11 7 12 12 12 12]

Cycle #2: javaocr
S; MQ:  5,4668; MV:    0; DT:    0; SOL: [0 0 1 1 1 1 1 1 1 1 2 2 2 2 3 3 3 3 3 4 4 4 4 4 4 4 4 5 5 5 5 6 6 6 6 6 6 6 6 7 7 7 8 8 9 9 9 10 10 10 10 11 11 11 11 12 12 12 12]
C; MQ:  7,3602; MV:   23; DT:    0; SOL: [0 10 10 10 7 4 1 1 1 7 2 2 2 2 3 3 3 3 3 10 10 7 4 4 4 10 10 5 5 5 5 6 6 6 6 6 6 6 0 11 11 11 8 8 9 12 9 0 12 12 11 11 11 11 11 8 8 12 9]
I; MQ:  5,9819; MV:    5; DT:    0; SOL: [0 0 1 1 1 1 1 1 1 1 2 2 2 2 3 3 3 3 3 4 4 4 4 4 4 4 4 5 5 5 5 6 6 6 6 6 6 6 6 11 11 7 8 8 9 9 9 10 12 10 10 7 11 11 11 12 12 12 9]
I; MQ:  6,1919; MV:    8; DT:    1; SOL: [0 0 1 1 1 1 1 1 1 1 2 2 2 2 3 3 3 3 3 4 4 4 4 4 4 4 4 5 5 5 5 6 6 6 6 6 6 6 0 11 11 7 8 8 9 0 9 0 12 10 10 7 11 11 11 12 8 12 12]
I; MQ:  6,5494; MV:   12; DT:    2; SOL: [0 10 10 10 1 0 1 1 1 1 2 2 2 2 3 3 3 3 3 4 4 4 4 4 4 4 4 5 5 5 5 6 6 6 6 6 6 6 0 11 11 7 8 8 9 12 9 0 12 10 10 7 11 11 11 12 8 12 12]
I; MQ:  6,7788; MV:   17; DT:    2; SOL: [0 10 10 10 10 0 1 1 1 0 2 2 2 2 3 3 3 3 3 4 4 4 4 4 4 4 4 5 5 5 5 6 6 0 6 6 6 6 0 11 11 7 8 8 9 12 9 0 12 12 10 7 11 11 11 8 8 12 12]
I; MQ:  6,8569; MV:   18; DT:    6; SOL: [0 10 10 10 0 4 1 1 1 0 2 2 2 2 3 3 3 3 3 10 4 4 4 4 4 4 4 5 5 5 5 6 6 6 6 6 6 6 0 11 11 7 8 8 9 12 9 0 12 12 10 7 11 11 11 8 8 12 9]
I; MQ:  6,9983; MV:   19; DT:    9; SOL: [0 10 10 10 7 4 1 1 1 7 2 2 2 2 3 3 3 3 3 10 4 10 4 4 4 4 4 5 5 5 5 6 6 6 6 6 6 6 0 11 11 7 8 8 9 12 9 0 12 12 0 11 11 11 11 8 8 12 9]
I; MQ:  7,2251; MV:   23; DT:   10; SOL: [0 10 10 10 7 4 1 1 1 7 2 2 2 2 3 3 3 3 3 10 10 7 4 4 4 10 10 5 5 5 5 6 6 6 6 6 6 6 0 11 11 10 8 8 9 12 9 0 12 12 0 11 11 11 11 8 8 12 9]
I; MQ:  7,3602; MV:   23; DT:   12; SOL: [0 10 10 10 7 4 1 1 1 7 2 2 2 2 3 3 3 3 3 10 10 7 4 4 4 10 10 5 5 5 5 6 6 6 6 6 6 6 0 11 11 11 8 8 9 12 9 0 12 12 11 11 11 11 11 8 8 12 9]

Cycle #3: javaocr
S; MQ:  5,4668; MV:    0; DT:    0; SOL: [0 0 1 1 1 1 1 1 1 1 2 2 2 2 3 3 3 3 3 4 4 4 4 4 4 4 4 5 5 5 5 6 6 6 6 6 6 6 6 7 7 7 8 8 9 9 9 10 10 10 10 11 11 11 11 12 12 12 12]
C; MQ:  7,1024; MV:   18; DT:    0; SOL: [0 13 13 13 13 4 1 1 1 13 2 2 2 2 3 3 3 3 3 13 4 13 4 4 4 4 4 5 5 5 5 6 6 6 6 6 6 6 10 7 7 11 8 8 9 0 9 10 0 0 11 11 7 7 11 12 12 0 9]
I; MQ:  5,9637; MV:    5; DT:    0; SOL: [0 0 1 1 1 4 1 1 1 1 2 2 2 2 3 3 3 3 3 4 4 4 4 4 4 4 4 5 5 5 5 6 6 6 6 6 6 6 6 7 7 7 8 8 9 0 9 10 12 0 10 11 11 7 11 12 12 12 12]
I; MQ:  6,0470; MV:   10; DT:    0; SOL: [0 1 0 13 1 4 1 1 1 1 2 2 2 2 3 3 3 3 3 4 4 4 4 4 4 4 4 5 5 5 5 6 6 6 6 6 6 6 1 7 7 7 8 8 9 0 9 10 12 0 10 11 11 7 11 12 12 8 12]
I; MQ:  6,5584; MV:   12; DT:    3; SOL: [0 13 13 13 1 4 1 1 1 1 2 2 2 2 3 3 3 3 3 13 4 4 4 4 4 4 4 5 5 5 5 6 6 6 6 6 6 6 10 7 7 11 8 8 9 0 9 10 12 0 10 11 11 7 11 12 12 8 12]
I; MQ:  6,6915; MV:   15; DT:    5; SOL: [0 13 13 13 1 4 1 1 1 1 2 2 2 2 3 3 3 3 3 13 4 4 4 4 4 4 4 5 5 5 5 6 6 6 6 6 6 6 10 7 7 11 8 8 9 0 9 10 0 0 7 11 7 7 11 12 12 0 9]
I; MQ:  6,9594; MV:   18; DT:    7; SOL: [0 13 13 13 0 4 1 1 1 0 2 2 2 2 3 3 3 3 3 13 4 13 4 4 4 4 4 5 5 5 5 6 6 6 6 6 6 6 10 7 7 11 8 8 9 0 9 10 0 0 11 11 7 7 11 12 12 8 9]
I; MQ:  7,1024; MV:   18; DT:   10; SOL: [0 13 13 13 13 4 1 1 1 13 2 2 2 2 3 3 3 3 3 13 4 13 4 4 4 4 4 5 5 5 5 6 6 6 6 6 6 6 10 7 7 11 8 8 9 0 9 10 0 0 11 11 7 7 11 12 12 0 9]

Cycle #4: javaocr
S; MQ:  5,4668; MV:    0; DT:    0; SOL: [0 0 1 1 1 1 1 1 1 1 2 2 2 2 3 3 3 3 3 4 4 4 4 4 4 4 4 5 5 5 5 6 6 6 6 6 6 6 6 7 7 7 8 8 9 9 9 10 10 10 10 11 11 11 11 12 12 12 12]
C; MQ:  6,2841; MV:   12; DT:    0; SOL: [0 1 1 1 1 4 1 1 1 1 2 2 2 2 3 3 3 3 3 1 4 1 4 4 4 4 4 5 5 5 5 6 6 6 6 6 6 6 10 11 11 7 8 8 9 10 9 10 10 10 11 7 11 11 11 12 12 8 9]
I; MQ:  6,0583; MV:    5; DT:    0; SOL: [0 0 1 1 1 1 1 1 1 1 2 2 2 2 3 3 3 3 3 4 4 4 4 4 4 4 4 5 5 5 5 6 6 6 6 6 6 6 6 7 11 7 8 8 9 10 9 10 10 10 11 7 11 11 11 12 12 8 12]
I; MQ:  6,1696; MV:   10; DT:    0; SOL: [0 1 1 1 1 4 1 1 1 1 2 2 2 2 3 3 3 3 3 1 4 4 4 4 4 4 4 5 5 5 5 6 6 6 6 6 6 6 10 11 11 7 8 8 9 10 9 10 10 10 11 7 11 11 11 12 12 8 12]
I; MQ:  6,2841; MV:   12; DT:    0; SOL: [0 1 1 1 1 4 1 1 1 1 2 2 2 2 3 3 3 3 3 1 4 1 4 4 4 4 4 5 5 5 5 6 6 6 6 6 6 6 10 11 11 7 8 8 9 10 9 10 10 10 11 7 11 11 11 12 12 8 9]

Cycle #5: javaocr
S; MQ:  5,4668; MV:    0; DT:    0; SOL: [0 0 1 1 1 1 1 1 1 1 2 2 2 2 3 3 3 3 3 4 4 4 4 4 4 4 4 5 5 5 5 6 6 6 6 6 6 6 6 7 7 7 8 8 9 9 9 10 10 10 10 11 11 11 11 12 12 12 12]
C; MQ:  7,1683; MV:   18; DT:    0; SOL: [0 0 0 0 0 4 1 1 1 0 2 2 2 2 3 3 3 3 3 0 4 0 4 4 4 4 4 5 5 5 5 6 6 6 6 6 6 6 10 7 7 7 8 8 9 12 9 10 12 11 11 7 7 7 7 8 8 12 12]
I; MQ:  5,9920; MV:    5; DT:    0; SOL: [0 0 1 0 1 1 1 1 1 1 2 2 2 2 3 3 3 3 3 4 4 4 4 4 4 4 4 5 5 5 5 6 6 6 6 6 6 6 6 7 7 11 8 8 9 9 9 10 10 10 10 7 7 11 11 12 8 12 12]
I; MQ:  6,4807; MV:   10; DT:    0; SOL: [0 0 0 0 1 1 1 1 1 1 2 2 2 2 3 3 3 3 3 0 4 4 4 4 4 4 4 5 5 5 5 6 6 6 6 6 6 6 10 7 7 11 8 8 9 12 9 10 10 10 11 7 7 11 11 12 8 12 12]
I; MQ:  6,6267; MV:   13; DT:    1; SOL: [0 0 0 0 1 0 1 1 1 1 2 2 2 2 3 3 3 3 3 0 4 0 4 4 4 4 4 5 5 5 5 6 6 6 6 6 6 6 10 7 7 7 8 8 9 12 9 10 10 11 11 7 7 7 11 12 8 12 12]
I; MQ:  7,1453; MV:   17; DT:    2; SOL: [0 0 0 0 0 4 1 1 1 0 2 2 2 2 3 3 3 3 3 0 4 0 4 4 4 4 4 5 5 5 5 6 6 6 6 6 6 6 10 7 7 7 8 8 9 12 9 10 12 11 11 7 7 7 11 8 8 12 12]
I; MQ:  7,1683; MV:   18; DT:    2; SOL: [0 0 0 0 0 4 1 1 1 0 2 2 2 2 3 3 3 3 3 0 4 0 4 4 4 4 4 5 5 5 5 6 6 6 6 6 6 6 10 7 7 7 8 8 9 12 9 10 12 11 11 7 7 7 7 8 8 12 12]

Cycle #6: javaocr
S; MQ:  5,4668; MV:    0; DT:    0; SOL: [0 0 1 1 1 1 1 1 1 1 2 2 2 2 3 3 3 3 3 4 4 4 4 4 4 4 4 5 5 5 5 6 6 6 6 6 6 6 6 7 7 7 8 8 9 9 9 10 10 10 10 11 11 11 11 12 12 12 12]
C; MQ:  6,4429; MV:   13; DT:    0; SOL: [0 1 1 1 1 4 1 1 1 1 2 2 2 2 3 3 3 3 3 1 4 1 4 4 4 4 4 5 5 5 5 6 6 6 6 6 6 6 0 11 7 11 8 8 9 12 9 0 12 10 10 11 11 7 11 8 8 12 12]
I; MQ:  6,1048; MV:    5; DT:    0; SOL: [0 1 1 1 1 1 1 1 1 1 2 2 2 2 3 3 3 3 3 4 4 4 4 4 4 4 4 5 5 5 5 6 6 6 6 6 6 6 6 11 7 7 8 8 9 12 9 10 12 10 10 11 11 7 11 12 12 12 12]
I; MQ:  6,2470; MV:   10; DT:    0; SOL: [0 1 1 1 1 4 1 1 1 1 2 2 2 2 3 3 3 3 3 1 4 1 4 4 4 4 4 5 5 5 5 6 6 6 6 6 6 6 6 11 7 11 8 8 9 12 9 10 12 10 10 11 11 7 11 12 8 12 12]
I; MQ:  6,4429; MV:   13; DT:    0; SOL: [0 1 1 1 1 4 1 1 1 1 2 2 2 2 3 3 3 3 3 1 4 1 4 4 4 4 4 5 5 5 5 6 6 6 6 6 6 6 0 11 7 11 8 8 9 12 9 0 12 10 10 11 11 7 11 8 8 12 12]

Cycle #7: javaocr
S; MQ:  5,4668; MV:    0; DT:    0; SOL: [0 0 1 1 1 1 1 1 1 1 2 2 2 2 3 3 3 3 3 4 4 4 4 4 4 4 4 5 5 5 5 6 6 6 6 6 6 6 6 7 7 7 8 8 9 9 9 10 10 10 10 11 11 11 11 12 12 12 12]
C; MQ:  7,0240; MV:   18; DT:    0; SOL: [0 0 0 0 0 4 1 1 1 0 2 2 2 2 3 3 3 3 3 0 4 0 4 4 4 4 4 5 5 5 5 6 6 6 6 6 6 6 10 11 11 11 8 8 9 10 9 10 10 7 7 11 11 11 11 8 8 10 9]
I; MQ:  5,8454; MV:    5; DT:    0; SOL: [0 0 1 0 1 1 1 1 1 1 2 2 2 2 3 3 3 3 3 0 0 4 4 4 4 4 4 5 5 5 5 6 6 6 6 6 6 6 6 7 7 7 8 8 9 9 9 10 10 10 10 11 11 11 7 12 8 12 12]
I; MQ:  6,2329; MV:   10; DT:    0; SOL: [0 0 1 0 1 1 1 1 1 1 2 2 2 2 3 3 3 3 3 0 0 4 4 4 4 4 4 5 5 5 5 6 6 6 6 6 6 6 6 7 11 7 8 8 9 9 9 10 10 10 10 11 11 7 7 8 8 9 9]
I; MQ:  6,2873; MV:   11; DT:    2; SOL: [0 0 1 0 1 1 1 1 1 1 2 2 2 2 3 3 3 3 3 0 4 0 4 4 4 4 4 5 5 5 5 6 6 6 6 6 6 6 6 7 11 11 8 8 9 10 9 10 10 10 10 11 11 7 11 8 8 9 9]
I; MQ:  6,5812; MV:   15; DT:    3; SOL: [0 0 0 0 1 4 1 1 1 1 2 2 2 2 3 3 3 3 3 0 4 0 4 4 4 4 4 5 5 5 5 6 6 6 6 6 6 6 0 7 11 11 8 8 9 10 9 10 10 10 7 11 11 7 11 8 8 10 9]
I; MQ:  6,9494; MV:   19; DT:    5; SOL: [0 0 0 0 0 4 1 1 1 0 2 2 2 2 3 3 3 3 3 0 4 0 4 4 4 4 4 5 5 5 5 6 6 6 6 6 6 6 10 7 11 11 8 8 9 10 9 10 10 7 7 11 11 7 7 8 8 10 9]
I; MQ:  7,0240; MV:   18; DT:    7; SOL: [0 0 0 0 0 4 1 1 1 0 2 2 2 2 3 3 3 3 3 0 4 0 4 4 4 4 4 5 5 5 5 6 6 6 6 6 6 6 10 11 11 11 8 8 9 10 9 10 10 7 7 11 11 11 11 8 8 10 9]

Cycle #8: javaocr
S; MQ:  5,4668; MV:    0; DT:    0; SOL: [0 0 1 1 1 1 1 1 1 1 2 2 2 2 3 3 3 3 3 4 4 4 4 4 4 4 4 5 5 5 5 6 6 6 6 6 6 6 6 7 7 7 8 8 9 9 9 10 10 10 10 11 11 11 11 12 12 12 12]
C; MQ:  6,8876; MV:   20; DT:    0; SOL: [0 0 0 0 0 0 1 1 1 0 2 2 2 2 3 3 3 3 3 0 0 4 0 4 4 4 4 5 5 5 5 6 6 6 6 6 6 6 10 7 11 7 12 12 9 10 9 10 10 10 7 11 7 7 7 8 8 12 9]
I; MQ:  5,8793; MV:    5; DT:    0; SOL: [0 1 1 1 1 1 1 1 1 1 2 2 2 2 3 3 3 3 3 4 4 4 4 4 4 4 4 5 5 5 5 6 6 6 6 6 6 6 6 7 11 7 8 8 9 9 9 10 10 10 10 11 7 7 11 12 12 12 9]
I; MQ:  6,1619; MV:    8; DT:    1; SOL: [0 0 0 0 1 1 1 1 1 1 2 2 2 2 3 3 3 3 3 4 4 4 4 4 4 4 4 5 5 5 5 6 6 6 6 6 6 6 6 7 11 7 12 8 9 9 9 10 10 10 10 11 7 7 7 12 12 12 9]
I; MQ:  6,3367; MV:   12; DT:    2; SOL: [0 0 0 0 1 1 1 1 1 1 2 2 2 2 3 3 3 3 3 0 0 4 4 4 4 4 4 5 5 5 5 6 6 6 6 6 6 6 6 7 11 7 12 12 9 8 9 10 10 10 10 11 7 7 7 12 12 12 8]
I; MQ:  6,5080; MV:   17; DT:    2; SOL: [0 0 0 0 1 0 1 1 1 1 2 2 2 2 3 3 3 3 3 0 0 4 0 4 4 4 4 5 5 5 5 6 6 6 6 6 6 6 6 7 11 7 12 12 9 8 9 10 8 10 10 11 7 7 7 8 8 12 8]
I; MQ:  6,6969; MV:   18; DT:    5; SOL: [0 0 0 0 1 0 1 1 1 0 2 2 2 2 3 3 3 3 3 0 0 4 0 4 4 4 4 5 5 5 5 6 6 6 6 6 6 6 6 7 11 7 12 12 9 10 9 10 10 10 7 11 7 7 7 8 8 12 9]
I; MQ:  6,8876; MV:   20; DT:    5; SOL: [0 0 0 0 0 0 1 1 1 0 2 2 2 2 3 3 3 3 3 0 0 4 0 4 4 4 4 5 5 5 5 6 6 6 6 6 6 6 10 7 11 7 12 12 9 10 9 10 10 10 7 11 7 7 7 8 8 12 9]

Cycle #9: javaocr
S; MQ:  5,4668; MV:    0; DT:    0; SOL: [0 0 1 1 1 1 1 1 1 1 2 2 2 2 3 3 3 3 3 4 4 4 4 4 4 4 4 5 5 5 5 6 6 6 6 6 6 6 6 7 7 7 8 8 9 9 9 10 10 10 10 11 11 11 11 12 12 12 12]
C; MQ:  7,1286; MV:   17; DT:    0; SOL: [0 13 13 13 13 4 1 1 1 13 2 2 2 2 3 3 3 3 3 13 4 13 4 4 4 4 4 5 5 5 5 6 6 6 6 6 6 6 0 11 7 11 8 8 9 12 9 0 12 10 10 11 11 7 11 8 8 12 12]
I; MQ:  6,0026; MV:    5; DT:    0; SOL: [0 0 1 1 1 1 1 1 1 1 2 2 2 2 3 3 3 3 3 4 4 4 4 4 4 4 4 5 5 5 5 6 6 6 6 6 6 6 6 11 7 7 8 8 9 0 9 0 0 10 10 11 11 7 11 12 12 12 12]
I; MQ:  6,1510; MV:    6; DT:    3; SOL: [0 0 1 1 1 4 1 1 1 1 2 2 2 2 3 3 3 3 3 4 4 4 4 4 4 4 4 5 5 5 5 6 6 6 6 6 6 6 6 11 7 11 8 8 9 12 9 10 12 10 10 11 11 7 11 12 12 12 12]
I; MQ:  6,3654; MV:   11; DT:    4; SOL: [0 0 1 1 1 4 1 1 1 1 2 2 2 2 3 3 3 3 3 1 4 4 4 4 4 4 4 5 5 5 5 6 6 6 6 6 6 6 0 11 7 11 8 8 9 12 9 0 12 10 10 11 11 7 11 8 8 12 12]
I; MQ:  6,9253; MV:   15; DT:    5; SOL: [0 0 0 13 13 4 1 1 1 13 2 2 2 2 3 3 3 3 3 13 4 4 4 4 4 4 4 5 5 5 5 6 6 6 6 6 6 6 0 11 7 11 8 8 9 12 9 0 12 10 10 11 11 7 11 8 8 12 12]
I; MQ:  7,1286; MV:   17; DT:    6; SOL: [0 13 13 13 13 4 1 1 1 13 2 2 2 2 3 3 3 3 3 13 4 13 4 4 4 4 4 5 5 5 5 6 6 6 6 6 6 6 0 11 7 11 8 8 9 12 9 0 12 10 10 11 11 7 11 8 8 12 12]

Cycle #10: javaocr
S; MQ:  5,4668; MV:    0; DT:    0; SOL: [0 0 1 1 1 1 1 1 1 1 2 2 2 2 3 3 3 3 3 4 4 4 4 4 4 4 4 5 5 5 5 6 6 6 6 6 6 6 6 7 7 7 8 8 9 9 9 10 10 10 10 11 11 11 11 12 12 12 12]
C; MQ:  6,8416; MV:   15; DT:    0; SOL: [0 4 4 4 4 0 1 1 1 4 2 2 2 2 3 3 3 3 3 4 4 4 4 4 4 4 4 5 5 5 5 6 6 0 6 6 6 6 10 7 11 7 8 8 9 10 9 10 10 10 11 11 11 7 7 12 12 8 9]
I; MQ:  5,7493; MV:    5; DT:    0; SOL: [0 0 1 1 1 1 1 1 1 1 2 2 2 2 3 3 3 3 3 4 4 4 4 4 4 4 4 5 5 5 5 6 6 6 6 6 6 6 10 7 1 11 8 8 9 9 9 10 10 10 11 11 11 11 11 12 12 12 9]
I; MQ:  5,9664; MV:    7; DT:    2; SOL: [0 1 1 1 1 1 1 1 1 1 2 2 2 2 3 3 3 3 3 4 4 4 4 4 4 4 4 5 5 5 5 6 6 6 6 6 6 6 10 7 11 11 8 8 9 9 9 10 10 10 10 11 11 11 7 12 12 0 9]
I; MQ:  6,2243; MV:    9; DT:    5; SOL: [0 1 1 1 1 1 1 1 1 1 2 2 2 2 3 3 3 3 3 4 4 4 4 4 4 4 4 5 5 5 5 6 6 6 6 6 6 6 10 7 11 7 8 8 9 10 9 10 10 10 11 11 11 7 7 12 12 8 9]
I; MQ:  6,5831; MV:   13; DT:    6; SOL: [0 4 4 4 1 0 1 1 1 1 2 2 2 2 3 3 3 3 3 4 4 4 4 4 4 4 4 5 5 5 5 6 6 0 6 6 6 6 10 7 11 7 8 8 9 10 9 10 10 10 11 11 11 7 7 12 12 8 9]
I; MQ:  6,8416; MV:   15; DT:    6; SOL: [0 4 4 4 4 0 1 1 1 4 2 2 2 2 3 3 3 3 3 4 4 4 4 4 4 4 4 5 5 5 5 6 6 0 6 6 6 6 10 7 11 7 8 8 9 10 9 10 10 10 11 11 11 7 7 12 12 8 9]

Cycle #11: javaocr
S; MQ:  5,4668; MV:    0; DT:    0; SOL: [0 0 1 1 1 1 1 1 1 1 2 2 2 2 3 3 3 3 3 4 4 4 4 4 4 4 4 5 5 5 5 6 6 6 6 6 6 6 6 7 7 7 8 8 9 9 9 10 10 10 10 11 11 11 11 12 12 12 12]
C; MQ:  7,1683; MV:   17; DT:    0; SOL: [0 0 0 0 0 4 1 1 1 0 2 2 2 2 3 3 3 3 3 0 4 0 4 4 4 4 4 5 5 5 5 6 6 6 6 6 6 6 10 11 11 11 8 8 9 12 9 10 12 7 7 11 11 11 11 8 8 12 12]
I; MQ:  5,8366; MV:    5; DT:    0; SOL: [0 0 1 1 1 1 1 1 1 1 2 2 2 2 3 3 3 3 3 4 4 4 4 4 4 4 4 5 5 5 5 6 6 6 6 6 6 6 6 7 7 7 8 8 9 0 9 10 11 10 10 11 7 11 7 12 8 12 12]
I; MQ:  6,2212; MV:    8; DT:    2; SOL: [0 0 1 0 1 1 1 1 1 1 2 2 2 2 3 3 3 3 3 4 4 4 4 4 4 4 4 5 5 5 5 6 6 6 6 6 6 6 6 7 11 7 8 8 9 12 9 10 12 10 10 11 7 11 7 8 8 12 12]
I; MQ:  6,6852; MV:   13; DT:    2; SOL: [0 0 0 0 1 4 1 1 1 0 2 2 2 2 3 3 3 3 3 0 4 0 4 4 4 4 4 5 5 5 5 6 6 6 6 6 6 6 6 7 11 7 8 8 9 12 9 10 12 10 10 11 7 11 7 8 8 12 12]
I; MQ:  6,9545; MV:   14; DT:    4; SOL: [0 0 0 0 0 4 1 1 1 0 2 2 2 2 3 3 3 3 3 0 4 0 4 4 4 4 4 5 5 5 5 6 6 6 6 6 6 6 6 7 11 11 8 8 9 12 9 10 12 10 10 7 11 11 11 8 8 12 12]
I; MQ:  7,0945; MV:   19; DT:    5; SOL: [0 0 0 0 0 4 1 1 1 0 2 2 2 2 3 3 3 3 3 0 4 0 4 4 4 4 4 5 5 5 5 6 6 6 6 6 6 6 10 11 11 11 8 8 9 12 9 10 12 7 7 7 11 11 7 8 8 12 12]
I; MQ:  7,1683; MV:   17; DT:    7; SOL: [0 0 0 0 0 4 1 1 1 0 2 2 2 2 3 3 3 3 3 0 4 0 4 4 4 4 4 5 5 5 5 6 6 6 6 6 6 6 10 11 11 11 8 8 9 12 9 10 12 7 7 11 11 11 11 8 8 12 12]

Cycle #12: javaocr
S; MQ:  5,4668; MV:    0; DT:    0; SOL: [0 0 1 1 1 1 1 1 1 1 2 2 2 2 3 3 3 3 3 4 4 4 4 4 4 4 4 5 5 5 5 6 6 6 6 6 6 6 6 7 7 7 8 8 9 9 9 10 10 10 10 11 11 11 11 12 12 12 12]
C; MQ:  6,8212; MV:   17; DT:    0; SOL: [0 0 0 0 0 4 1 1 1 0 2 2 2 2 3 3 3 3 3 0 4 0 4 4 4 4 4 5 5 5 5 6 6 6 6 6 6 6 10 11 7 11 12 12 9 9 9 10 7 10 10 11 7 7 11 12 12 9 9]
I; MQ:  5,7875; MV:    5; DT:    0; SOL: [0 0 1 1 1 0 1 1 1 1 2 2 2 2 3 3 3 3 3 1 4 4 4 4 4 4 4 5 5 5 5 6 6 6 6 6 6 6 10 7 7 7 8 8 9 9 9 10 10 10 10 11 7 7 11 12 12 12 12]
I; MQ:  6,1992; MV:    8; DT:    2; SOL: [0 0 1 0 1 4 1 1 1 0 2 2 2 2 3 3 3 3 3 0 4 4 4 4 4 4 4 5 5 5 5 6 6 6 6 6 6 6 10 7 7 7 8 8 9 9 9 10 10 10 10 11 7 7 11 12 12 12 9]
I; MQ:  6,5159; MV:   13; DT:    2; SOL: [0 0 1 0 0 4 1 1 1 0 2 2 2 2 3 3 3 3 3 0 0 4 4 4 4 4 4 5 5 5 5 6 6 6 6 6 6 6 10 7 7 11 12 12 9 9 9 10 10 10 10 11 7 7 11 12 12 12 9]
I; MQ:  6,7700; MV:   16; DT:    3; SOL: [0 0 0 0 0 4 1 1 1 0 2 2 2 2 3 3 3 3 3 0 4 4 4 4 4 4 4 5 5 5 5 6 6 6 6 6 6 6 10 11 7 11 12 12 9 9 9 10 7 10 10 11 7 7 11 12 12 9 9]
I; MQ:  6,8212; MV:   17; DT:    3; SOL: [0 0 0 0 0 4 1 1 1 0 2 2 2 2 3 3 3 3 3 0 4 0 4 4 4 4 4 5 5 5 5 6 6 6 6 6 6 6 10 11 7 11 12 12 9 9 9 10 7 10 10 11 7 7 11 12 12 9 9]

Cycle #13: javaocr
S; MQ:  5,4668; MV:    0; DT:    0; SOL: [0 0 1 1 1 1 1 1 1 1 2 2 2 2 3 3 3 3 3 4 4 4 4 4 4 4 4 5 5 5 5 6 6 6 6 6 6 6 6 7 7 7 8 8 9 9 9 10 10 10 10 11 11 11 11 12 12 12 12]
C; MQ:  7,0485; MV:   17; DT:    0; SOL: [0 0 0 0 0 4 1 1 1 0 2 2 2 2 3 3 3 3 3 0 4 0 4 4 4 4 4 5 5 5 5 6 6 6 6 6 6 6 10 7 11 7 8 8 9 8 9 10 12 8 11 7 11 11 7 12 12 8 9]
I; MQ:  5,9929; MV:    5; DT:    0; SOL: [0 0 1 0 1 1 1 1 1 0 2 2 2 2 3 3 3 3 3 0 4 4 4 4 4 4 4 5 5 5 5 6 6 6 6 6 6 6 6 7 7 7 8 8 9 9 9 10 10 10 10 7 11 11 11 12 8 12 12]
I; MQ:  6,2918; MV:   10; DT:    0; SOL: [0 0 1 0 0 1 1 1 1 0 2 2 2 2 3 3 3 3 3 0 4 4 4 4 4 4 4 5 5 5 5 6 6 6 6 6 6 6 10 7 7 7 8 8 9 9 9 10 12 10 11 7 11 11 7 12 8 12 12]
I; MQ:  6,6564; MV:   13; DT:    1; SOL: [0 0 1 0 0 1 1 1 1 0 2 2 2 2 3 3 3 3 3 0 4 4 4 4 4 4 4 5 5 5 5 6 6 6 6 6 6 6 10 7 11 7 8 8 9 8 9 10 12 8 11 7 11 11 7 12 12 8 12]
I; MQ:  7,0485; MV:   17; DT:    1; SOL: [0 0 0 0 0 4 1 1 1 0 2 2 2 2 3 3 3 3 3 0 4 0 4 4 4 4 4 5 5 5 5 6 6 6 6 6 6 6 10 7 11 7 8 8 9 8 9 10 12 8 11 7 11 11 7 12 12 8 9]

Cycle #14: javaocr
S; MQ:  5,4668; MV:    0; DT:    0; SOL: [0 0 1 1 1 1 1 1 1 1 2 2 2 2 3 3 3 3 3 4 4 4 4 4 4 4 4 5 5 5 5 6 6 6 6 6 6 6 6 7 7 7 8 8 9 9 9 10 10 10 10 11 11 11 11 12 12 12 12]
C; MQ:  7,1362; MV:   20; DT:    0; SOL: [0 7 7 7 0 4 1 1 1 0 2 2 2 2 3 3 3 3 3 7 7 7 4 4 4 7 7 5 5 5 5 6 6 6 6 6 6 6 0 11 11 11 8 8 9 12 9 0 10 10 11 11 11 11 11 8 8 12 12]
I; MQ:  5,9168; MV:    5; DT:    0; SOL: [0 0 1 7 1 4 1 1 1 1 2 2 2 2 3 3 3 3 3 7 4 4 4 4 4 4 4 5 5 5 5 6 6 6 6 6 6 6 6 7 11 7 8 8 9 9 9 10 10 10 11 11 11 11 11 12 12 12 12]
I; MQ:  6,1995; MV:    8; DT:    1; SOL: [0 7 1 7 1 4 1 1 1 1 2 2 2 2 3 3 3 3 3 7 4 7 4 4 4 4 4 5 5 5 5 6 6 6 6 6 6 6 6 11 11 7 8 8 9 0 9 10 10 10 10 11 11 11 11 12 12 12 12]
I; MQ:  6,5470; MV:   13; DT:    2; SOL: [0 7 7 7 1 4 1 1 1 1 2 2 2 2 3 3 3 3 3 7 4 7 4 4 4 4 4 5 5 5 5 6 6 6 6 6 6 6 0 11 11 11 8 8 9 0 9 0 10 10 11 11 11 11 11 12 12 12 12]
I; MQ:  6,8172; MV:   16; DT:    4; SOL: [0 7 7 7 1 4 1 1 1 0 2 2 2 2 3 3 3 3 3 7 4 0 4 4 4 4 4 5 5 5 5 6 6 6 6 6 6 6 0 11 11 11 8 8 9 12 9 0 10 10 11 11 11 11 11 8 8 12 12]
I; MQ:  7,1362; MV:   20; DT:    5; SOL: [0 7 7 7 0 4 1 1 1 0 2 2 2 2 3 3 3 3 3 7 7 7 4 4 4 7 7 5 5 5 5 6 6 6 6 6 6 6 0 11 11 11 8 8 9 12 9 0 10 10 11 11 11 11 11 8 8 12 12]

Cycle #15: javaocr
S; MQ:  5,4668; MV:    0; DT:    0; SOL: [0 0 1 1 1 1 1 1 1 1 2 2 2 2 3 3 3 3 3 4 4 4 4 4 4 4 4 5 5 5 5 6 6 6 6 6 6 6 6 7 7 7 8 8 9 9 9 10 10 10 10 11 11 11 11 12 12 12 12]
C; MQ:  7,2789; MV:   21; DT:    0; SOL: [0 0 0 0 0 4 1 1 1 0 2 2 2 2 3 3 3 3 3 0 0 0 4 4 4 0 0 5 5 5 5 6 6 6 6 6 6 6 10 7 7 7 8 8 9 12 9 10 12 11 11 7 7 7 7 8 8 12 12]
I; MQ:  5,7448; MV:    5; DT:    0; SOL: [0 0 1 1 1 4 1 1 1 1 2 2 2 2 3 3 3 3 3 4 4 4 4 4 4 4 4 5 5 5 5 6 6 6 6 6 6 6 0 7 7 7 8 8 9 9 9 10 10 10 11 7 11 7 11 12 12 12 12]
I; MQ:  6,1158; MV:    9; DT:    1; SOL: [0 0 1 0 1 4 1 1 1 1 2 2 2 2 3 3 3 3 3 0 4 4 4 4 4 4 4 5 5 5 5 6 6 6 6 6 6 6 10 7 7 7 8 8 9 9 9 10 10 11 11 7 11 7 11 12 8 12 12]
I; MQ:  6,5224; MV:   14; DT:    1; SOL: [0 0 1 0 1 4 1 1 1 1 2 2 2 2 3 3 3 3 3 0 0 0 4 4 4 4 0 5 5 5 5 6 6 6 6 6 6 6 10 7 7 7 8 8 9 12 9 10 10 11 11 7 11 7 7 12 8 12 12]
I; MQ:  7,0343; MV:   19; DT:    1; SOL: [0 0 0 0 1 4 1 1 1 0 2 2 2 2 3 3 3 3 3 0 0 0 4 4 4 4 0 5 5 5 5 6 6 6 6 6 6 6 10 7 7 7 8 8 9 12 9 10 12 11 11 7 7 7 7 8 8 12 12]
I; MQ:  7,2789; MV:   21; DT:    1; SOL: [0 0 0 0 0 4 1 1 1 0 2 2 2 2 3 3 3 3 3 0 0 0 4 4 4 0 0 5 5 5 5 6 6 6 6 6 6 6 10 7 7 7 8 8 9 12 9 10 12 11 11 7 7 7 7 8 8 12 12]

Cycle #16: javaocr
S; MQ:  5,4668; MV:    0; DT:    0; SOL: [0 0 1 1 1 1 1 1 1 1 2 2 2 2 3 3 3 3 3 4 4 4 4 4 4 4 4 5 5 5 5 6 6 6 6 6 6 6 6 7 7 7 8 8 9 9 9 10 10 10 10 11 11 11 11 12 12 12 12]
C; MQ:  7,2403; MV:   18; DT:    0; SOL: [0 14 14 14 13 0 1 1 1 13 2 2 2 2 3 3 3 3 3 14 4 13 4 4 4 4 4 5 5 5 5 6 6 0 6 6 6 6 10 11 7 7 8 8 9 10 9 10 10 10 7 11 7 7 7 12 12 8 9]
I; MQ:  5,9483; MV:    5; DT:    0; SOL: [0 1 1 1 1 1 1 1 1 1 2 2 2 2 3 3 3 3 3 4 4 4 4 4 4 4 4 5 5 5 5 6 6 6 6 6 6 6 6 7 7 11 8 8 9 9 9 10 10 10 10 11 7 11 11 12 12 9 9]
I; MQ:  6,0580; MV:    8; DT:    1; SOL: [0 1 1 1 1 1 1 1 1 1 2 2 2 2 3 3 3 3 3 4 4 4 4 4 4 4 4 5 5 5 5 6 6 6 6 6 6 6 6 11 7 7 8 8 9 9 9 10 12 10 10 11 7 7 7 12 12 9 9]
I; MQ:  6,1963; MV:   10; DT:    3; SOL: [0 1 1 1 1 0 1 1 1 1 2 2 2 2 3 3 3 3 3 4 4 4 4 4 4 4 4 5 5 5 5 6 6 6 6 6 6 6 6 11 7 7 8 8 9 10 9 10 10 10 7 11 7 7 7 12 12 8 9]
I; MQ:  6,5938; MV:   14; DT:    4; SOL: [0 4 1 4 1 0 1 1 1 4 2 2 2 2 3 3 3 3 3 4 4 4 4 4 4 4 4 5 5 5 5 6 6 0 6 6 6 6 10 11 7 7 8 8 9 10 9 10 10 10 7 11 7 7 7 12 12 8 9]
I; MQ:  6,8691; MV:   17; DT:    6; SOL: [0 4 4 14 1 0 1 1 1 13 2 2 2 2 3 3 3 3 3 13 4 13 4 4 4 4 4 5 5 5 5 6 6 0 6 6 6 6 10 11 7 7 8 8 9 10 9 10 10 10 7 11 7 7 7 12 12 8 9]
I; MQ:  7,2380; MV:   18; DT:   10; SOL: [0 14 14 14 13 0 1 1 1 13 2 2 2 2 3 3 3 3 3 14 4 13 4 4 4 4 4 5 5 5 5 6 6 0 6 6 6 6 14 11 7 7 8 8 9 10 9 10 10 10 7 11 7 7 7 12 12 8 9]
I; MQ:  7,2403; MV:   18; DT:   11; SOL: [0 14 14 14 13 0 1 1 1 13 2 2 2 2 3 3 3 3 3 14 4 13 4 4 4 4 4 5 5 5 5 6 6 0 6 6 6 6 10 11 7 7 8 8 9 10 9 10 10 10 7 11 7 7 7 12 12 8 9]

Cycle #17: javaocr
S; MQ:  5,4668; MV:    0; DT:    0; SOL: [0 0 1 1 1 1 1 1 1 1 2 2 2 2 3 3 3 3 3 4 4 4 4 4 4 4 4 5 5 5 5 6 6 6 6 6 6 6 6 7 7 7 8 8 9 9 9 10 10 10 10 11 11 11 11 12 12 12 12]
C; MQ:  7,1355; MV:   17; DT:    0; SOL: [0 0 0 0 0 4 1 1 1 0 2 2 2 2 3 3 3 3 3 0 4 0 4 4 4 4 4 5 5 5 5 6 6 6 6 6 6 6 10 11 11 11 8 8 9 7 9 10 7 7 11 11 11 11 11 12 12 7 9]
I; MQ:  6,0200; MV:    5; DT:    0; SOL: [0 0 1 0 1 1 1 1 1 1 2 2 2 2 3 3 3 3 3 0 4 4 4 4 4 4 4 5 5 5 5 6 6 6 6 6 6 6 6 7 11 11 8 8 9 9 9 10 10 10 10 11 11 7 11 12 12 12 12]
I; MQ:  6,3467; MV:   10; DT:    0; SOL: [0 0 1 0 1 1 1 1 1 0 2 2 2 2 3 3 3 3 3 0 4 0 4 4 4 4 4 5 5 5 5 6 6 6 6 6 6 6 10 7 11 11 8 8 9 9 9 10 12 10 10 11 11 7 11 12 12 8 12]
I; MQ:  6,7085; MV:   15; DT:    0; SOL: [0 0 0 0 0 1 1 1 1 0 2 2 2 2 3 3 3 3 3 0 4 0 4 4 4 4 4 5 5 5 5 6 6 6 6 6 6 6 10 7 11 11 8 8 9 0 9 10 12 0 7 11 11 7 11 12 12 8 12]
I; MQ:  6,8922; MV:   15; DT:    4; SOL: [0 0 0 0 0 1 1 1 1 0 2 2 2 2 3 3 3 3 3 0 4 0 4 4 4 4 4 5 5 5 5 6 6 6 6 6 6 6 10 11 11 11 8 8 9 7 9 10 12 7 11 11 11 11 11 12 12 8 12]
I; MQ:  7,1355; MV:   17; DT:    6; SOL: [0 0 0 0 0 4 1 1 1 0 2 2 2 2 3 3 3 3 3 0 4 0 4 4 4 4 4 5 5 5 5 6 6 6 6 6 6 6 10 11 11 11 8 8 9 7 9 10 7 7 11 11 11 11 11 12 12 7 9]

Cycle #18: javaocr
S; MQ:  5,4668; MV:    0; DT:    0; SOL: [0 0 1 1 1 1 1 1 1 1 2 2 2 2 3 3 3 3 3 4 4 4 4 4 4 4 4 5 5 5 5 6 6 6 6 6 6 6 6 7 7 7 8 8 9 9 9 10 10 10 10 11 11 11 11 12 12 12 12]
C; MQ:  7,0240; MV:   18; DT:    0; SOL: [0 0 0 0 0 4 1 1 1 0 2 2 2 2 3 3 3 3 3 0 4 0 4 4 4 4 4 5 5 5 5 6 6 6 6 6 6 6 10 11 11 11 12 12 9 10 9 10 10 7 7 11 11 11 11 12 12 10 9]
I; MQ:  5,9243; MV:    5; DT:    0; SOL: [0 0 1 0 1 1 1 1 1 1 2 2 2 2 3 3 3 3 3 4 4 4 4 4 4 4 4 5 5 5 5 6 6 6 6 6 6 6 6 7 7 7 12 8 9 9 9 10 10 10 10 11 11 7 7 12 12 12 9]
I; MQ:  6,1588; MV:    8; DT:    1; SOL: [0 0 1 0 1 1 1 1 1 1 2 2 2 2 3 3 3 3 3 4 4 4 4 4 4 4 4 5 5 5 5 6 6 6 6 6 6 6 6 11 7 11 12 12 9 9 9 10 10 10 10 11 11 7 11 12 12 9 9]
I; MQ:  6,6037; MV:   12; DT:    2; SOL: [0 0 1 0 0 4 1 1 1 0 2 2 2 2 3 3 3 3 3 4 4 4 4 4 4 4 4 5 5 5 5 6 6 6 6 6 6 6 6 11 7 11 12 12 9 10 9 10 10 10 10 11 11 7 11 12 12 10 9]
I; MQ:  6,8856; MV:   17; DT:    3; SOL: [0 0 0 0 0 4 1 1 1 0 2 2 2 2 3 3 3 3 3 0 4 4 4 4 4 4 4 5 5 5 5 6 6 6 6 6 6 6 0 11 7 11 12 12 9 10 9 10 10 10 7 11 11 7 7 12 12 10 9]
I; MQ:  7,0010; MV:   19; DT:    5; SOL: [0 0 0 0 0 4 1 1 1 0 2 2 2 2 3 3 3 3 3 0 4 0 4 4 4 4 4 5 5 5 5 6 6 6 6 6 6 6 10 11 11 11 12 12 9 10 9 10 10 7 7 11 11 11 7 12 12 10 9]
I; MQ:  7,0240; MV:   18; DT:    6; SOL: [0 0 0 0 0 4 1 1 1 0 2 2 2 2 3 3 3 3 3 0 4 0 4 4 4 4 4 5 5 5 5 6 6 6 6 6 6 6 10 11 11 11 12 12 9 10 9 10 10 7 7 11 11 11 11 12 12 10 9]

Cycle #19: javaocr
S; MQ:  5,4668; MV:    0; DT:    0; SOL: [0 0 1 1 1 1 1 1 1 1 2 2 2 2 3 3 3 3 3 4 4 4 4 4 4 4 4 5 5 5 5 6 6 6 6 6 6 6 6 7 7 7 8 8 9 9 9 10 10 10 10 11 11 11 11 12 12 12 12]
C; MQ:  7,0336; MV:   15; DT:    0; SOL: [0 0 0 0 0 4 1 1 1 0 2 2 2 2 3 3 3 3 3 0 4 0 4 4 4 4 4 5 5 5 5 6 6 6 6 6 6 6 10 11 7 7 8 8 9 12 9 10 12 8 11 7 11 11 7 12 12 12 12]
I; MQ:  6,1775; MV:    5; DT:    0; SOL: [0 0 0 0 1 1 1 1 1 1 2 2 2 2 3 3 3 3 3 4 4 4 4 4 4 4 4 5 5 5 5 6 6 6 6 6 6 6 6 7 7 7 8 8 9 10 9 10 10 10 11 11 11 11 7 12 12 12 12]
I; MQ:  6,5673; MV:    9; DT:    1; SOL: [0 0 0 0 0 1 1 1 1 0 2 2 2 2 3 3 3 3 3 4 4 4 4 4 4 4 4 5 5 5 5 6 6 6 6 6 6 6 10 11 7 7 8 8 9 12 9 10 10 10 11 11 11 11 7 12 12 12 12]
I; MQ:  6,9824; MV:   14; DT:    1; SOL: [0 0 0 0 0 4 1 1 1 0 2 2 2 2 3 3 3 3 3 0 4 4 4 4 4 4 4 5 5 5 5 6 6 6 6 6 6 6 10 11 7 7 8 8 9 12 9 10 12 8 11 7 11 11 7 12 12 12 12]
I; MQ:  7,0336; MV:   15; DT:    1; SOL: [0 0 0 0 0 4 1 1 1 0 2 2 2 2 3 3 3 3 3 0 4 0 4 4 4 4 4 5 5 5 5 6 6 6 6 6 6 6 10 11 7 7 8 8 9 12 9 10 12 8 11 7 11 11 7 12 12 12 12]

Cycle #20: javaocr
S; MQ:  5,4668; MV:    0; DT:    0; SOL: [0 0 1 1 1 1 1 1 1 1 2 2 2 2 3 3 3 3 3 4 4 4 4 4 4 4 4 5 5 5 5 6 6 6 6 6 6 6 6 7 7 7 8 8 9 9 9 10 10 10 10 11 11 11 11 12 12 12 12]
C; MQ:  7,0458; MV:   18; DT:    0; SOL: [0 0 0 0 0 4 1 1 1 0 2 2 2 2 3 3 3 3 3 0 4 0 4 4 4 4 4 5 5 5 5 6 6 6 6 6 6 6 10 7 11 7 8 8 9 8 9 10 12 8 7 7 7 11 7 12 12 8 9]
I; MQ:  5,8822; MV:    5; DT:    0; SOL: [0 1 1 1 1 1 1 1 1 1 2 2 2 2 3 3 3 3 3 4 4 4 4 4 4 4 4 5 5 5 5 6 6 6 6 6 6 6 6 11 11 7 8 8 9 9 9 10 12 10 10 11 7 11 11 12 12 12 12]
I; MQ:  6,1511; MV:   10; DT:    0; SOL: [0 1 1 1 1 1 1 1 1 1 2 2 2 2 3 3 3 3 3 4 4 4 4 4 4 4 4 5 5 5 5 6 6 6 6 6 6 6 10 11 11 7 8 8 9 9 9 10 12 8 10 7 7 11 11 12 12 9 9]
I; MQ:  6,2976; MV:   12; DT:    2; SOL: [0 1 1 1 1 1 1 1 1 1 2 2 2 2 3 3 3 3 3 4 4 4 4 4 4 4 4 5 5 5 5 6 6 6 6 6 6 6 10 7 11 7 8 8 9 8 9 10 12 8 7 7 7 11 7 12 12 8 9]
I; MQ:  6,6833; MV:   15; DT:    3; SOL: [0 0 1 0 0 1 1 1 1 0 2 2 2 2 3 3 3 3 3 0 4 4 4 4 4 4 4 5 5 5 5 6 6 6 6 6 6 6 10 7 11 7 8 8 9 8 9 10 12 8 7 7 7 11 7 12 12 8 9]
I; MQ:  7,0458; MV:   18; DT:    3; SOL: [0 0 0 0 0 4 1 1 1 0 2 2 2 2 3 3 3 3 3 0 4 0 4 4 4 4 4 5 5 5 5 6 6 6 6 6 6 6 10 7 11 7 8 8 9 8 9 10 12 8 7 7 7 11 7 12 12 8 9]

Cycle #21: javaocr
S; MQ:  5,4668; MV:    0; DT:    0; SOL: [0 0 1 1 1 1 1 1 1 1 2 2 2 2 3 3 3 3 3 4 4 4 4 4 4 4 4 5 5 5 5 6 6 6 6 6 6 6 6 7 7 7 8 8 9 9 9 10 10 10 10 11 11 11 11 12 12 12 12]
C; MQ:  7,6165; MV:   22; DT:    0; SOL: [0 7 7 7 7 4 1 1 1 7 2 2 2 2 3 3 3 3 3 7 7 7 4 4 4 0 0 5 5 5 5 6 6 6 6 6 6 6 10 11 11 11 8 8 9 12 9 10 12 12 11 11 11 11 11 8 8 12 9]
I; MQ:  6,0398; MV:    5; DT:    0; SOL: [0 7 1 7 1 4 1 1 1 1 2 2 2 2 3 3 3 3 3 4 4 4 4 4 4 4 4 5 5 5 5 6 6 6 6 6 6 6 10 7 7 7 8 8 9 12 9 10 10 10 10 11 11 11 11 12 12 12 12]
I; MQ:  6,3801; MV:    9; DT:    1; SOL: [0 7 1 7 1 4 1 1 1 1 2 2 2 2 3 3 3 3 3 4 4 4 4 4 4 4 4 5 5 5 5 6 6 6 6 6 6 6 7 7 11 11 8 8 9 12 9 10 10 10 10 11 11 11 11 8 8 12 12]
I; MQ:  6,5037; MV:   13; DT:    2; SOL: [0 7 0 7 1 4 1 1 1 1 2 2 2 2 3 3 3 3 3 7 7 4 4 4 4 4 4 5 5 5 5 6 6 6 6 6 6 6 10 7 11 11 8 8 9 12 9 10 10 10 11 11 11 11 11 8 8 12 12]
I; MQ:  7,0379; MV:   17; DT:    3; SOL: [0 7 7 7 0 4 1 1 1 0 2 2 2 2 3 3 3 3 3 7 7 0 4 4 4 4 7 5 5 5 5 6 6 6 6 6 6 6 10 7 11 11 8 8 9 12 9 10 10 10 11 11 11 11 11 8 8 12 12]
I; MQ:  7,4071; MV:   18; DT:    7; SOL: [0 7 7 7 7 4 1 1 1 7 2 2 2 2 3 3 3 3 3 7 7 7 4 4 4 0 0 5 5 5 5 6 6 6 6 6 6 6 10 7 11 11 8 8 9 12 9 10 10 10 11 11 11 11 11 8 8 12 12]
I; MQ:  7,5874; MV:   21; DT:    8; SOL: [0 7 7 7 7 4 1 1 1 7 2 2 2 2 3 3 3 3 3 7 7 7 4 4 4 0 0 5 5 5 5 6 6 6 6 6 6 6 10 11 11 11 8 8 9 12 9 10 12 12 10 11 11 11 11 8 8 12 9]
I; MQ:  7,6165; MV:   22; DT:    9; SOL: [0 7 7 7 7 4 1 1 1 7 2 2 2 2 3 3 3 3 3 7 7 7 4 4 4 0 0 5 5 5 5 6 6 6 6 6 6 6 10 11 11 11 8 8 9 12 9 10 12 12 11 11 11 11 11 8 8 12 9]

Cycle #22: javaocr
S; MQ:  5,4668; MV:    0; DT:    0; SOL: [0 0 1 1 1 1 1 1 1 1 2 2 2 2 3 3 3 3 3 4 4 4 4 4 4 4 4 5 5 5 5 6 6 6 6 6 6 6 6 7 7 7 8 8 9 9 9 10 10 10 10 11 11 11 11 12 12 12 12]
C; MQ:  7,6165; MV:   22; DT:    0; SOL: [0 7 7 7 7 4 1 1 1 7 2 2 2 2 3 3 3 3 3 7 7 7 4 4 4 0 0 5 5 5 5 6 6 6 6 6 6 6 10 11 11 11 8 8 9 12 9 10 12 12 11 11 11 11 11 8 8 12 9]
I; MQ:  5,8333; MV:    5; DT:    0; SOL: [0 0 1 1 1 4 1 1 1 1 2 2 2 2 3 3 3 3 3 4 4 4 4 4 4 4 4 5 5 5 5 6 6 6 6 6 6 6 6 7 7 11 8 8 9 9 9 10 12 10 10 11 7 11 7 12 12 12 12]
I; MQ:  6,1292; MV:    8; DT:    1; SOL: [0 0 1 0 1 4 1 1 1 1 2 2 2 2 3 3 3 3 3 4 4 4 4 4 4 4 4 5 5 5 5 6 6 6 6 6 6 6 0 11 7 11 8 8 9 9 9 0 12 10 10 11 7 11 11 12 12 12 12]
I; MQ:  6,3035; MV:   12; DT:    2; SOL: [0 0 1 13 0 4 1 1 1 0 2 2 2 2 3 3 3 3 13 4 4 4 4 4 4 4 4 5 5 5 5 6 6 6 6 6 6 6 0 11 7 11 8 8 9 9 9 0 12 10 10 11 7 11 11 12 8 12 12]
I; MQ:  6,4886; MV:   10; DT:    7; SOL: [0 0 1 7 7 4 1 1 1 7 2 2 2 2 3 3 3 3 3 4 4 4 4 4 4 4 4 5 5 5 5 6 6 6 6 6 6 6 0 11 7 11 8 8 9 9 9 0 12 10 10 11 11 11 11 12 8 12 12]
I; MQ:  6,6142; MV:   15; DT:    7; SOL: [0 0 1 7 7 4 1 1 1 7 2 2 2 2 3 3 3 3 3 7 7 7 4 4 4 0 7 5 5 5 5 6 6 6 6 6 6 6 0 11 7 11 8 8 9 9 9 0 12 10 10 11 11 11 11 12 8 12 12]
I; MQ:  7,0461; MV:   16; DT:   10; SOL: [0 7 0 7 7 4 1 1 1 7 2 2 2 2 3 3 3 3 3 7 7 7 4 4 4 0 0 5 5 5 5 6 6 6 6 6 6 6 10 11 7 11 8 8 9 9 9 10 12 10 10 11 11 11 11 12 8 12 12]
I; MQ:  7,4251; MV:   20; DT:   11; SOL: [0 7 7 7 7 4 1 1 1 7 2 2 2 2 3 3 3 3 3 7 7 7 4 4 4 0 0 5 5 5 5 6 6 6 6 6 6 6 10 11 7 11 8 8 9 8 9 10 12 8 11 11 11 11 11 8 8 12 12]
I; MQ:  7,6165; MV:   22; DT:   13; SOL: [0 7 7 7 7 4 1 1 1 7 2 2 2 2 3 3 3 3 3 7 7 7 4 4 4 0 0 5 5 5 5 6 6 6 6 6 6 6 10 11 11 11 8 8 9 12 9 10 12 12 11 11 11 11 11 8 8 12 9]

Cycle #23: javaocr
S; MQ:  5,4668; MV:    0; DT:    0; SOL: [0 0 1 1 1 1 1 1 1 1 2 2 2 2 3 3 3 3 3 4 4 4 4 4 4 4 4 5 5 5 5 6 6 6 6 6 6 6 6 7 7 7 8 8 9 9 9 10 10 10 10 11 11 11 11 12 12 12 12]
C; MQ:  7,1074; MV:   17; DT:    0; SOL: [0 7 7 7 7 4 1 1 1 7 2 2 2 2 3 3 3 3 3 7 4 7 4 4 4 4 4 5 5 5 5 6 6 6 6 6 6 6 0 11 11 11 8 8 9 12 9 0 10 10 11 11 11 11 11 8 8 12 12]
I; MQ:  5,7671; MV:    5; DT:    0; SOL: [0 1 1 1 1 1 1 1 1 1 2 2 2 2 3 3 3 3 3 4 4 4 4 4 4 4 4 5 5 5 5 6 6 6 6 6 6 6 6 7 7 7 8 8 9 9 9 10 10 10 11 11 11 11 7 8 8 12 12]
I; MQ:  6,0763; MV:   10; DT:    0; SOL: [0 1 1 1 1 4 1 1 1 1 2 2 2 2 3 3 3 3 3 4 4 4 4 4 4 4 4 5 5 5 5 6 6 6 6 6 6 6 0 11 11 7 8 8 9 9 9 0 10 10 11 11 11 11 7 8 8 12 12]
I; MQ:  6,4416; MV:   12; DT:    2; SOL: [0 7 7 7 1 4 1 1 1 0 2 2 2 2 3 3 3 3 3 4 4 4 4 4 4 4 4 5 5 5 5 6 6 6 6 6 6 6 0 11 11 7 8 8 9 9 9 0 10 10 11 11 11 11 11 8 8 12 12]
I; MQ:  6,6710; MV:   14; DT:    4; SOL: [0 7 7 7 0 4 1 1 1 7 2 2 2 2 3 3 3 3 3 4 4 4 4 4 4 4 4 5 5 5 5 6 6 6 6 6 6 6 0 11 11 7 8 8 9 9 9 0 12 10 10 11 11 11 11 8 8 12 9]
I; MQ:  6,9579; MV:   14; DT:    8; SOL: [0 7 7 7 7 4 1 1 1 7 2 2 2 2 3 3 3 3 3 4 4 4 4 4 4 4 4 5 5 5 5 6 6 6 6 6 6 6 0 11 11 7 8 8 9 10 9 0 10 10 11 11 11 11 11 8 8 12 12]
I; MQ:  7,1074; MV:   17; DT:    9; SOL: [0 7 7 7 7 4 1 1 1 7 2 2 2 2 3 3 3 3 3 7 4 7 4 4 4 4 4 5 5 5 5 6 6 6 6 6 6 6 0 11 11 11 8 8 9 12 9 0 10 10 11 11 11 11 11 8 8 12 12]

Cycle #24: javaocr
S; MQ:  5,4668; MV:    0; DT:    0; SOL: [0 0 1 1 1 1 1 1 1 1 2 2 2 2 3 3 3 3 3 4 4 4 4 4 4 4 4 5 5 5 5 6 6 6 6 6 6 6 6 7 7 7 8 8 9 9 9 10 10 10 10 11 11 11 11 12 12 12 12]
C; MQ:  7,1920; MV:   22; DT:    0; SOL: [0 4 4 4 4 0 1 1 1 4 2 2 2 2 3 3 3 3 3 4 4 4 0 0 0 4 4 5 5 5 5 6 6 6 6 6 6 6 10 11 7 7 8 8 12 9 12 10 9 9 7 7 7 11 7 8 8 9 12]
I; MQ:  5,7996; MV:    5; DT:    0; SOL: [0 0 1 1 1 0 1 1 1 1 2 2 2 2 3 3 3 3 3 4 4 4 4 4 4 4 4 5 5 5 5 6 6 6 6 6 6 6 6 7 7 7 8 8 9 9 9 10 10 10 10 7 7 11 7 12 8 12 12]
I; MQ:  6,1043; MV:   10; DT:    0; SOL: [0 0 1 1 1 0 1 1 1 1 2 2 2 2 3 3 3 3 3 4 4 4 0 4 4 4 4 5 5 5 5 6 6 6 6 6 6 6 6 7 7 7 8 8 12 9 12 10 10 9 10 7 7 11 7 8 8 12 12]
I; MQ:  6,4393; MV:   15; DT:    0; SOL: [0 1 1 1 1 0 1 1 1 1 2 2 2 2 3 3 3 3 3 4 4 4 0 4 4 4 4 5 5 5 5 6 6 6 6 6 6 6 10 11 7 7 8 8 12 9 12 10 9 9 10 7 7 11 7 8 8 8 12]
I; MQ:  6,7471; MV:   19; DT:    1; SOL: [0 1 0 4 4 0 1 1 1 4 2 2 2 2 3 3 3 3 3 4 4 4 0 4 4 4 4 5 5 5 5 6 6 6 6 6 6 6 10 11 7 7 8 8 12 9 12 10 9 9 10 7 7 11 7 8 8 9 12]
I; MQ:  7,1920; MV:   22; DT:    3; SOL: [0 4 4 4 4 0 1 1 1 4 2 2 2 2 3 3 3 3 3 4 4 4 0 0 0 4 4 5 5 5 5 6 6 6 6 6 6 6 10 11 7 7 8 8 12 9 12 10 9 9 7 7 7 11 7 8 8 9 12]

Cycle #25: javaocr
S; MQ:  5,4668; MV:    0; DT:    0; SOL: [0 0 1 1 1 1 1 1 1 1 2 2 2 2 3 3 3 3 3 4 4 4 4 4 4 4 4 5 5 5 5 6 6 6 6 6 6 6 6 7 7 7 8 8 9 9 9 10 10 10 10 11 11 11 11 12 12 12 12]
C; MQ:  7,3511; MV:   22; DT:    0; SOL: [0 10 10 10 10 0 1 1 1 10 2 2 2 2 3 3 3 3 3 10 10 10 0 0 0 4 4 5 5 5 5 6 6 6 6 6 6 6 10 11 7 7 8 8 9 8 9 10 12 8 11 7 7 11 11 12 12 8 9]
I; MQ:  5,9131; MV:    5; DT:    0; SOL: [0 1 1 0 1 1 1 1 1 1 2 2 2 2 3 3 3 3 3 0 4 4 4 4 4 4 4 5 5 5 5 6 6 6 6 6 6 6 6 11 7 7 8 8 9 9 9 10 10 10 10 7 11 11 11 12 12 12 12]
I; MQ:  6,0860; MV:    8; DT:    1; SOL: [0 0 1 0 1 1 1 1 1 1 2 2 2 2 3 3 3 3 3 0 0 4 0 4 4 4 4 5 5 5 5 6 6 6 6 6 6 6 6 11 7 7 8 8 9 9 9 10 10 10 10 7 7 11 11 12 12 12 9]
I; MQ:  6,3369; MV:   13; DT:    1; SOL: [0 0 1 0 1 1 1 1 1 1 2 2 2 2 3 3 3 3 3 0 0 0 0 0 0 4 4 5 5 5 5 6 6 6 6 6 6 6 10 11 7 7 8 8 9 9 9 10 10 10 11 7 7 11 11 12 12 12 9]
I; MQ:  6,6783; MV:   17; DT:    3; SOL: [0 10 0 10 1 0 1 1 1 1 2 2 2 2 3 3 3 3 3 0 0 0 0 0 0 4 4 5 5 5 5 6 6 6 6 6 6 6 10 11 7 7 8 8 9 9 9 10 10 10 11 7 7 11 11 12 12 9 9]
I; MQ:  7,0812; MV:   20; DT:    5; SOL: [0 10 10 10 10 0 1 1 1 10 2 2 2 2 3 3 3 3 3 0 0 10 0 0 0 4 4 5 5 5 5 6 6 6 6 6 6 6 10 11 7 7 8 8 9 9 9 10 12 10 11 7 7 11 11 12 12 9 9]
I; MQ:  7,3511; MV:   22; DT:    8; SOL: [0 10 10 10 10 0 1 1 1 10 2 2 2 2 3 3 3 3 3 10 10 10 0 0 0 4 4 5 5 5 5 6 6 6 6 6 6 6 10 11 7 7 8 8 9 8 9 10 12 8 11 7 7 11 11 12 12 8 9]

Cycle #26: javaocr
S; MQ:  5,4668; MV:    0; DT:    0; SOL: [0 0 1 1 1 1 1 1 1 1 2 2 2 2 3 3 3 3 3 4 4 4 4 4 4 4 4 5 5 5 5 6 6 6 6 6 6 6 6 7 7 7 8 8 9 9 9 10 10 10 10 11 11 11 11 12 12 12 12]
C; MQ:  7,0813; MV:   19; DT:    0; SOL: [0 0 0 0 0 4 1 1 1 0 2 2 2 2 3 3 3 3 3 0 4 0 4 4 4 4 4 5 5 5 5 6 6 6 6 6 6 6 10 7 7 11 8 8 9 12 9 10 12 12 7 11 7 7 7 8 8 12 9]
I; MQ:  5,9530; MV:    5; DT:    0; SOL: [0 0 1 7 1 1 1 1 1 1 2 2 2 2 3 3 3 3 3 4 4 4 4 4 4 4 4 5 5 5 5 6 6 6 6 6 6 6 10 7 7 11 8 8 9 9 9 10 10 10 10 11 11 11 11 8 8 12 12]
I; MQ:  6,2972; MV:    9; DT:    1; SOL: [0 0 0 0 1 1 1 1 1 1 2 2 2 2 3 3 3 3 3 4 4 4 4 4 4 4 4 5 5 5 5 6 6 6 6 6 6 6 10 7 7 11 8 8 9 9 9 10 12 10 10 11 11 7 7 8 8 12 12]
I; MQ:  6,6972; MV:   14; DT:    1; SOL: [0 0 0 0 0 1 1 1 1 0 2 2 2 2 3 3 3 3 3 4 4 4 4 4 4 4 4 5 5 5 5 6 6 6 6 6 6 6 10 7 7 11 8 8 9 0 9 10 12 0 10 11 7 7 7 8 8 12 12]
I; MQ:  6,8772; MV:   17; DT:    3; SOL: [0 0 0 0 0 1 1 1 1 0 2 2 2 2 3 3 3 3 3 0 4 4 4 4 4 4 4 5 5 5 5 6 6 6 6 6 6 6 10 7 7 11 8 8 9 12 9 10 12 12 7 11 7 7 7 8 8 12 9]
I; MQ:  7,0813; MV:   19; DT:    3; SOL: [0 0 0 0 0 4 1 1 1 0 2 2 2 2 3 3 3 3 3 0 4 0 4 4 4 4 4 5 5 5 5 6 6 6 6 6 6 6 10 7 7 11 8 8 9 12 9 10 12 12 7 11 7 7 7 8 8 12 9]

Cycle #27: javaocr
S; MQ:  5,4668; MV:    0; DT:    0; SOL: [0 0 1 1 1 1 1 1 1 1 2 2 2 2 3 3 3 3 3 4 4 4 4 4 4 4 4 5 5 5 5 6 6 6 6 6 6 6 6 7 7 7 8 8 9 9 9 10 10 10 10 11 11 11 11 12 12 12 12]
C; MQ:  7,0458; MV:   18; DT:    0; SOL: [0 0 0 0 0 4 1 1 1 0 2 2 2 2 3 3 3 3 3 0 4 0 4 4 4 4 4 5 5 5 5 6 6 6 6 6 6 6 10 11 7 7 8 8 9 8 9 10 12 8 7 11 7 7 7 12 12 8 9]
I; MQ:  5,9714; MV:    5; DT:    0; SOL: [0 0 1 0 1 4 1 1 1 1 2 2 2 2 3 3 3 3 3 4 4 4 4 4 4 4 4 5 5 5 5 6 6 6 6 6 6 6 6 11 11 7 8 8 9 9 9 10 10 10 10 11 7 11 11 12 12 12 12]
I; MQ:  6,5435; MV:   10; DT:    0; SOL: [0 0 1 0 0 4 1 1 1 0 2 2 2 2 3 3 3 3 3 4 4 4 4 4 4 4 4 5 5 5 5 6 6 6 6 6 6 6 0 11 11 7 8 8 9 10 9 10 10 10 10 11 7 11 11 12 12 8 12]
I; MQ:  6,8466; MV:   13; DT:    2; SOL: [0 0 0 0 0 4 1 1 1 0 2 2 2 2 3 3 3 3 3 4 4 4 4 4 4 4 4 5 5 5 5 6 6 6 6 6 6 6 10 11 11 7 8 8 9 8 9 10 12 10 10 11 7 11 11 12 12 8 9]
I; MQ:  6,9634; MV:   16; DT:    3; SOL: [0 0 0 0 0 4 1 1 1 0 2 2 2 2 3 3 3 3 3 0 4 4 4 4 4 4 4 5 5 5 5 6 6 6 6 6 6 6 10 11 7 7 8 8 9 8 9 10 12 8 10 11 7 7 7 12 12 8 9]
I; MQ:  7,0458; MV:   18; DT:    3; SOL: [0 0 0 0 0 4 1 1 1 0 2 2 2 2 3 3 3 3 3 0 4 0 4 4 4 4 4 5 5 5 5 6 6 6 6 6 6 6 10 11 7 7 8 8 9 8 9 10 12 8 7 11 7 7 7 12 12 8 9]

Cycle #28: javaocr
S; MQ:  5,4668; MV:    0; DT:    0; SOL: [0 0 1 1 1 1 1 1 1 1 2 2 2 2 3 3 3 3 3 4 4 4 4 4 4 4 4 5 5 5 5 6 6 6 6 6 6 6 6 7 7 7 8 8 9 9 9 10 10 10 10 11 11 11 11 12 12 12 12]
C; MQ:  6,4123; MV:   15; DT:    0; SOL: [0 1 1 1 1 4 1 1 1 1 2 2 2 2 3 3 3 3 3 1 4 1 4 4 4 4 4 5 5 5 5 6 6 6 6 6 6 6 10 7 7 11 8 8 9 0 9 10 0 0 7 11 7 7 7 12 12 0 9]
I; MQ:  5,8793; MV:    5; DT:    0; SOL: [0 1 1 1 1 1 1 1 1 1 2 2 2 2 3 3 3 3 3 4 4 4 4 4 4 4 4 5 5 5 5 6 6 6 6 6 6 6 6 7 7 11 8 8 9 9 9 10 10 10 10 11 7 7 11 12 12 12 9]
I; MQ:  5,9810; MV:    9; DT:    1; SOL: [0 1 1 1 1 4 1 1 1 1 2 2 2 2 3 3 3 3 3 4 4 4 4 4 4 4 4 5 5 5 5 6 6 6 6 6 6 6 6 7 7 11 12 8 9 0 9 10 10 10 10 11 7 7 7 12 12 12 0]
I; MQ:  6,2728; MV:   12; DT:    2; SOL: [0 1 1 1 1 4 1 1 1 1 2 2 2 2 3 3 3 3 3 1 4 1 4 4 4 4 4 5 5 5 5 6 6 6 6 6 6 6 1 7 7 11 8 8 9 0 9 10 10 10 10 11 7 7 7 12 12 0 0]
I; MQ:  6,4123; MV:   15; DT:    4; SOL: [0 1 1 1 1 4 1 1 1 1 2 2 2 2 3 3 3 3 3 1 4 1 4 4 4 4 4 5 5 5 5 6 6 6 6 6 6 6 10 7 7 11 8 8 9 0 9 10 0 0 7 11 7 7 7 12 12 0 9]

Cycle #29: javaocr
S; MQ:  5,4668; MV:    0; DT:    0; SOL: [0 0 1 1 1 1 1 1 1 1 2 2 2 2 3 3 3 3 3 4 4 4 4 4 4 4 4 5 5 5 5 6 6 6 6 6 6 6 6 7 7 7 8 8 9 9 9 10 10 10 10 11 11 11 11 12 12 12 12]
C; MQ:  6,4429; MV:   14; DT:    0; SOL: [0 1 1 1 1 4 1 1 1 1 2 2 2 2 3 3 3 3 3 1 4 1 4 4 4 4 4 5 5 5 5 6 6 6 6 6 6 6 0 7 7 11 8 8 9 12 9 0 12 10 10 7 7 11 7 8 8 12 12]
I; MQ:  6,0026; MV:    5; DT:    0; SOL: [0 0 1 1 1 1 1 1 1 1 2 2 2 2 3 3 3 3 3 4 4 4 4 4 4 4 4 5 5 5 5 6 6 6 6 6 6 6 6 7 7 11 8 8 9 0 9 10 0 0 10 7 11 11 11 12 12 12 12]
I; MQ:  6,1389; MV:    6; DT:    3; SOL: [0 1 1 1 1 1 1 1 1 1 2 2 2 2 3 3 3 3 3 4 4 4 4 4 4 4 4 5 5 5 5 6 6 6 6 6 6 6 6 7 7 11 8 8 9 12 9 10 12 10 10 7 7 11 11 12 12 12 12]
I; MQ:  6,2597; MV:   11; DT:    3; SOL: [0 1 1 1 1 4 1 1 1 1 2 2 2 2 3 3 3 3 3 1 4 1 4 4 4 4 4 5 5 5 5 6 6 6 6 6 6 6 6 7 7 11 8 8 9 12 9 10 12 10 10 7 7 11 11 8 8 12 12]
I; MQ:  6,4429; MV:   14; DT:    3; SOL: [0 1 1 1 1 4 1 1 1 1 2 2 2 2 3 3 3 3 3 1 4 1 4 4 4 4 4 5 5 5 5 6 6 6 6 6 6 6 0 7 7 11 8 8 9 12 9 0 12 10 10 7 7 11 7 8 8 12 12]
