jfluid (82 classes; 4 packages; 315 deps)

Cycle #0: jfluid
S; MQ:  1,6461; MV:    0; DT:    0; SOL: [0 0 0 0 0 0 0 1 1 1 1 1 1 1 1 1 1 1 1 1 1 1 1 1 1 1 1 1 1 1 1 1 1 1 1 1 1 1 1 1 1 1 1 1 1 1 1 1 1 2 2 2 3 3 3 3 3 3 3 3 3 3 3 3 3 3 3 3 3 3 3 3 3 3 3 3 3 3 3 3 3 3]
C; MQ:  2,4755; MV:   24; DT:    0; SOL: [0 0 0 0 0 0 1 1 1 1 0 2 2 2 2 1 1 0 3 1 1 0 0 0 1 1 0 0 1 1 1 1 1 1 1 1 1 1 1 1 1 0 0 0 0 0 0 0 1 2 1 2 3 3 3 3 3 3 3 3 3 3 3 3 1 3 3 3 1 3 3 3 2 3 3 3 3 3 3 3 3 3]
I; MQ:  2,0100; MV:    5; DT:    0; SOL: [0 0 0 0 0 0 0 1 1 1 1 1 2 1 2 1 1 1 1 1 1 1 1 1 1 1 1 1 1 1 1 1 1 1 1 1 1 1 1 1 1 1 0 1 1 0 1 1 1 2 2 2 3 3 3 3 3 3 3 3 3 3 3 3 1 3 3 3 3 3 3 3 3 3 3 3 3 3 3 3 3 3]
I; MQ:  2,0494; MV:   10; DT:    0; SOL: [0 0 0 0 0 0 1 1 1 1 1 1 2 1 2 1 1 1 1 1 1 1 0 1 0 1 1 1 1 1 1 1 1 1 1 1 1 1 1 1 1 0 0 1 1 0 0 1 1 2 2 2 3 3 3 3 3 3 3 3 3 3 3 3 1 3 3 3 3 3 3 3 3 3 3 3 3 3 3 3 3 3]
I; MQ:  2,0908; MV:   13; DT:    1; SOL: [0 0 0 0 0 0 1 1 1 1 0 1 2 1 2 1 1 0 1 1 1 0 0 1 0 1 2 1 1 1 1 1 1 1 1 1 1 1 1 1 1 0 0 1 1 0 1 1 1 2 2 2 3 3 3 3 3 3 3 3 3 3 3 3 1 3 3 3 3 3 3 3 3 3 3 3 3 3 3 3 3 3]
I; MQ:  2,2475; MV:   15; DT:    3; SOL: [0 0 0 0 0 0 1 1 1 1 0 2 2 1 2 1 1 0 1 1 1 0 0 1 1 1 0 0 1 1 1 1 1 1 1 1 1 1 1 1 1 0 0 1 1 0 1 1 1 2 1 2 3 3 3 3 3 3 3 3 3 3 3 3 1 3 3 3 3 3 3 3 3 3 3 3 3 3 3 3 3 3]
I; MQ:  2,3852; MV:   20; DT:    4; SOL: [0 0 0 0 0 0 1 1 1 1 0 2 2 2 2 1 1 0 1 1 1 0 0 0 1 0 0 0 1 1 1 1 1 1 1 1 1 1 1 1 1 0 0 1 1 0 0 0 1 2 1 2 3 3 3 3 3 3 3 3 3 3 3 3 1 3 3 3 3 3 3 3 3 3 3 3 3 3 3 3 3 3]
I; MQ:  2,4748; MV:   23; DT:    5; SOL: [0 0 0 0 0 0 1 1 1 1 0 2 2 2 2 1 1 0 3 1 1 0 0 0 1 1 0 0 1 1 1 1 1 1 1 1 1 1 1 1 1 0 0 0 0 0 0 0 1 2 1 2 3 3 3 3 3 3 3 3 3 3 3 3 1 3 3 3 3 3 3 3 2 3 3 3 3 3 3 3 3 3]
I; MQ:  2,4755; MV:   24; DT:    5; SOL: [0 0 0 0 0 0 1 1 1 1 0 2 2 2 2 1 1 0 3 1 1 0 0 0 1 1 0 0 1 1 1 1 1 1 1 1 1 1 1 1 1 0 0 0 0 0 0 0 1 2 1 2 3 3 3 3 3 3 3 3 3 3 3 3 1 3 3 3 1 3 3 3 2 3 3 3 3 3 3 3 3 3]

Cycle #1: jfluid
S; MQ:  1,6461; MV:    0; DT:    0; SOL: [0 0 0 0 0 0 0 1 1 1 1 1 1 1 1 1 1 1 1 1 1 1 1 1 1 1 1 1 1 1 1 1 1 1 1 1 1 1 1 1 1 1 1 1 1 1 1 1 1 2 2 2 3 3 3 3 3 3 3 3 3 3 3 3 3 3 3 3 3 3 3 3 3 3 3 3 3 3 3 3 3 3]
C; MQ:  1,9293; MV:   14; DT:    0; SOL: [0 1 0 0 0 0 0 0 1 1 0 1 1 1 1 1 1 0 3 0 1 1 1 1 1 1 1 1 1 1 1 1 1 1 1 1 1 1 1 1 1 0 0 1 1 0 1 0 1 1 1 1 3 3 3 3 3 3 3 3 3 3 3 3 3 3 3 3 3 3 3 3 1 3 3 3 3 3 3 3 3 3]
I; MQ:  1,8063; MV:    5; DT:    0; SOL: [0 0 0 0 0 0 0 1 1 1 0 1 1 1 1 1 1 0 1 1 1 1 1 1 1 1 1 1 1 1 1 1 1 1 1 1 1 1 1 1 1 1 0 1 1 1 1 1 1 1 2 1 3 3 3 3 3 3 3 3 3 3 3 3 3 3 3 3 3 3 3 3 3 3 3 3 3 3 3 3 3 3]
I; MQ:  1,8882; MV:   10; DT:    0; SOL: [0 0 0 0 0 0 0 0 1 1 0 1 1 1 1 1 1 0 3 0 1 1 1 1 1 1 1 1 1 1 1 1 1 1 1 1 1 1 1 1 1 1 0 1 1 1 1 1 1 1 1 1 3 3 3 3 3 3 3 3 3 3 3 3 3 3 3 3 3 3 3 3 1 3 3 3 3 3 3 3 3 3]
I; MQ:  1,9293; MV:   14; DT:    0; SOL: [0 1 0 0 0 0 0 0 1 1 0 1 1 1 1 1 1 0 3 0 1 1 1 1 1 1 1 1 1 1 1 1 1 1 1 1 1 1 1 1 1 0 0 1 1 0 1 0 1 1 1 1 3 3 3 3 3 3 3 3 3 3 3 3 3 3 3 3 3 3 3 3 1 3 3 3 3 3 3 3 3 3]

Cycle #2: jfluid
S; MQ:  1,6461; MV:    0; DT:    0; SOL: [0 0 0 0 0 0 0 1 1 1 1 1 1 1 1 1 1 1 1 1 1 1 1 1 1 1 1 1 1 1 1 1 1 1 1 1 1 1 1 1 1 1 1 1 1 1 1 1 1 2 2 2 3 3 3 3 3 3 3 3 3 3 3 3 3 3 3 3 3 3 3 3 3 3 3 3 3 3 3 3 3 3]
C; MQ:  2,1480; MV:   17; DT:    0; SOL: [0 1 0 0 0 0 1 0 1 1 0 1 1 1 1 1 0 1 3 1 1 1 1 1 1 1 2 2 1 1 1 1 1 1 1 1 1 1 1 1 1 0 0 1 1 0 1 0 1 1 1 2 3 3 3 3 3 3 3 3 3 3 3 3 1 3 3 3 0 3 3 3 1 3 3 3 3 3 3 3 3 3]
I; MQ:  1,8307; MV:    5; DT:    0; SOL: [0 1 0 0 0 0 0 1 1 1 1 1 1 1 1 1 0 1 1 1 1 1 1 1 1 1 1 1 1 1 1 1 1 1 1 1 1 1 1 1 1 1 1 1 1 0 2 1 1 2 2 2 3 3 3 3 3 3 3 3 3 3 3 3 1 3 3 3 3 3 3 3 3 3 3 3 3 3 3 3 3 3]
I; MQ:  1,9542; MV:    8; DT:    1; SOL: [0 0 0 0 0 0 1 1 1 1 0 1 1 1 1 1 0 1 1 1 1 1 1 1 1 1 2 1 1 1 1 1 1 1 1 1 1 1 1 1 1 1 1 1 1 0 2 1 1 2 2 2 3 3 3 3 3 3 3 3 3 3 3 3 1 3 3 3 0 3 3 3 3 3 3 3 3 3 3 3 3 3]
I; MQ:  2,0221; MV:   13; DT:    2; SOL: [0 1 0 0 0 0 1 0 1 1 0 1 1 1 1 1 0 1 3 1 1 1 1 1 1 1 2 2 1 1 1 1 1 1 1 1 1 1 1 1 1 1 0 1 1 0 2 1 1 2 2 2 3 3 3 3 3 3 3 3 3 3 3 3 1 3 3 3 0 3 3 3 3 3 3 3 3 3 3 3 3 3]
I; MQ:  2,0769; MV:   16; DT:    3; SOL: [0 1 0 0 0 0 1 0 1 1 0 1 1 1 1 1 0 1 3 1 1 1 1 1 1 1 2 2 1 1 1 1 1 1 1 1 1 1 1 1 1 0 0 1 1 0 1 2 1 1 2 2 3 3 3 3 3 3 3 3 3 3 3 3 1 3 3 3 0 3 3 3 1 3 3 3 3 3 3 3 3 3]
I; MQ:  2,1480; MV:   17; DT:    4; SOL: [0 1 0 0 0 0 1 0 1 1 0 1 1 1 1 1 0 1 3 1 1 1 1 1 1 1 2 2 1 1 1 1 1 1 1 1 1 1 1 1 1 0 0 1 1 0 1 0 1 1 1 2 3 3 3 3 3 3 3 3 3 3 3 3 1 3 3 3 0 3 3 3 1 3 3 3 3 3 3 3 3 3]

Cycle #3: jfluid
S; MQ:  1,6461; MV:    0; DT:    0; SOL: [0 0 0 0 0 0 0 1 1 1 1 1 1 1 1 1 1 1 1 1 1 1 1 1 1 1 1 1 1 1 1 1 1 1 1 1 1 1 1 1 1 1 1 1 1 1 1 1 1 2 2 2 3 3 3 3 3 3 3 3 3 3 3 3 3 3 3 3 3 3 3 3 3 3 3 3 3 3 3 3 3 3]
C; MQ:  2,2001; MV:   17; DT:    0; SOL: [0 1 0 0 0 0 0 0 1 1 0 1 1 1 1 1 1 0 3 0 1 1 1 1 1 1 2 2 1 1 1 1 1 1 1 1 1 1 1 1 1 0 0 0 0 0 1 0 1 1 1 2 3 3 3 3 3 3 3 3 3 3 3 3 3 3 3 3 3 3 3 3 1 3 3 3 3 3 3 3 3 3]
I; MQ:  1,8564; MV:    5; DT:    0; SOL: [0 0 0 0 0 0 0 0 1 1 1 1 1 1 1 1 1 1 1 1 1 1 1 1 1 1 2 1 1 1 1 1 1 1 1 1 1 1 1 1 1 0 1 0 0 1 1 1 1 2 2 2 3 3 3 3 3 3 3 3 3 3 3 3 3 3 3 3 3 3 3 3 3 3 3 3 3 3 3 3 3 3]
I; MQ:  1,9819; MV:   10; DT:    0; SOL: [0 0 0 0 0 0 0 0 1 1 0 1 1 1 1 1 1 0 3 0 1 1 1 1 1 1 2 1 1 1 1 1 1 1 1 1 1 1 1 1 1 0 1 0 0 1 1 1 1 2 2 2 3 3 3 3 3 3 3 3 3 3 3 3 3 3 3 3 3 3 3 3 1 3 3 3 3 3 3 3 3 3]
I; MQ:  2,1782; MV:   15; DT:    0; SOL: [0 1 0 0 0 0 0 0 1 1 0 1 1 1 1 1 1 0 3 0 1 1 1 1 1 1 2 2 1 1 1 1 1 1 1 1 1 1 1 1 1 0 1 0 0 0 1 1 1 1 0 2 3 3 3 3 3 3 3 3 3 3 3 3 3 3 3 3 3 3 3 3 1 3 3 3 3 3 3 3 3 3]
I; MQ:  2,2001; MV:   17; DT:    1; SOL: [0 1 0 0 0 0 0 0 1 1 0 1 1 1 1 1 1 0 3 0 1 1 1 1 1 1 2 2 1 1 1 1 1 1 1 1 1 1 1 1 1 0 0 0 0 0 1 0 1 1 1 2 3 3 3 3 3 3 3 3 3 3 3 3 3 3 3 3 3 3 3 3 1 3 3 3 3 3 3 3 3 3]

Cycle #4: jfluid
S; MQ:  1,6461; MV:    0; DT:    0; SOL: [0 0 0 0 0 0 0 1 1 1 1 1 1 1 1 1 1 1 1 1 1 1 1 1 1 1 1 1 1 1 1 1 1 1 1 1 1 1 1 1 1 1 1 1 1 1 1 1 1 2 2 2 3 3 3 3 3 3 3 3 3 3 3 3 3 3 3 3 3 3 3 3 3 3 3 3 3 3 3 3 3 3]
C; MQ:  2,3524; MV:   29; DT:    0; SOL: [0 0 0 0 2 0 0 0 0 0 0 1 1 1 1 1 0 0 0 0 0 2 2 2 2 2 1 1 1 1 1 1 1 1 1 1 1 1 1 1 1 2 2 2 2 0 2 2 1 1 0 1 3 3 3 3 3 3 3 3 3 3 3 3 0 3 3 3 0 3 3 3 1 3 3 0 3 3 3 3 3 3]
I; MQ:  1,7362; MV:    5; DT:    0; SOL: [0 0 0 0 0 0 0 1 0 2 1 1 1 1 1 1 1 1 1 1 1 1 1 1 1 1 1 1 2 1 1 1 1 1 1 1 1 1 1 1 1 1 1 1 1 1 2 1 1 2 2 2 3 3 3 3 3 3 3 3 3 3 3 3 3 3 3 3 3 3 3 3 1 3 3 3 3 3 3 3 3 3]
I; MQ:  1,8210; MV:    7; DT:    2; SOL: [0 0 0 0 0 0 0 1 0 0 1 1 1 1 1 1 0 1 1 1 1 1 1 1 1 1 1 1 1 1 1 1 1 1 1 1 1 1 1 1 1 1 1 0 1 1 2 1 1 2 2 2 3 3 3 3 3 3 3 3 3 3 3 3 3 3 3 3 0 3 3 3 1 3 3 3 3 3 3 3 3 3]
I; MQ:  1,9699; MV:   11; DT:    4; SOL: [0 0 0 0 2 0 0 1 0 0 1 1 1 1 1 1 0 1 1 1 1 1 2 1 1 1 1 1 2 1 1 1 1 1 1 1 1 1 1 1 1 2 1 2 1 1 2 1 1 2 2 2 3 3 3 3 3 3 3 3 3 3 3 3 3 3 3 3 0 3 3 3 1 3 3 3 3 3 3 3 3 3]
I; MQ:  2,0318; MV:   14; DT:    5; SOL: [0 0 0 0 2 0 0 1 0 0 1 1 1 1 1 1 0 1 1 0 1 2 2 2 1 1 1 1 1 1 1 1 1 1 1 1 1 1 1 1 1 2 1 2 1 1 2 1 1 2 1 2 3 3 3 3 3 3 3 3 3 3 3 3 3 3 3 3 0 3 3 3 1 3 3 3 3 3 3 3 3 3]
I; MQ:  2,0885; MV:   19; DT:    5; SOL: [0 0 0 0 2 0 0 0 0 0 1 1 1 1 1 1 0 2 1 0 0 2 2 2 1 2 1 1 1 1 1 1 1 1 1 1 1 1 1 1 1 2 1 2 1 1 2 1 1 2 1 0 3 3 3 3 3 3 3 3 3 3 3 3 3 3 3 3 0 3 3 3 1 3 3 3 3 3 3 3 3 3]
I; MQ:  2,1442; MV:   21; DT:    8; SOL: [0 0 0 0 2 0 0 0 0 0 1 1 1 1 1 1 0 0 0 0 0 2 2 2 1 2 1 1 1 1 1 1 1 1 1 1 1 1 1 1 1 2 1 2 1 1 2 1 1 2 0 1 3 3 3 3 3 3 3 3 3 3 3 3 3 3 3 3 0 3 3 3 1 3 3 0 3 3 3 3 3 3]
I; MQ:  2,3059; MV:   26; DT:    8; SOL: [0 0 0 0 2 0 0 0 0 0 0 1 1 1 1 1 0 0 0 0 0 2 2 2 2 2 1 1 1 1 1 1 1 1 1 1 1 1 1 1 1 2 1 2 2 1 2 2 1 1 0 1 3 3 3 3 3 3 3 3 3 3 3 3 3 3 3 3 0 3 3 3 1 3 3 0 3 3 3 3 3 3]
I; MQ:  2,3524; MV:   29; DT:    8; SOL: [0 0 0 0 2 0 0 0 0 0 0 1 1 1 1 1 0 0 0 0 0 2 2 2 2 2 1 1 1 1 1 1 1 1 1 1 1 1 1 1 1 2 2 2 2 0 2 2 1 1 0 1 3 3 3 3 3 3 3 3 3 3 3 3 0 3 3 3 0 3 3 3 1 3 3 0 3 3 3 3 3 3]

Cycle #5: jfluid
S; MQ:  1,6461; MV:    0; DT:    0; SOL: [0 0 0 0 0 0 0 1 1 1 1 1 1 1 1 1 1 1 1 1 1 1 1 1 1 1 1 1 1 1 1 1 1 1 1 1 1 1 1 1 1 1 1 1 1 1 1 1 1 2 2 2 3 3 3 3 3 3 3 3 3 3 3 3 3 3 3 3 3 3 3 3 3 3 3 3 3 3 3 3 3 3]
C; MQ:  2,4720; MV:   19; DT:    0; SOL: [0 1 0 0 0 0 0 0 1 1 0 2 2 2 2 1 1 0 3 0 1 1 1 1 1 1 1 1 1 1 1 1 1 1 1 1 1 1 1 1 1 0 0 0 0 0 1 0 1 2 1 1 3 3 3 3 3 3 3 3 3 3 3 3 3 3 3 3 3 3 3 3 2 3 3 3 3 3 3 3 3 3]
I; MQ:  1,9125; MV:    5; DT:    0; SOL: [0 0 0 0 0 0 0 1 1 1 1 1 1 1 1 1 1 1 1 0 1 1 1 1 1 1 2 2 1 1 1 1 1 1 1 1 1 1 1 1 1 1 1 0 1 1 2 1 1 2 2 2 3 3 3 3 3 3 3 3 3 3 3 3 3 3 3 3 3 3 3 3 3 3 3 3 3 3 3 3 3 3]
I; MQ:  1,9972; MV:   10; DT:    0; SOL: [0 0 0 0 0 0 0 0 1 1 1 1 1 1 1 1 1 1 1 0 1 1 1 1 1 1 2 2 1 1 1 1 1 1 1 1 1 1 1 1 1 1 0 0 0 1 2 1 1 2 2 2 3 3 3 3 3 3 3 3 3 3 3 3 3 3 3 3 0 3 3 3 1 3 3 3 3 3 3 3 3 3]
I; MQ:  2,0878; MV:   13; DT:    1; SOL: [0 1 0 0 0 0 0 0 1 1 1 1 1 1 1 1 1 1 3 0 1 1 1 1 1 1 2 2 1 1 1 1 1 1 1 1 1 1 1 1 1 1 0 0 0 0 2 0 1 2 2 2 3 3 3 3 3 3 3 3 3 3 3 3 3 3 3 3 3 3 3 3 1 3 3 3 3 3 3 3 3 3]
I; MQ:  2,1469; MV:   17; DT:    2; SOL: [0 1 0 0 0 0 0 0 1 1 0 1 2 1 1 1 1 0 3 0 1 1 1 1 1 1 2 2 1 1 1 1 1 1 1 1 1 1 1 1 1 1 0 0 0 0 2 2 1 2 1 2 3 3 3 3 3 3 3 3 3 3 3 3 3 3 3 3 3 3 3 3 1 3 3 3 3 3 3 3 3 3]
I; MQ:  2,2184; MV:   17; DT:    5; SOL: [0 1 0 0 0 0 0 0 1 1 0 2 2 2 1 1 1 0 3 0 1 1 1 1 1 1 1 1 1 1 1 1 1 1 1 1 1 1 1 1 1 1 0 0 0 0 2 2 1 2 1 2 3 3 3 3 3 3 3 3 3 3 3 3 3 3 3 3 3 3 3 3 2 3 3 3 3 3 3 3 3 3]
I; MQ:  2,4720; MV:   19; DT:    7; SOL: [0 1 0 0 0 0 0 0 1 1 0 2 2 2 2 1 1 0 3 0 1 1 1 1 1 1 1 1 1 1 1 1 1 1 1 1 1 1 1 1 1 0 0 0 0 0 1 0 1 2 1 1 3 3 3 3 3 3 3 3 3 3 3 3 3 3 3 3 3 3 3 3 2 3 3 3 3 3 3 3 3 3]

Cycle #6: jfluid
S; MQ:  1,6461; MV:    0; DT:    0; SOL: [0 0 0 0 0 0 0 1 1 1 1 1 1 1 1 1 1 1 1 1 1 1 1 1 1 1 1 1 1 1 1 1 1 1 1 1 1 1 1 1 1 1 1 1 1 1 1 1 1 2 2 2 3 3 3 3 3 3 3 3 3 3 3 3 3 3 3 3 3 3 3 3 3 3 3 3 3 3 3 3 3 3]
C; MQ:  2,5299; MV:   18; DT:    0; SOL: [0 1 0 0 0 0 0 0 1 1 0 1 1 1 1 1 1 0 3 0 1 1 1 1 1 1 1 1 1 1 2 2 2 2 1 1 1 1 1 1 1 0 0 1 1 0 1 0 1 1 1 1 3 3 3 3 3 3 3 3 3 3 3 3 3 3 3 3 3 3 3 3 1 3 3 3 3 3 3 3 3 3]
I; MQ:  1,8269; MV:    5; DT:    0; SOL: [0 0 0 0 0 0 0 1 1 1 1 1 1 1 1 1 1 1 3 1 1 1 1 1 1 1 1 1 1 1 1 1 1 2 1 1 1 1 1 1 1 0 0 1 1 1 2 1 1 2 2 2 3 3 3 3 3 3 3 3 3 3 3 3 3 3 3 3 3 3 3 3 3 3 3 3 3 3 3 3 3 3]
I; MQ:  1,9944; MV:    8; DT:    1; SOL: [0 0 0 0 0 0 0 1 1 1 1 1 1 1 1 1 0 1 3 1 1 1 1 1 1 1 1 1 1 1 1 2 1 2 1 1 1 1 1 1 1 0 0 1 1 0 1 1 1 2 2 2 3 3 3 3 3 3 3 3 3 3 3 3 3 3 3 3 0 3 3 3 3 3 3 3 3 3 3 3 3 3]
I; MQ:  2,2350; MV:   11; DT:    2; SOL: [0 0 0 0 0 0 0 1 1 1 0 1 1 1 1 1 1 0 3 1 1 1 1 1 1 1 1 1 1 1 2 2 1 2 1 1 1 1 1 1 1 0 0 1 1 0 1 1 1 1 2 2 3 3 3 3 3 3 3 3 3 3 3 3 3 3 3 3 0 3 3 3 3 3 3 3 3 3 3 3 3 3]
I; MQ:  2,4403; MV:   14; DT:    3; SOL: [0 0 0 0 0 0 0 1 1 1 0 1 1 1 1 1 1 0 3 0 1 1 1 1 1 1 1 1 1 1 2 2 2 2 1 1 1 1 1 1 1 0 0 1 1 0 1 1 1 1 1 2 3 3 3 3 3 3 3 3 3 3 3 3 3 3 3 3 3 3 3 3 1 3 3 3 3 3 3 3 3 3]
I; MQ:  2,5299; MV:   18; DT:    3; SOL: [0 1 0 0 0 0 0 0 1 1 0 1 1 1 1 1 1 0 3 0 1 1 1 1 1 1 1 1 1 1 2 2 2 2 1 1 1 1 1 1 1 0 0 1 1 0 1 0 1 1 1 1 3 3 3 3 3 3 3 3 3 3 3 3 3 3 3 3 3 3 3 3 1 3 3 3 3 3 3 3 3 3]

Cycle #7: jfluid
S; MQ:  1,6461; MV:    0; DT:    0; SOL: [0 0 0 0 0 0 0 1 1 1 1 1 1 1 1 1 1 1 1 1 1 1 1 1 1 1 1 1 1 1 1 1 1 1 1 1 1 1 1 1 1 1 1 1 1 1 1 1 1 2 2 2 3 3 3 3 3 3 3 3 3 3 3 3 3 3 3 3 3 3 3 3 3 3 3 3 3 3 3 3 3 3]
C; MQ:  2,1655; MV:   15; DT:    0; SOL: [0 0 0 0 0 0 1 0 1 1 0 1 1 1 1 1 1 1 3 1 1 1 1 1 1 1 1 1 1 1 1 1 1 1 1 1 1 1 1 1 1 0 0 0 0 0 2 2 1 2 1 1 3 3 3 3 3 3 3 3 3 3 3 3 1 3 3 3 3 3 3 3 1 3 3 3 3 3 3 3 3 3]
I; MQ:  1,7767; MV:    5; DT:    0; SOL: [0 1 0 0 0 0 0 0 1 1 1 1 1 1 1 1 1 1 1 1 1 1 1 1 1 1 1 1 1 1 1 1 1 1 1 1 1 1 1 1 1 1 1 1 1 0 1 0 1 2 1 2 3 3 3 3 3 3 3 3 3 3 3 3 3 3 3 3 3 3 3 3 3 3 3 3 3 3 3 3 3 3]
I; MQ:  2,0192; MV:    9; DT:    1; SOL: [0 1 0 0 0 0 1 0 1 1 1 1 1 1 1 1 1 1 1 1 1 1 1 1 1 1 1 1 1 1 1 1 1 1 1 1 1 1 1 1 1 1 1 0 0 0 2 2 1 2 1 2 3 3 3 3 3 3 3 3 3 3 3 3 3 3 3 3 3 3 3 3 3 3 3 3 3 3 3 3 3 3]
I; MQ:  2,0620; MV:   12; DT:    2; SOL: [0 0 0 0 0 0 1 0 1 1 0 1 1 1 1 1 1 1 3 1 1 1 1 1 1 1 1 1 1 1 1 1 1 1 1 1 1 1 1 1 1 0 1 0 0 0 2 2 1 2 1 2 3 3 3 3 3 3 3 3 3 3 3 3 1 3 3 3 3 3 3 3 3 3 3 3 3 3 3 3 3 3]
I; MQ:  2,1655; MV:   15; DT:    2; SOL: [0 0 0 0 0 0 1 0 1 1 0 1 1 1 1 1 1 1 3 1 1 1 1 1 1 1 1 1 1 1 1 1 1 1 1 1 1 1 1 1 1 0 0 0 0 0 2 2 1 2 1 1 3 3 3 3 3 3 3 3 3 3 3 3 1 3 3 3 3 3 3 3 1 3 3 3 3 3 3 3 3 3]

Cycle #8: jfluid
S; MQ:  1,6461; MV:    0; DT:    0; SOL: [0 0 0 0 0 0 0 1 1 1 1 1 1 1 1 1 1 1 1 1 1 1 1 1 1 1 1 1 1 1 1 1 1 1 1 1 1 1 1 1 1 1 1 1 1 1 1 1 1 2 2 2 3 3 3 3 3 3 3 3 3 3 3 3 3 3 3 3 3 3 3 3 3 3 3 3 3 3 3 3 3 3]
C; MQ:  2,5451; MV:   18; DT:    0; SOL: [1 1 0 1 0 0 0 1 1 1 1 1 1 1 1 1 1 1 3 0 1 1 1 1 1 1 1 1 1 1 2 2 2 2 1 1 1 1 1 1 1 0 0 1 1 0 0 0 1 1 1 1 3 3 3 3 3 3 3 3 3 3 3 3 3 3 3 3 3 3 3 3 1 3 3 3 3 3 3 3 3 3]
I; MQ:  1,7809; MV:    5; DT:    0; SOL: [0 0 0 0 0 0 0 0 1 1 1 1 1 1 1 1 1 1 1 1 1 1 1 1 1 1 1 1 2 1 1 1 1 1 1 1 1 1 1 1 1 1 1 1 1 1 0 0 1 1 2 2 3 3 3 3 3 3 3 3 3 3 3 3 3 3 3 3 3 3 3 3 3 3 3 3 3 3 3 3 3 3]
I; MQ:  2,0816; MV:   10; DT:    0; SOL: [0 0 0 0 0 0 1 0 1 1 1 1 1 1 1 1 1 1 1 1 1 1 1 1 1 1 1 1 2 1 2 1 2 2 1 1 1 1 1 1 1 1 1 0 1 1 0 0 1 1 2 2 3 3 3 3 3 3 3 3 3 3 3 3 3 3 3 3 3 3 3 3 3 3 3 3 3 3 3 3 3 3]
I; MQ:  2,1830; MV:   11; DT:    2; SOL: [0 0 0 0 0 0 0 0 1 1 1 1 1 1 1 1 1 1 1 0 1 1 1 1 1 1 1 1 1 1 2 1 2 2 1 1 1 1 1 1 1 1 0 0 1 1 0 0 1 1 1 2 3 3 3 3 3 3 3 3 3 3 3 3 3 3 3 3 3 3 3 3 3 3 3 3 3 3 3 3 3 3]
I; MQ:  2,2704; MV:   14; DT:    3; SOL: [0 1 0 0 0 0 0 0 1 1 1 1 1 1 1 1 1 1 3 0 1 1 1 1 1 1 1 1 1 1 2 1 2 2 1 1 1 1 1 1 1 1 0 1 1 0 0 0 1 1 1 2 3 3 3 3 3 3 3 3 3 3 3 3 3 3 3 3 3 3 3 3 1 3 3 3 3 3 3 3 3 3]
I; MQ:  2,4662; MV:   17; DT:    4; SOL: [1 1 0 1 0 0 0 1 1 1 1 1 1 1 1 1 1 1 3 0 1 1 1 1 1 1 1 1 1 1 2 2 2 2 1 1 1 1 1 1 1 0 0 1 1 0 0 0 1 1 1 2 3 3 3 3 3 3 3 3 3 3 3 3 3 3 3 3 3 3 3 3 1 3 3 3 3 3 3 3 3 3]
I; MQ:  2,5451; MV:   18; DT:    4; SOL: [1 1 0 1 0 0 0 1 1 1 1 1 1 1 1 1 1 1 3 0 1 1 1 1 1 1 1 1 1 1 2 2 2 2 1 1 1 1 1 1 1 0 0 1 1 0 0 0 1 1 1 1 3 3 3 3 3 3 3 3 3 3 3 3 3 3 3 3 3 3 3 3 1 3 3 3 3 3 3 3 3 3]

Cycle #9: jfluid
S; MQ:  1,6461; MV:    0; DT:    0; SOL: [0 0 0 0 0 0 0 1 1 1 1 1 1 1 1 1 1 1 1 1 1 1 1 1 1 1 1 1 1 1 1 1 1 1 1 1 1 1 1 1 1 1 1 1 1 1 1 1 1 2 2 2 3 3 3 3 3 3 3 3 3 3 3 3 3 3 3 3 3 3 3 3 3 3 3 3 3 3 3 3 3 3]
C; MQ:  2,1947; MV:   19; DT:    0; SOL: [0 0 0 0 1 0 2 0 2 2 0 1 1 1 1 1 1 2 2 2 2 2 1 1 1 1 1 1 2 2 1 1 1 1 1 1 1 1 1 1 1 1 1 1 1 0 1 1 1 1 2 1 3 3 3 3 3 3 3 3 3 3 3 3 2 3 3 3 3 3 3 3 1 3 3 2 3 3 3 3 3 3]
I; MQ:  1,7742; MV:    5; DT:    0; SOL: [0 0 0 0 1 0 0 1 2 1 1 1 1 1 1 1 1 1 1 1 2 1 1 1 1 1 1 1 1 1 1 1 1 1 1 1 1 1 1 1 1 1 1 1 1 0 1 1 1 2 2 2 3 3 3 3 3 3 3 3 3 3 3 3 3 3 3 3 3 3 3 3 3 3 3 2 3 3 3 3 3 3]
I; MQ:  1,8445; MV:   10; DT:    0; SOL: [0 0 0 0 1 0 2 1 2 1 1 1 1 1 1 1 0 1 1 1 2 1 1 1 1 1 1 1 1 1 1 1 1 1 1 1 1 1 1 1 1 1 1 1 1 0 1 1 1 1 2 2 2 3 3 3 3 3 3 3 3 3 3 3 3 3 3 3 3 2 3 3 3 3 3 2 3 3 3 3 3 3]
I; MQ:  1,8801; MV:   15; DT:    0; SOL: [0 0 0 0 1 0 2 0 2 1 1 1 1 1 1 1 0 1 1 1 2 1 1 1 1 1 1 1 1 2 1 1 1 1 1 1 1 1 1 1 1 1 1 1 1 0 1 1 1 1 2 2 2 3 3 3 3 3 3 3 2 2 3 3 3 3 3 3 3 2 3 3 1 3 3 2 3 3 3 3 3 3]
I; MQ:  1,9267; MV:   14; DT:    3; SOL: [0 0 0 0 1 0 2 0 2 1 1 1 1 1 1 1 0 2 1 1 2 1 1 1 1 1 1 1 1 2 1 1 1 1 1 1 1 1 1 1 1 1 1 1 1 0 1 1 1 1 2 2 3 3 3 3 3 3 3 3 3 2 3 3 3 3 3 3 3 3 3 3 1 2 3 2 3 3 3 3 3 3]
I; MQ:  2,0047; MV:   15; DT:    5; SOL: [0 0 0 0 1 0 2 0 2 1 1 1 1 1 1 1 0 2 2 1 2 1 1 1 1 1 1 1 2 2 1 1 1 1 1 1 1 1 1 1 1 1 1 1 1 0 1 1 1 1 2 2 3 3 3 3 3 3 3 3 3 3 3 3 3 3 3 2 3 3 3 3 1 3 3 2 3 3 3 3 3 3]
I; MQ:  2,1483; MV:   18; DT:    6; SOL: [0 0 0 0 1 0 2 0 2 1 0 1 1 1 1 1 1 2 2 2 2 1 1 1 1 1 1 1 2 2 1 1 1 1 1 1 1 1 1 1 1 1 1 1 1 0 1 1 1 1 2 1 3 3 3 3 3 3 3 3 3 3 3 3 2 3 3 2 3 3 3 3 1 3 3 2 3 3 3 3 3 3]
I; MQ:  2,1947; MV:   19; DT:    7; SOL: [0 0 0 0 1 0 2 0 2 2 0 1 1 1 1 1 1 2 2 2 2 2 1 1 1 1 1 1 2 2 1 1 1 1 1 1 1 1 1 1 1 1 1 1 1 0 1 1 1 1 2 1 3 3 3 3 3 3 3 3 3 3 3 3 2 3 3 3 3 3 3 3 1 3 3 2 3 3 3 3 3 3]

Cycle #10: jfluid
S; MQ:  1,6461; MV:    0; DT:    0; SOL: [0 0 0 0 0 0 0 1 1 1 1 1 1 1 1 1 1 1 1 1 1 1 1 1 1 1 1 1 1 1 1 1 1 1 1 1 1 1 1 1 1 1 1 1 1 1 1 1 1 2 2 2 3 3 3 3 3 3 3 3 3 3 3 3 3 3 3 3 3 3 3 3 3 3 3 3 3 3 3 3 3 3]
C; MQ:  2,2239; MV:   22; DT:    0; SOL: [0 0 0 0 1 0 2 0 2 2 0 1 1 1 1 1 0 2 2 2 2 1 1 1 1 1 1 1 1 1 1 1 1 1 2 1 1 1 1 1 1 1 1 1 1 0 1 1 1 1 2 1 3 3 3 3 3 3 3 3 3 3 3 3 2 2 2 2 0 3 3 3 1 3 3 2 3 3 3 3 3 3]
I; MQ:  1,7886; MV:    5; DT:    0; SOL: [0 0 0 0 1 0 0 1 1 1 1 1 1 1 1 1 1 1 1 0 2 1 1 1 1 1 1 1 1 1 1 1 1 1 1 1 1 1 1 1 1 1 1 1 1 1 1 1 1 2 2 2 3 3 3 3 3 3 3 3 3 3 3 3 3 3 3 3 3 2 3 2 3 3 3 3 3 3 3 3 3 3]
I; MQ:  1,8231; MV:   10; DT:    0; SOL: [0 0 0 0 1 0 0 1 1 1 1 1 1 1 1 1 1 1 1 0 2 1 1 1 1 1 1 1 1 1 1 1 1 1 2 1 1 1 1 1 1 1 1 1 1 1 1 1 1 1 2 2 3 3 3 3 3 3 3 3 3 3 3 3 3 3 3 3 0 2 2 2 3 3 3 2 3 3 3 3 3 3]
I; MQ:  1,8381; MV:   12; DT:    2; SOL: [0 0 0 0 1 0 0 1 0 1 1 1 1 1 1 1 1 1 1 2 2 1 1 1 1 1 1 1 1 1 1 1 1 1 2 1 1 1 1 1 1 1 1 1 1 1 1 1 1 1 2 2 3 3 3 3 3 3 3 3 3 3 3 3 2 3 3 3 0 3 2 2 3 3 3 2 3 3 3 2 3 3]
I; MQ:  1,8942; MV:   13; DT:    4; SOL: [0 0 0 0 1 0 0 1 0 1 1 1 1 1 1 1 1 1 2 2 2 1 1 1 1 1 1 1 1 1 1 1 1 1 2 1 1 1 1 1 1 1 1 1 1 1 1 1 1 1 2 2 3 3 3 3 3 3 3 3 3 3 3 3 2 2 3 3 0 3 3 3 3 2 3 2 3 3 3 2 3 3]
I; MQ:  1,9069; MV:   14; DT:    7; SOL: [0 0 0 1 1 0 0 1 1 1 1 1 1 1 1 1 1 1 2 0 2 1 1 1 1 1 1 1 1 2 1 1 1 1 2 1 1 1 1 1 1 1 1 1 1 1 1 1 1 1 2 2 3 3 3 3 3 3 3 3 3 3 3 3 0 2 3 3 0 3 3 3 3 2 3 2 3 3 3 2 3 3]
I; MQ:  1,9590; MV:   13; DT:   11; SOL: [0 0 0 0 1 0 0 1 1 1 1 1 1 1 1 1 0 1 2 2 2 1 1 1 1 1 1 1 1 2 1 1 1 1 2 1 1 1 1 1 1 1 1 1 1 1 1 1 1 1 2 2 3 3 3 3 3 3 3 3 3 3 3 3 2 2 3 3 0 3 3 3 3 2 3 2 3 3 3 3 3 3]
I; MQ:  2,0122; MV:   14; DT:   14; SOL: [0 0 0 0 1 0 2 1 2 1 1 1 1 1 1 1 0 1 2 2 2 1 1 1 1 1 1 1 1 1 1 1 1 1 2 1 1 1 1 1 1 1 1 1 1 0 1 1 1 1 2 2 3 3 3 3 3 3 3 3 3 3 3 3 2 2 3 3 0 3 3 3 3 3 3 2 3 3 3 3 3 3]
I; MQ:  2,1400; MV:   19; DT:   14; SOL: [0 2 0 0 1 0 2 1 2 2 0 1 1 1 1 1 0 2 2 2 2 1 1 1 1 1 1 1 1 1 1 1 1 1 2 1 1 1 1 1 1 1 1 1 1 0 1 1 1 1 2 1 3 3 3 3 3 3 3 3 3 3 3 3 2 2 3 3 0 3 3 3 3 3 3 2 3 3 3 3 3 3]
I; MQ:  2,2239; MV:   22; DT:   15; SOL: [0 0 0 0 1 0 2 0 2 2 0 1 1 1 1 1 0 2 2 2 2 1 1 1 1 1 1 1 1 1 1 1 1 1 2 1 1 1 1 1 1 1 1 1 1 0 1 1 1 1 2 1 3 3 3 3 3 3 3 3 3 3 3 3 2 2 2 2 0 3 3 3 1 3 3 2 3 3 3 3 3 3]

Cycle #11: jfluid
S; MQ:  1,6461; MV:    0; DT:    0; SOL: [0 0 0 0 0 0 0 1 1 1 1 1 1 1 1 1 1 1 1 1 1 1 1 1 1 1 1 1 1 1 1 1 1 1 1 1 1 1 1 1 1 1 1 1 1 1 1 1 1 2 2 2 3 3 3 3 3 3 3 3 3 3 3 3 3 3 3 3 3 3 3 3 3 3 3 3 3 3 3 3 3 3]
C; MQ:  2,5451; MV:   18; DT:    0; SOL: [1 1 0 1 0 0 0 1 1 1 1 1 1 1 1 1 1 1 3 0 1 1 1 1 1 1 1 1 1 1 2 2 2 2 1 1 1 1 1 1 1 0 0 1 1 0 0 0 1 1 1 1 3 3 3 3 3 3 3 3 3 3 3 3 3 3 3 3 3 3 3 3 1 3 3 3 3 3 3 3 3 3]
I; MQ:  1,9651; MV:    5; DT:    0; SOL: [0 0 0 0 1 0 0 1 0 1 1 1 1 1 1 1 1 1 1 0 1 1 1 1 1 1 1 1 1 1 1 1 2 2 1 1 1 1 1 1 1 1 1 1 1 1 1 1 1 2 2 2 3 3 3 3 3 3 3 3 3 3 3 3 3 3 3 3 3 3 3 3 3 3 3 3 3 3 3 3 3 3]
I; MQ:  2,0025; MV:    6; DT:    2; SOL: [0 0 0 0 0 0 0 1 1 1 1 1 1 1 1 1 1 1 1 0 1 1 1 1 1 1 1 1 1 1 1 1 2 2 1 1 1 1 1 1 1 1 1 1 1 1 1 0 1 2 2 2 3 3 3 3 3 3 3 3 3 3 3 3 0 3 3 3 3 3 3 3 1 3 3 3 3 3 3 3 3 3]
I; MQ:  2,0900; MV:    9; DT:    3; SOL: [0 1 0 0 0 0 0 1 1 1 1 1 1 1 1 1 1 1 1 0 1 1 1 1 1 1 1 1 1 1 1 1 2 2 1 1 1 1 1 1 1 1 1 1 1 0 0 0 1 2 2 1 3 3 3 3 3 3 3 3 3 3 3 3 3 3 3 3 3 3 3 3 1 3 3 3 3 3 3 3 3 3]
I; MQ:  2,2458; MV:   14; DT:    3; SOL: [0 1 0 0 0 0 0 1 1 1 1 1 1 1 1 1 1 1 3 0 1 1 1 1 1 1 1 1 1 1 2 1 2 2 1 1 1 1 1 1 1 0 0 1 1 0 0 0 1 0 2 1 3 3 3 3 3 3 3 3 3 3 3 3 3 3 3 3 3 3 3 3 1 3 3 3 3 3 3 3 3 3]
I; MQ:  2,4632; MV:   18; DT:    4; SOL: [1 1 0 1 0 0 0 1 1 1 0 1 1 1 1 1 1 1 3 0 1 1 1 1 1 1 1 1 1 1 2 2 2 2 1 1 1 1 1 1 1 0 0 1 1 0 0 0 1 1 2 1 3 3 3 3 3 3 3 3 3 3 3 3 3 3 3 3 3 3 3 3 1 3 3 3 3 3 3 3 3 3]
I; MQ:  2,5451; MV:   18; DT:    5; SOL: [1 1 0 1 0 0 0 1 1 1 1 1 1 1 1 1 1 1 3 0 1 1 1 1 1 1 1 1 1 1 2 2 2 2 1 1 1 1 1 1 1 0 0 1 1 0 0 0 1 1 1 1 3 3 3 3 3 3 3 3 3 3 3 3 3 3 3 3 3 3 3 3 1 3 3 3 3 3 3 3 3 3]

Cycle #12: jfluid
S; MQ:  1,6461; MV:    0; DT:    0; SOL: [0 0 0 0 0 0 0 1 1 1 1 1 1 1 1 1 1 1 1 1 1 1 1 1 1 1 1 1 1 1 1 1 1 1 1 1 1 1 1 1 1 1 1 1 1 1 1 1 1 2 2 2 3 3 3 3 3 3 3 3 3 3 3 3 3 3 3 3 3 3 3 3 3 3 3 3 3 3 3 3 3 3]
C; MQ:  2,5299; MV:   18; DT:    0; SOL: [0 1 0 0 0 0 0 0 1 1 0 1 1 1 1 1 1 0 3 0 1 1 1 1 1 1 1 1 1 1 2 2 2 2 1 1 1 1 1 1 1 0 0 1 1 0 1 0 1 1 1 1 3 3 3 3 3 3 3 3 3 3 3 3 3 3 3 3 3 3 3 3 1 3 3 3 3 3 3 3 3 3]
I; MQ:  1,8085; MV:    5; DT:    0; SOL: [0 0 0 0 1 0 0 0 1 1 1 1 1 1 1 1 1 1 1 1 1 1 1 1 1 1 1 1 2 1 1 1 1 1 1 1 1 1 1 1 1 1 1 1 1 0 1 1 1 1 2 2 3 3 3 3 3 3 3 3 3 3 3 3 3 3 3 3 3 3 3 3 3 3 3 3 3 3 3 3 3 3]
I; MQ:  2,0482; MV:   10; DT:    0; SOL: [0 0 0 0 1 0 0 0 1 1 1 1 1 1 1 1 1 1 3 1 1 1 1 1 1 1 1 1 2 1 1 1 2 2 1 1 1 1 1 1 1 1 1 1 1 0 1 1 1 1 2 1 3 3 3 3 3 3 3 3 3 3 3 3 3 3 3 3 0 3 3 3 3 3 3 3 3 3 3 3 3 3]
I; MQ:  2,1797; MV:    9; DT:    3; SOL: [0 0 0 0 0 0 0 0 1 1 1 1 1 1 1 1 1 1 3 0 1 1 1 1 1 1 1 1 1 1 1 2 2 2 1 1 1 1 1 1 1 1 1 1 1 0 1 1 1 1 2 1 3 3 3 3 3 3 3 3 3 3 3 3 3 3 3 3 3 3 3 3 3 3 3 3 3 3 3 3 3 3]
I; MQ:  2,2908; MV:   14; DT:    3; SOL: [0 0 0 0 0 0 0 0 1 1 0 1 1 1 1 1 1 0 3 0 1 1 1 1 1 1 1 1 1 1 1 2 2 2 1 1 1 1 1 1 1 0 0 1 1 0 1 1 1 1 1 1 3 3 3 3 3 3 3 3 3 3 3 3 3 3 3 3 3 3 3 3 3 3 3 3 3 3 3 3 3 3]
I; MQ:  2,5299; MV:   18; DT:    3; SOL: [0 1 0 0 0 0 0 0 1 1 0 1 1 1 1 1 1 0 3 0 1 1 1 1 1 1 1 1 1 1 2 2 2 2 1 1 1 1 1 1 1 0 0 1 1 0 1 0 1 1 1 1 3 3 3 3 3 3 3 3 3 3 3 3 3 3 3 3 3 3 3 3 1 3 3 3 3 3 3 3 3 3]

Cycle #13: jfluid
S; MQ:  1,6461; MV:    0; DT:    0; SOL: [0 0 0 0 0 0 0 1 1 1 1 1 1 1 1 1 1 1 1 1 1 1 1 1 1 1 1 1 1 1 1 1 1 1 1 1 1 1 1 1 1 1 1 1 1 1 1 1 1 2 2 2 3 3 3 3 3 3 3 3 3 3 3 3 3 3 3 3 3 3 3 3 3 3 3 3 3 3 3 3 3 3]
C; MQ:  2,5222; MV:   19; DT:    0; SOL: [0 0 0 0 1 0 0 0 1 1 0 1 1 1 1 1 0 0 3 0 0 1 1 1 1 1 1 1 1 1 2 2 2 2 1 1 1 1 1 1 1 1 1 1 1 0 1 1 1 1 0 1 3 3 3 3 3 3 3 3 3 3 3 3 0 3 3 3 0 3 3 3 1 3 3 3 3 3 3 3 3 3]
I; MQ:  1,7919; MV:    5; DT:    0; SOL: [0 0 0 0 0 0 1 1 1 1 0 1 1 0 1 1 1 1 1 1 1 2 1 1 1 1 1 1 2 1 1 1 1 1 1 1 1 1 1 1 1 1 1 1 1 1 1 1 1 2 2 2 3 3 3 3 3 3 3 3 3 3 3 3 3 3 3 3 3 3 3 3 3 3 3 3 3 3 3 3 3 3]
I; MQ:  1,8171; MV:   10; DT:    0; SOL: [0 0 0 0 0 0 1 1 1 2 0 1 1 0 1 1 1 1 1 1 2 2 1 1 1 1 1 1 2 1 1 1 1 1 1 1 1 1 1 1 1 1 1 1 1 1 1 1 1 2 2 2 2 3 3 2 3 3 3 3 3 3 3 3 3 3 3 3 3 3 3 3 3 2 3 3 3 3 3 3 3 3]
I; MQ:  1,8980; MV:   11; DT:    2; SOL: [0 0 0 0 1 0 1 1 1 2 0 1 1 1 1 1 0 1 1 1 2 2 1 1 1 1 1 1 2 1 1 1 1 1 1 1 1 1 1 1 1 1 1 1 1 1 1 1 1 2 2 2 3 3 3 2 3 3 3 3 3 3 3 3 3 3 3 3 3 3 3 3 1 2 3 3 3 3 3 3 3 3]
I; MQ:  1,9661; MV:   11; DT:    5; SOL: [0 0 0 0 1 0 2 1 1 2 0 1 1 1 1 1 0 1 1 2 2 1 1 1 1 1 1 1 2 1 1 1 1 2 1 1 1 1 1 1 1 1 1 1 1 1 1 1 1 2 2 2 3 3 3 3 3 3 3 3 3 3 3 3 3 3 3 3 3 3 3 3 1 2 3 3 3 3 3 3 3 3]
I; MQ:  2,0037; MV:    9; DT:    9; SOL: [0 0 0 0 1 0 1 1 1 1 0 1 1 1 1 1 0 1 1 2 1 1 1 1 1 1 1 1 2 1 2 1 1 2 1 1 1 1 1 1 1 1 1 1 1 1 1 1 1 2 2 2 3 3 3 3 3 3 3 3 3 3 3 3 3 3 3 3 3 3 3 3 1 3 3 3 3 3 3 3 3 3]
I; MQ:  2,2168; MV:    9; DT:   12; SOL: [0 0 0 0 1 0 0 1 1 1 0 1 1 1 1 1 0 1 1 0 1 1 1 1 1 1 1 1 1 1 2 2 1 2 1 1 1 1 1 1 1 1 1 1 1 1 1 1 1 2 2 2 3 3 3 3 3 3 3 3 3 3 3 3 3 3 3 3 0 3 3 3 1 3 3 3 3 3 3 3 3 3]
I; MQ:  2,3780; MV:   14; DT:   12; SOL: [0 0 0 0 1 0 0 1 1 1 0 1 1 1 1 1 0 0 3 0 1 1 1 1 1 1 1 1 1 1 2 2 2 2 1 1 1 1 1 1 1 1 1 1 1 1 1 1 1 2 1 0 3 3 3 3 3 3 3 3 3 3 3 3 3 3 3 3 0 3 3 3 1 3 3 3 3 3 3 3 3 3]
I; MQ:  2,4268; MV:   17; DT:   15; SOL: [0 0 0 0 1 0 0 1 1 1 0 1 1 1 1 1 0 0 3 0 0 1 1 1 1 1 1 1 1 1 2 2 2 2 1 1 1 1 1 1 1 1 1 1 1 0 1 1 1 2 0 1 3 3 3 3 3 3 3 3 3 3 3 3 0 3 3 3 0 3 3 3 1 3 3 3 3 3 3 3 3 3]
I; MQ:  2,5222; MV:   19; DT:   15; SOL: [0 0 0 0 1 0 0 0 1 1 0 1 1 1 1 1 0 0 3 0 0 1 1 1 1 1 1 1 1 1 2 2 2 2 1 1 1 1 1 1 1 1 1 1 1 0 1 1 1 1 0 1 3 3 3 3 3 3 3 3 3 3 3 3 0 3 3 3 0 3 3 3 1 3 3 3 3 3 3 3 3 3]

Cycle #14: jfluid
S; MQ:  1,6461; MV:    0; DT:    0; SOL: [0 0 0 0 0 0 0 1 1 1 1 1 1 1 1 1 1 1 1 1 1 1 1 1 1 1 1 1 1 1 1 1 1 1 1 1 1 1 1 1 1 1 1 1 1 1 1 1 1 2 2 2 3 3 3 3 3 3 3 3 3 3 3 3 3 3 3 3 3 3 3 3 3 3 3 3 3 3 3 3 3 3]
C; MQ:  2,4395; MV:   18; DT:    0; SOL: [0 1 0 0 0 0 0 0 1 1 0 2 2 2 2 1 1 0 3 0 1 1 1 1 1 1 1 1 1 1 1 1 1 1 1 1 1 1 1 1 1 0 0 1 1 0 0 0 1 2 1 1 3 3 3 3 3 3 3 3 3 3 3 3 3 3 3 3 3 3 3 3 2 3 3 3 3 3 3 3 3 3]
I; MQ:  1,8944; MV:    5; DT:    0; SOL: [0 0 0 0 0 0 0 0 1 1 0 1 1 1 1 1 1 0 1 1 1 1 1 1 1 1 1 1 1 1 1 1 1 2 1 1 1 1 1 1 1 1 1 1 1 1 1 1 1 2 2 2 3 3 3 3 3 3 3 3 3 3 3 3 3 3 3 3 3 3 3 3 1 3 3 3 3 3 3 3 3 3]
I; MQ:  1,9588; MV:    9; DT:    1; SOL: [0 0 0 0 0 0 0 0 1 1 0 1 2 1 1 1 1 0 3 1 1 1 1 1 1 1 1 1 1 1 1 1 1 2 1 1 1 1 1 1 1 1 0 1 1 1 2 1 1 2 2 2 3 3 3 3 3 3 3 3 3 3 3 3 3 3 3 3 3 3 3 3 2 3 3 3 3 3 3 3 3 3]
I; MQ:  2,0563; MV:   10; DT:    3; SOL: [0 0 0 0 0 0 0 0 1 1 0 2 2 1 1 1 1 0 3 0 1 1 1 1 1 1 1 1 1 1 1 1 1 1 1 1 1 1 1 1 1 0 0 1 1 1 1 1 1 2 2 2 3 3 3 3 3 3 3 3 3 3 3 3 3 3 3 3 3 3 3 3 2 3 3 3 3 3 3 3 3 3]
I; MQ:  2,1147; MV:   15; DT:    3; SOL: [0 1 0 0 0 0 0 0 1 1 0 2 2 1 1 1 1 0 3 0 1 1 1 1 1 1 2 2 1 1 1 1 1 1 1 1 1 1 1 1 1 0 0 1 1 0 1 1 1 1 2 2 3 3 3 3 3 3 3 3 3 3 3 3 3 3 3 3 3 3 3 3 2 3 3 3 3 3 3 3 3 3]
I; MQ:  2,3025; MV:   16; DT:    5; SOL: [0 1 0 0 0 0 0 0 1 1 0 2 2 1 2 1 1 0 3 0 1 1 1 1 1 1 2 1 1 1 1 1 1 1 1 1 1 1 1 1 1 0 0 1 1 0 1 0 1 2 1 2 3 3 3 3 3 3 3 3 3 3 3 3 3 3 3 3 3 3 3 3 2 3 3 3 3 3 3 3 3 3]
I; MQ:  2,4395; MV:   18; DT:    7; SOL: [0 1 0 0 0 0 0 0 1 1 0 2 2 2 2 1 1 0 3 0 1 1 1 1 1 1 1 1 1 1 1 1 1 1 1 1 1 1 1 1 1 0 0 1 1 0 0 0 1 2 1 1 3 3 3 3 3 3 3 3 3 3 3 3 3 3 3 3 3 3 3 3 2 3 3 3 3 3 3 3 3 3]

Cycle #15: jfluid
S; MQ:  1,6461; MV:    0; DT:    0; SOL: [0 0 0 0 0 0 0 1 1 1 1 1 1 1 1 1 1 1 1 1 1 1 1 1 1 1 1 1 1 1 1 1 1 1 1 1 1 1 1 1 1 1 1 1 1 1 1 1 1 2 2 2 3 3 3 3 3 3 3 3 3 3 3 3 3 3 3 3 3 3 3 3 3 3 3 3 3 3 3 3 3 3]
C; MQ:  2,5119; MV:   17; DT:    0; SOL: [1 1 0 1 0 0 0 1 1 1 1 2 2 2 2 1 1 1 3 0 1 1 1 1 1 1 1 1 1 1 1 1 1 1 1 1 1 1 1 1 1 0 0 0 0 1 0 0 1 2 1 2 3 3 3 3 3 3 3 3 3 3 3 3 3 3 3 3 3 3 3 3 2 3 3 3 3 3 3 3 3 3]
I; MQ:  1,7998; MV:    5; DT:    0; SOL: [0 0 0 0 0 0 0 0 1 1 1 1 1 1 1 1 1 1 1 1 1 1 0 1 1 1 1 1 1 1 1 1 1 1 1 1 1 1 1 1 1 1 0 0 1 1 2 1 1 2 2 2 3 3 3 3 3 3 3 3 3 3 3 3 3 3 3 3 3 3 3 3 3 3 3 3 3 3 3 3 3 3]
I; MQ:  1,9253; MV:    9; DT:    1; SOL: [0 0 0 0 0 0 1 0 1 1 1 1 2 1 1 1 1 1 1 1 1 1 0 1 1 1 1 1 1 1 1 1 1 1 1 1 1 1 1 1 1 1 0 0 1 1 0 1 1 2 2 2 3 3 3 3 3 3 3 3 3 3 3 3 1 3 3 3 3 3 3 3 2 3 3 3 3 3 3 3 3 3]
I; MQ:  2,1746; MV:   10; DT:    3; SOL: [0 0 0 0 0 0 0 0 1 1 1 2 2 1 2 1 1 1 1 0 1 1 0 1 1 1 1 1 1 1 1 1 1 1 1 1 1 1 1 1 1 1 0 0 1 1 0 1 1 2 2 2 3 3 3 3 3 3 3 3 3 3 3 3 3 3 3 3 3 3 3 3 2 3 3 3 3 3 3 3 3 3]
I; MQ:  2,2640; MV:    9; DT:    6; SOL: [0 0 0 0 0 0 0 0 1 1 0 2 2 1 2 1 1 1 1 0 1 1 1 1 1 1 1 1 1 1 1 1 1 1 1 1 1 1 1 1 1 1 0 1 1 1 1 1 1 2 1 2 3 3 3 3 3 3 3 3 3 3 3 3 3 3 3 3 3 3 3 3 2 3 3 3 3 3 3 3 3 3]
I; MQ:  2,2880; MV:   14; DT:    8; SOL: [0 0 0 0 0 0 0 0 1 1 0 2 2 1 2 1 1 0 1 0 1 1 0 1 1 1 1 1 1 1 1 1 1 1 1 1 1 1 1 1 1 0 0 1 1 1 0 0 1 2 1 2 3 3 3 3 3 3 3 3 3 3 3 3 3 3 3 3 3 3 3 3 2 3 3 3 3 3 3 3 3 3]
I; MQ:  2,3661; MV:   17; DT:   10; SOL: [0 1 0 1 0 0 0 1 1 1 0 2 2 1 2 1 1 0 1 0 1 1 0 1 1 1 1 1 1 1 1 1 1 1 1 1 1 1 1 1 1 0 0 0 0 1 0 0 1 2 1 2 3 3 3 3 3 3 3 3 3 3 3 3 3 3 3 3 3 3 3 3 2 3 3 3 3 3 3 3 3 3]
I; MQ:  2,5023; MV:   16; DT:   13; SOL: [1 1 0 1 0 0 0 1 1 1 1 2 2 2 2 1 1 1 1 0 1 1 1 1 1 1 1 1 1 1 1 1 1 1 1 1 1 1 1 1 1 0 0 0 0 1 0 0 1 2 1 2 3 3 3 3 3 3 3 3 3 3 3 3 3 3 3 3 3 3 3 3 2 3 3 3 3 3 3 3 3 3]
I; MQ:  2,5119; MV:   17; DT:   13; SOL: [1 1 0 1 0 0 0 1 1 1 1 2 2 2 2 1 1 1 3 0 1 1 1 1 1 1 1 1 1 1 1 1 1 1 1 1 1 1 1 1 1 0 0 0 0 1 0 0 1 2 1 2 3 3 3 3 3 3 3 3 3 3 3 3 3 3 3 3 3 3 3 3 2 3 3 3 3 3 3 3 3 3]

Cycle #16: jfluid
S; MQ:  1,6461; MV:    0; DT:    0; SOL: [0 0 0 0 0 0 0 1 1 1 1 1 1 1 1 1 1 1 1 1 1 1 1 1 1 1 1 1 1 1 1 1 1 1 1 1 1 1 1 1 1 1 1 1 1 1 1 1 1 2 2 2 3 3 3 3 3 3 3 3 3 3 3 3 3 3 3 3 3 3 3 3 3 3 3 3 3 3 3 3 3 3]
C; MQ:  2,2057; MV:   21; DT:    0; SOL: [0 2 0 2 0 0 0 2 1 1 2 1 1 1 1 1 1 2 2 0 2 1 1 1 1 1 1 1 1 1 1 1 1 1 2 1 1 1 1 1 1 0 0 1 1 0 0 0 1 1 2 1 3 3 3 3 3 3 3 3 3 3 3 3 3 2 2 2 3 3 3 3 1 3 3 2 3 3 3 3 3 3]
I; MQ:  1,7899; MV:    5; DT:    0; SOL: [0 0 0 0 0 0 0 1 1 1 1 1 1 0 1 1 1 1 1 0 2 1 1 1 1 1 1 1 1 1 1 1 1 1 1 1 1 1 1 1 1 1 1 1 1 1 1 1 1 2 2 2 3 3 3 3 3 3 3 3 3 3 3 3 3 3 3 3 3 3 2 3 3 2 3 3 3 3 3 3 3 3]
I; MQ:  1,8446; MV:    8; DT:    1; SOL: [0 0 0 0 0 0 0 1 1 1 1 1 1 1 1 1 1 2 1 0 2 1 1 1 1 1 1 1 1 1 1 1 1 1 1 1 1 1 1 1 1 0 1 1 1 1 1 1 1 2 2 2 3 3 3 3 3 3 3 3 2 3 3 3 3 3 3 3 3 3 2 2 3 2 3 3 3 3 3 3 3 3]
I; MQ:  1,8838; MV:    9; DT:    3; SOL: [0 0 0 0 0 0 0 1 1 1 1 1 1 1 1 1 1 2 2 0 2 2 1 1 1 1 1 1 1 1 1 1 1 1 1 1 1 1 1 1 1 0 1 1 1 1 1 1 1 2 2 2 3 3 3 3 3 3 3 3 2 3 3 3 3 3 3 2 3 3 3 2 3 3 3 3 3 3 3 3 3 3]
I; MQ:  1,9300; MV:   10; DT:    6; SOL: [0 0 0 0 0 0 0 1 1 1 1 1 1 1 1 1 1 2 2 0 2 1 1 1 1 1 1 1 1 1 1 1 1 1 1 1 1 1 1 1 1 0 0 1 1 1 1 1 1 2 2 2 3 3 3 3 3 3 3 3 3 3 3 3 3 3 2 2 3 3 3 2 3 2 3 3 3 3 3 3 3 3]
I; MQ:  1,9502; MV:   11; DT:    9; SOL: [0 0 0 0 0 0 0 1 1 1 1 1 1 1 1 1 1 2 2 0 2 2 0 1 1 1 1 1 1 1 1 1 1 1 1 1 1 1 1 1 1 0 0 1 1 1 2 1 1 2 2 2 3 3 3 3 3 3 3 3 3 3 3 3 3 3 2 2 3 3 3 3 3 3 3 3 3 3 3 3 3 3]
I; MQ:  2,0200; MV:   12; DT:   11; SOL: [0 1 0 0 0 0 0 1 1 1 1 1 1 1 1 1 1 2 2 0 2 1 1 1 1 1 1 1 1 1 1 1 1 1 1 1 1 1 1 1 1 0 0 1 1 0 2 1 1 2 2 2 3 3 3 3 3 3 3 3 3 3 3 3 2 3 2 2 3 3 3 3 3 3 3 3 3 3 3 3 3 3]
I; MQ:  2,0823; MV:   15; DT:   12; SOL: [0 1 0 0 0 0 0 1 1 1 1 1 1 1 1 1 1 2 2 0 2 1 1 1 1 1 1 1 1 1 1 1 1 1 2 1 1 1 1 1 1 0 0 1 1 0 2 0 1 2 2 2 3 3 3 3 3 3 3 3 3 3 3 3 3 2 2 2 3 3 3 3 1 3 3 3 3 3 3 3 3 3]
I; MQ:  2,1428; MV:   19; DT:   14; SOL: [0 1 0 1 0 0 0 1 1 1 1 1 1 1 1 1 1 2 2 0 2 1 1 1 1 1 1 1 1 1 1 1 1 1 2 1 1 1 1 1 1 0 0 1 1 0 0 0 1 1 2 2 3 3 3 3 3 3 3 3 3 3 3 3 2 2 2 2 3 3 3 3 1 3 3 2 3 3 3 3 3 3]
I; MQ:  2,1842; MV:   22; DT:   15; SOL: [1 1 0 1 0 0 0 2 1 1 2 1 1 1 1 1 1 2 2 0 2 1 1 1 1 1 1 1 1 1 1 1 1 1 2 1 1 1 1 1 1 0 0 1 1 0 0 0 1 1 2 1 3 3 3 3 3 3 3 3 3 3 3 3 3 2 2 2 3 3 3 3 1 3 3 2 3 3 3 3 3 3]
I; MQ:  2,2057; MV:   21; DT:   18; SOL: [0 2 0 2 0 0 0 2 1 1 2 1 1 1 1 1 1 2 2 0 2 1 1 1 1 1 1 1 1 1 1 1 1 1 2 1 1 1 1 1 1 0 0 1 1 0 0 0 1 1 2 1 3 3 3 3 3 3 3 3 3 3 3 3 3 2 2 2 3 3 3 3 1 3 3 2 3 3 3 3 3 3]

Cycle #17: jfluid
S; MQ:  1,6461; MV:    0; DT:    0; SOL: [0 0 0 0 0 0 0 1 1 1 1 1 1 1 1 1 1 1 1 1 1 1 1 1 1 1 1 1 1 1 1 1 1 1 1 1 1 1 1 1 1 1 1 1 1 1 1 1 1 2 2 2 3 3 3 3 3 3 3 3 3 3 3 3 3 3 3 3 3 3 3 3 3 3 3 3 3 3 3 3 3 3]
C; MQ:  2,1480; MV:   14; DT:    0; SOL: [0 0 0 0 1 0 0 0 1 1 0 1 1 1 1 1 0 0 3 1 1 1 1 1 1 1 2 2 1 1 1 1 1 1 1 1 1 1 1 1 1 1 1 1 1 0 1 1 1 1 1 2 3 3 3 3 3 3 3 3 3 3 3 3 1 3 3 3 0 3 3 3 1 3 3 3 3 3 3 3 3 3]
I; MQ:  1,9264; MV:    5; DT:    0; SOL: [0 0 0 0 1 0 0 1 1 1 0 1 1 1 2 1 1 1 1 1 1 1 1 1 1 1 1 1 1 1 1 1 1 1 1 1 1 1 1 1 1 1 1 1 1 1 1 1 1 2 2 2 3 3 3 3 3 3 3 3 3 3 3 3 3 3 3 3 0 3 3 3 2 3 3 3 3 3 3 3 3 3]
I; MQ:  2,0110; MV:   10; DT:    0; SOL: [0 0 0 0 1 0 0 1 1 1 0 1 1 1 2 1 0 1 3 1 1 1 1 1 1 1 2 1 1 1 1 1 1 1 1 1 1 1 1 1 1 1 1 1 1 0 1 1 1 2 1 2 3 3 3 3 3 3 3 3 3 3 3 3 3 3 3 3 0 3 3 3 2 3 3 3 3 3 3 3 3 3]
I; MQ:  2,1403; MV:   12; DT:    2; SOL: [0 0 0 0 1 0 0 1 1 1 0 1 1 1 1 1 0 0 3 1 1 1 1 1 1 1 2 2 1 1 1 1 1 1 1 1 1 1 1 1 1 1 1 1 1 0 1 1 1 1 1 2 3 3 3 3 3 3 3 3 3 3 3 3 3 3 3 3 0 3 3 3 1 3 3 3 3 3 3 3 3 3]
I; MQ:  2,1480; MV:   14; DT:    2; SOL: [0 0 0 0 1 0 0 0 1 1 0 1 1 1 1 1 0 0 3 1 1 1 1 1 1 1 2 2 1 1 1 1 1 1 1 1 1 1 1 1 1 1 1 1 1 0 1 1 1 1 1 2 3 3 3 3 3 3 3 3 3 3 3 3 1 3 3 3 0 3 3 3 1 3 3 3 3 3 3 3 3 3]

Cycle #18: jfluid
S; MQ:  1,6461; MV:    0; DT:    0; SOL: [0 0 0 0 0 0 0 1 1 1 1 1 1 1 1 1 1 1 1 1 1 1 1 1 1 1 1 1 1 1 1 1 1 1 1 1 1 1 1 1 1 1 1 1 1 1 1 1 1 2 2 2 3 3 3 3 3 3 3 3 3 3 3 3 3 3 3 3 3 3 3 3 3 3 3 3 3 3 3 3 3 3]
C; MQ:  2,4395; MV:   16; DT:    0; SOL: [0 0 0 0 0 0 0 0 1 1 0 2 2 2 2 1 1 0 3 0 1 1 1 1 1 1 1 1 1 1 1 1 1 1 1 1 1 1 1 1 1 0 0 1 1 0 1 0 1 2 1 1 3 3 3 3 3 3 3 3 3 3 3 3 3 3 3 3 3 3 3 3 2 3 3 3 3 3 3 3 3 3]
I; MQ:  1,8600; MV:    5; DT:    0; SOL: [0 0 0 0 0 0 0 1 1 1 1 1 2 2 1 1 1 1 1 1 1 1 1 1 1 1 0 0 1 1 1 1 1 1 1 1 1 1 1 1 1 1 1 1 1 1 1 1 1 2 0 2 3 3 3 3 3 3 3 3 3 3 3 3 3 3 3 3 3 3 3 3 3 3 3 3 3 3 3 3 3 3]
I; MQ:  2,2107; MV:    9; DT:    1; SOL: [0 0 0 0 1 0 0 1 1 1 1 1 2 2 2 1 1 1 1 0 1 1 1 1 1 1 0 0 1 1 1 1 1 1 1 1 1 1 1 1 1 1 1 1 1 1 1 1 1 2 1 2 3 3 3 3 3 3 3 3 3 3 3 3 3 3 3 3 3 3 3 3 2 3 3 3 3 3 3 3 3 3]
I; MQ:  2,3496; MV:   14; DT:    1; SOL: [0 0 0 0 1 0 0 0 1 1 1 2 2 2 2 1 0 1 3 0 1 1 1 1 1 1 0 0 1 1 1 1 1 1 1 1 1 1 1 1 1 1 1 1 1 1 1 1 1 1 1 2 3 3 3 3 3 3 3 3 3 3 3 3 3 3 3 3 3 3 3 3 2 3 3 3 3 3 3 3 3 3]
I; MQ:  2,3629; MV:   13; DT:    4; SOL: [0 0 0 0 0 0 0 0 1 1 1 2 2 2 2 1 0 1 3 0 1 1 1 1 1 1 1 1 1 1 1 1 1 1 1 1 1 1 1 1 1 0 1 1 1 0 1 1 1 1 1 2 3 3 3 3 3 3 3 3 3 3 3 3 3 3 3 3 3 3 3 3 2 3 3 3 3 3 3 3 3 3]
I; MQ:  2,4009; MV:   14; DT:    6; SOL: [0 0 0 0 0 0 0 0 1 1 1 2 2 2 2 1 1 1 3 0 1 1 1 1 1 1 1 1 1 1 1 1 1 1 1 1 1 1 1 1 1 0 0 1 1 0 0 0 1 2 1 2 3 3 3 3 3 3 3 3 3 3 3 3 3 3 3 3 3 3 3 3 2 3 3 3 3 3 3 3 3 3]
I; MQ:  2,4395; MV:   16; DT:    7; SOL: [0 0 0 0 0 0 0 0 1 1 0 2 2 2 2 1 1 0 3 0 1 1 1 1 1 1 1 1 1 1 1 1 1 1 1 1 1 1 1 1 1 0 0 1 1 0 1 0 1 2 1 1 3 3 3 3 3 3 3 3 3 3 3 3 3 3 3 3 3 3 3 3 2 3 3 3 3 3 3 3 3 3]

Cycle #19: jfluid
S; MQ:  1,6461; MV:    0; DT:    0; SOL: [0 0 0 0 0 0 0 1 1 1 1 1 1 1 1 1 1 1 1 1 1 1 1 1 1 1 1 1 1 1 1 1 1 1 1 1 1 1 1 1 1 1 1 1 1 1 1 1 1 2 2 2 3 3 3 3 3 3 3 3 3 3 3 3 3 3 3 3 3 3 3 3 3 3 3 3 3 3 3 3 3 3]
C; MQ:  2,0027; MV:   18; DT:    0; SOL: [1 1 0 1 0 0 0 1 1 1 1 1 1 1 1 1 1 0 3 0 1 0 0 1 1 1 1 1 1 1 1 1 1 1 1 1 1 1 1 1 1 0 0 0 0 1 0 0 1 1 1 1 3 3 3 3 3 3 3 3 3 3 3 3 3 3 3 3 3 3 3 3 1 3 3 3 3 3 3 3 3 3]
I; MQ:  1,7153; MV:    5; DT:    0; SOL: [0 1 0 0 0 0 0 1 1 1 1 1 1 1 1 1 1 1 1 1 1 1 1 1 1 1 1 1 1 1 1 1 1 1 1 1 1 1 1 1 1 1 0 1 1 1 1 0 1 2 1 2 3 3 3 3 3 3 3 3 3 3 3 3 3 3 3 3 3 3 3 3 1 3 3 3 3 3 3 3 3 3]
I; MQ:  1,7815; MV:   10; DT:    0; SOL: [0 1 0 0 0 0 0 0 1 1 1 1 1 1 1 1 1 1 1 1 1 1 1 1 1 1 1 1 1 1 1 1 1 1 1 1 1 1 1 1 1 1 0 0 1 1 1 0 1 1 1 1 3 3 3 3 3 3 3 3 3 3 3 3 1 3 3 3 3 3 3 3 1 3 3 3 3 3 3 3 3 3]
I; MQ:  1,8357; MV:   13; DT:    1; SOL: [0 1 0 1 0 0 0 1 1 1 1 1 1 1 1 1 1 1 1 1 1 1 0 1 0 1 1 1 1 1 1 1 1 1 1 1 1 1 0 1 1 1 0 0 1 1 1 0 1 1 1 1 3 3 3 3 3 3 3 3 3 3 3 3 1 3 3 3 3 3 3 3 1 3 3 3 3 3 3 3 3 3]
I; MQ:  1,9028; MV:   14; DT:    3; SOL: [0 1 0 1 0 0 0 1 1 1 1 1 1 1 1 1 1 0 1 0 1 0 0 1 0 1 1 1 1 1 1 1 1 1 1 1 1 1 1 1 1 1 0 0 1 1 1 0 1 1 1 1 3 3 3 3 3 3 3 3 3 3 3 3 3 3 3 3 3 3 3 3 1 3 3 3 3 3 3 3 3 3]
I; MQ:  1,9578; MV:   17; DT:    4; SOL: [1 1 0 1 0 0 0 1 1 1 0 1 1 1 1 1 1 0 1 0 1 0 0 1 1 1 1 1 1 1 1 1 1 1 1 1 1 1 1 1 1 0 0 0 1 1 0 0 1 1 1 1 3 3 3 3 3 3 3 3 3 3 3 3 3 3 3 3 3 3 3 3 1 3 3 3 3 3 3 3 3 3]
I; MQ:  2,0027; MV:   18; DT:    5; SOL: [1 1 0 1 0 0 0 1 1 1 1 1 1 1 1 1 1 0 3 0 1 0 0 1 1 1 1 1 1 1 1 1 1 1 1 1 1 1 1 1 1 0 0 0 0 1 0 0 1 1 1 1 3 3 3 3 3 3 3 3 3 3 3 3 3 3 3 3 3 3 3 3 1 3 3 3 3 3 3 3 3 3]

Cycle #20: jfluid
S; MQ:  1,6461; MV:    0; DT:    0; SOL: [0 0 0 0 0 0 0 1 1 1 1 1 1 1 1 1 1 1 1 1 1 1 1 1 1 1 1 1 1 1 1 1 1 1 1 1 1 1 1 1 1 1 1 1 1 1 1 1 1 2 2 2 3 3 3 3 3 3 3 3 3 3 3 3 3 3 3 3 3 3 3 3 3 3 3 3 3 3 3 3 3 3]
C; MQ:  2,6684; MV:   21; DT:    0; SOL: [1 0 0 0 1 1 1 1 1 1 0 0 0 0 0 1 1 1 3 1 1 1 1 1 1 1 0 1 1 1 2 2 2 2 1 1 1 1 1 1 1 1 1 1 1 1 1 1 1 0 1 0 3 3 3 3 3 3 3 3 3 3 3 3 1 3 3 3 1 3 3 3 0 3 3 3 3 3 3 3 3 3]
I; MQ:  1,8057; MV:    5; DT:    0; SOL: [0 0 0 0 0 0 1 0 1 1 1 1 1 1 1 1 1 1 3 1 1 1 1 1 1 1 1 1 1 1 1 1 1 2 1 1 1 1 1 1 1 1 1 1 1 1 1 1 1 2 2 2 3 3 3 3 3 3 3 3 3 3 3 3 3 3 3 3 3 3 3 3 1 3 3 3 3 3 3 3 3 3]
I; MQ:  2,1887; MV:   10; DT:    0; SOL: [0 1 0 0 0 0 1 0 1 1 1 1 1 1 1 1 1 1 3 1 1 1 1 1 1 1 1 1 1 1 2 2 2 2 1 1 1 1 1 1 1 1 1 1 1 1 1 1 1 2 2 2 3 3 3 3 3 3 3 3 3 3 3 3 3 3 3 3 0 3 3 3 1 3 3 3 3 3 3 3 3 3]
I; MQ:  2,2664; MV:   14; DT:    1; SOL: [0 1 0 0 0 0 1 0 1 1 1 1 0 0 1 1 1 1 3 1 1 1 1 1 1 1 1 1 1 1 2 2 2 2 1 1 1 1 1 1 1 1 1 1 1 1 1 0 1 1 2 2 3 3 3 3 3 3 3 3 3 3 3 3 3 3 3 3 0 3 3 3 0 3 3 3 3 3 3 3 3 3]
I; MQ:  2,3544; MV:   17; DT:    2; SOL: [0 1 0 0 0 0 1 0 1 1 1 0 0 0 1 1 1 1 3 1 1 1 1 1 1 1 1 1 1 1 2 2 2 2 1 1 1 1 1 1 1 0 1 1 1 0 1 0 1 1 0 2 3 3 3 3 3 3 3 3 3 3 3 3 3 3 3 3 3 3 3 3 0 3 3 3 3 3 3 3 3 3]
I; MQ:  2,4779; MV:   19; DT:    4; SOL: [0 0 0 0 0 0 1 0 1 1 0 0 0 0 0 1 1 1 3 1 1 1 1 1 1 1 1 1 1 1 2 2 2 2 1 1 1 1 1 1 1 0 1 1 1 0 1 0 1 1 1 2 3 3 3 3 3 3 3 3 3 3 3 3 1 3 3 3 3 3 3 3 0 3 3 3 3 3 3 3 3 3]
I; MQ:  2,5288; MV:   17; DT:    8; SOL: [0 0 0 0 1 0 1 0 1 1 0 0 0 0 0 1 1 1 3 1 1 1 1 1 1 1 1 1 1 1 2 2 2 2 1 1 1 1 1 1 1 1 1 1 1 1 1 1 1 0 1 2 3 3 3 3 3 3 3 3 3 3 3 3 1 3 3 3 3 3 3 3 0 3 3 3 3 3 3 3 3 3]
I; MQ:  2,6583; MV:   20; DT:   10; SOL: [0 0 0 0 1 1 1 1 1 1 0 0 0 0 0 1 1 1 3 1 1 1 1 1 1 1 0 1 1 1 2 2 2 2 1 1 1 1 1 1 1 1 1 1 1 1 1 1 1 0 1 0 3 3 3 3 3 3 3 3 3 3 3 3 1 3 3 3 1 3 3 3 0 3 3 3 3 3 3 3 3 3]
I; MQ:  2,6684; MV:   21; DT:   10; SOL: [1 0 0 0 1 1 1 1 1 1 0 0 0 0 0 1 1 1 3 1 1 1 1 1 1 1 0 1 1 1 2 2 2 2 1 1 1 1 1 1 1 1 1 1 1 1 1 1 1 0 1 0 3 3 3 3 3 3 3 3 3 3 3 3 1 3 3 3 1 3 3 3 0 3 3 3 3 3 3 3 3 3]

Cycle #21: jfluid
S; MQ:  1,6461; MV:    0; DT:    0; SOL: [0 0 0 0 0 0 0 1 1 1 1 1 1 1 1 1 1 1 1 1 1 1 1 1 1 1 1 1 1 1 1 1 1 1 1 1 1 1 1 1 1 1 1 1 1 1 1 1 1 2 2 2 3 3 3 3 3 3 3 3 3 3 3 3 3 3 3 3 3 3 3 3 3 3 3 3 3 3 3 3 3 3]
C; MQ:  2,5299; MV:   18; DT:    0; SOL: [0 1 0 0 0 0 0 0 1 1 0 1 1 1 1 1 1 0 3 0 1 1 1 1 1 1 1 1 1 1 2 2 2 2 1 1 1 1 1 1 1 0 0 1 1 0 1 0 1 1 1 1 3 3 3 3 3 3 3 3 3 3 3 3 3 3 3 3 3 3 3 3 1 3 3 3 3 3 3 3 3 3]
I; MQ:  2,0386; MV:    5; DT:    0; SOL: [0 0 0 0 0 0 0 1 1 1 1 1 1 1 1 1 1 1 1 0 1 1 1 1 1 1 1 1 1 1 1 1 2 2 1 1 1 1 1 1 1 1 0 1 1 0 1 1 1 2 2 2 3 3 3 3 3 3 3 3 3 3 3 3 3 3 3 3 3 3 3 3 3 3 3 3 3 3 3 3 3 3]
I; MQ:  2,2508; MV:   10; DT:    0; SOL: [0 0 0 0 0 0 0 1 1 1 0 1 1 1 1 1 1 1 3 0 1 1 1 1 1 1 1 1 1 1 2 1 2 2 1 1 1 1 1 1 1 1 0 1 1 0 1 1 1 1 2 1 3 3 3 3 3 3 3 3 3 3 3 3 3 3 3 3 3 3 3 3 3 3 3 3 3 3 3 3 3 3]
I; MQ:  2,5109; MV:   15; DT:    0; SOL: [0 1 0 0 0 0 0 0 1 1 0 1 1 1 1 1 1 0 3 0 1 1 1 1 1 1 1 1 1 1 2 2 2 2 1 1 1 1 1 1 1 1 0 1 1 0 1 1 1 1 1 1 3 3 3 3 3 3 3 3 3 3 3 3 3 3 3 3 3 3 3 3 3 3 3 3 3 3 3 3 3 3]
I; MQ:  2,5299; MV:   18; DT:    0; SOL: [0 1 0 0 0 0 0 0 1 1 0 1 1 1 1 1 1 0 3 0 1 1 1 1 1 1 1 1 1 1 2 2 2 2 1 1 1 1 1 1 1 0 0 1 1 0 1 0 1 1 1 1 3 3 3 3 3 3 3 3 3 3 3 3 3 3 3 3 3 3 3 3 1 3 3 3 3 3 3 3 3 3]

Cycle #22: jfluid
S; MQ:  1,6461; MV:    0; DT:    0; SOL: [0 0 0 0 0 0 0 1 1 1 1 1 1 1 1 1 1 1 1 1 1 1 1 1 1 1 1 1 1 1 1 1 1 1 1 1 1 1 1 1 1 1 1 1 1 1 1 1 1 2 2 2 3 3 3 3 3 3 3 3 3 3 3 3 3 3 3 3 3 3 3 3 3 3 3 3 3 3 3 3 3 3]
C; MQ:  2,4395; MV:   18; DT:    0; SOL: [0 1 0 0 0 0 0 0 1 1 0 2 2 2 2 1 1 0 3 0 1 1 1 1 1 1 1 1 1 1 1 1 1 1 1 1 1 1 1 1 1 0 0 1 1 0 0 0 1 2 1 1 3 3 3 3 3 3 3 3 3 3 3 3 3 3 3 3 3 3 3 3 2 3 3 3 3 3 3 3 3 3]
I; MQ:  1,7608; MV:    5; DT:    0; SOL: [0 0 0 0 1 0 0 1 1 1 1 1 2 0 1 1 1 1 1 1 2 1 1 1 1 1 1 1 1 1 1 1 1 1 1 1 1 1 1 1 1 1 1 1 1 1 1 1 1 2 2 2 3 3 3 3 3 3 3 3 3 3 3 3 3 3 3 3 0 3 3 3 3 3 3 3 3 3 3 3 3 3]
I; MQ:  1,9631; MV:    7; DT:    2; SOL: [0 0 0 0 1 0 0 0 1 1 1 1 2 2 1 1 0 1 3 1 1 1 1 1 1 1 1 1 1 1 1 1 1 1 1 1 1 1 1 1 1 1 1 1 1 1 1 1 1 2 2 2 3 3 3 3 3 3 3 3 3 3 3 3 3 3 3 3 0 3 3 3 3 3 3 3 3 3 3 3 3 3]
I; MQ:  2,0352; MV:   12; DT:    2; SOL: [0 1 0 0 1 0 0 0 1 1 1 1 2 2 1 1 0 1 3 0 1 1 1 1 1 1 1 1 1 1 1 1 1 1 1 1 1 1 1 1 1 1 1 1 1 0 1 1 1 2 1 2 3 3 3 3 3 3 3 3 3 3 3 3 1 3 3 3 0 3 3 3 3 3 3 3 3 3 3 3 3 3]
I; MQ:  2,1422; MV:   13; DT:    4; SOL: [0 1 0 0 0 0 0 0 1 1 1 1 2 2 1 1 0 1 3 0 1 1 1 1 1 1 1 1 1 1 1 1 1 1 1 1 1 1 1 1 1 1 0 1 1 0 1 1 1 2 1 1 3 3 3 3 3 3 3 3 3 3 3 3 3 3 3 3 0 3 3 3 2 3 3 3 3 3 3 3 3 3]
I; MQ:  2,4125; MV:   16; DT:    5; SOL: [0 1 0 0 0 0 0 0 1 1 1 2 2 2 2 1 0 1 3 0 1 1 1 1 1 1 1 1 1 1 1 1 1 1 1 1 1 1 1 1 1 0 0 1 1 0 1 1 1 1 1 2 3 3 3 3 3 3 3 3 3 3 3 3 3 3 3 3 0 3 3 3 2 3 3 3 3 3 3 3 3 3]
I; MQ:  2,4221; MV:   15; DT:    9; SOL: [0 1 0 0 0 0 0 0 1 1 1 2 2 2 2 1 1 1 3 0 1 1 1 1 1 1 1 1 1 1 1 1 1 1 1 1 1 1 1 1 1 0 0 1 1 0 1 0 1 2 1 1 3 3 3 3 3 3 3 3 3 3 3 3 3 3 3 3 3 3 3 3 2 3 3 3 3 3 3 3 3 3]
I; MQ:  2,4395; MV:   18; DT:    9; SOL: [0 1 0 0 0 0 0 0 1 1 0 2 2 2 2 1 1 0 3 0 1 1 1 1 1 1 1 1 1 1 1 1 1 1 1 1 1 1 1 1 1 0 0 1 1 0 0 0 1 2 1 1 3 3 3 3 3 3 3 3 3 3 3 3 3 3 3 3 3 3 3 3 2 3 3 3 3 3 3 3 3 3]

Cycle #23: jfluid
S; MQ:  1,6461; MV:    0; DT:    0; SOL: [0 0 0 0 0 0 0 1 1 1 1 1 1 1 1 1 1 1 1 1 1 1 1 1 1 1 1 1 1 1 1 1 1 1 1 1 1 1 1 1 1 1 1 1 1 1 1 1 1 2 2 2 3 3 3 3 3 3 3 3 3 3 3 3 3 3 3 3 3 3 3 3 3 3 3 3 3 3 3 3 3 3]
C; MQ:  2,4395; MV:   16; DT:    0; SOL: [0 0 0 0 0 0 0 0 1 1 0 2 2 2 2 1 1 0 3 0 1 1 1 1 1 1 1 1 1 1 1 1 1 1 1 1 1 1 1 1 1 0 0 1 1 0 1 0 1 1 1 2 3 3 3 3 3 3 3 3 3 3 3 3 3 3 3 3 3 3 3 3 2 3 3 3 3 3 3 3 3 3]
I; MQ:  1,7580; MV:    5; DT:    0; SOL: [0 0 0 0 0 0 0 1 1 1 1 1 1 0 1 1 1 1 3 1 1 1 1 1 1 1 1 1 1 1 1 1 1 2 1 1 1 1 1 1 1 1 1 1 1 1 1 1 1 1 2 2 3 3 3 3 3 3 3 3 3 3 3 3 3 3 3 3 3 3 3 3 0 3 3 3 3 3 3 3 3 3]
I; MQ:  1,8690; MV:    7; DT:    2; SOL: [0 0 0 0 1 0 0 1 1 1 1 1 1 0 1 1 0 1 3 0 1 1 1 1 1 1 1 1 1 1 1 1 1 2 1 1 1 1 1 1 1 1 1 1 1 1 1 1 1 2 2 2 3 3 3 3 3 3 3 3 3 3 3 3 3 3 3 3 3 3 3 3 1 3 3 3 3 3 3 3 3 3]
I; MQ:  2,0206; MV:    8; DT:    6; SOL: [0 0 0 0 1 0 0 1 1 1 1 1 2 2 1 1 0 1 3 0 1 1 1 1 1 1 1 1 1 1 1 1 1 1 1 1 1 1 1 1 1 1 1 1 1 1 1 1 1 1 2 2 3 3 3 3 3 3 3 3 3 3 3 3 3 3 3 3 3 3 3 3 2 3 3 3 3 3 3 3 3 3]
I; MQ:  2,0828; MV:    9; DT:    8; SOL: [0 0 0 0 0 0 0 1 1 1 1 1 2 2 1 1 1 1 3 0 1 1 1 1 1 1 1 1 1 1 1 1 1 1 1 1 1 1 1 1 1 0 0 1 1 0 1 1 1 1 2 2 3 3 3 3 3 3 3 3 3 3 3 3 3 3 3 3 3 3 3 3 2 3 3 3 3 3 3 3 3 3]
I; MQ:  2,1739; MV:   14; DT:    8; SOL: [0 0 0 0 0 0 0 0 1 1 0 2 2 2 1 1 1 0 3 0 1 1 1 1 1 1 2 1 1 1 1 1 1 1 1 1 1 1 1 1 1 0 0 1 1 0 1 1 1 1 2 2 3 3 3 3 3 3 3 3 3 3 3 3 3 3 3 3 3 3 3 3 2 3 3 3 3 3 3 3 3 3]
I; MQ:  2,4395; MV:   16; DT:    9; SOL: [0 0 0 0 0 0 0 0 1 1 0 2 2 2 2 1 1 0 3 0 1 1 1 1 1 1 1 1 1 1 1 1 1 1 1 1 1 1 1 1 1 0 0 1 1 0 1 0 1 1 1 2 3 3 3 3 3 3 3 3 3 3 3 3 3 3 3 3 3 3 3 3 2 3 3 3 3 3 3 3 3 3]

Cycle #24: jfluid
S; MQ:  1,6461; MV:    0; DT:    0; SOL: [0 0 0 0 0 0 0 1 1 1 1 1 1 1 1 1 1 1 1 1 1 1 1 1 1 1 1 1 1 1 1 1 1 1 1 1 1 1 1 1 1 1 1 1 1 1 1 1 1 2 2 2 3 3 3 3 3 3 3 3 3 3 3 3 3 3 3 3 3 3 3 3 3 3 3 3 3 3 3 3 3 3]
C; MQ:  2,4730; MV:   20; DT:    0; SOL: [0 1 0 0 0 0 0 0 1 1 0 2 2 2 2 1 1 0 3 0 1 1 1 1 1 1 1 1 1 1 2 2 2 2 1 1 1 1 1 1 1 0 0 1 1 0 1 0 1 2 1 2 3 3 3 3 3 3 3 3 3 3 3 3 3 3 3 3 3 3 3 3 2 3 3 3 3 3 3 3 3 3]
I; MQ:  1,9359; MV:    5; DT:    0; SOL: [0 0 0 0 0 0 0 1 1 1 0 2 2 1 1 1 1 1 1 1 1 1 1 1 1 1 1 1 2 1 1 1 1 2 1 1 1 1 1 1 1 1 1 1 1 1 1 1 1 2 2 2 3 3 3 3 3 3 3 3 3 3 3 3 3 3 3 3 3 3 3 3 3 3 3 3 3 3 3 3 3 3]
I; MQ:  2,0382; MV:    8; DT:    1; SOL: [0 0 0 0 0 0 1 1 1 1 0 2 2 1 1 1 1 1 1 1 1 1 1 1 1 1 1 1 1 1 2 1 1 2 1 1 1 1 1 1 1 1 1 1 1 1 1 1 1 2 1 2 3 3 3 3 3 3 3 3 3 3 3 3 3 3 3 3 3 3 3 3 1 3 3 3 3 3 3 3 3 3]
I; MQ:  2,2738; MV:   11; DT:    2; SOL: [0 0 0 0 0 0 0 0 1 1 0 2 2 1 1 1 1 1 1 0 1 1 1 1 1 1 1 1 1 1 2 2 2 2 1 1 1 1 1 1 1 1 1 1 1 1 1 1 1 2 1 2 3 3 3 3 3 3 3 3 3 3 3 3 3 3 3 3 3 3 3 3 1 3 3 3 3 3 3 3 3 3]
I; MQ:  2,3265; MV:   16; DT:    2; SOL: [0 1 0 0 0 0 0 0 1 1 0 2 2 1 1 1 1 1 1 0 1 1 1 1 1 1 1 1 1 1 2 2 2 2 1 1 1 1 1 1 1 0 1 1 1 0 0 0 1 2 1 2 3 3 3 3 3 3 3 3 3 3 3 3 3 3 3 3 3 3 3 3 1 3 3 3 3 3 3 3 3 3]
I; MQ:  2,4657; MV:   20; DT:    3; SOL: [0 1 0 0 0 0 0 0 1 1 0 2 2 2 2 1 1 0 1 0 1 1 1 1 1 1 1 1 1 1 2 2 2 2 1 1 1 1 1 1 1 0 0 1 1 0 0 0 1 2 1 2 3 3 3 3 3 3 3 3 3 3 3 3 3 3 3 3 3 3 3 3 2 3 3 3 3 3 3 3 3 3]
I; MQ:  2,4730; MV:   20; DT:    4; SOL: [0 1 0 0 0 0 0 0 1 1 0 2 2 2 2 1 1 0 3 0 1 1 1 1 1 1 1 1 1 1 2 2 2 2 1 1 1 1 1 1 1 0 0 1 1 0 1 0 1 2 1 2 3 3 3 3 3 3 3 3 3 3 3 3 3 3 3 3 3 3 3 3 2 3 3 3 3 3 3 3 3 3]

Cycle #25: jfluid
S; MQ:  1,6461; MV:    0; DT:    0; SOL: [0 0 0 0 0 0 0 1 1 1 1 1 1 1 1 1 1 1 1 1 1 1 1 1 1 1 1 1 1 1 1 1 1 1 1 1 1 1 1 1 1 1 1 1 1 1 1 1 1 2 2 2 3 3 3 3 3 3 3 3 3 3 3 3 3 3 3 3 3 3 3 3 3 3 3 3 3 3 3 3 3 3]
C; MQ:  2,4865; MV:   23; DT:    0; SOL: [1 1 0 1 2 1 1 1 1 1 1 0 0 0 0 1 1 1 3 1 1 1 1 1 1 1 1 1 1 1 1 1 1 1 1 1 1 1 1 1 1 2 2 0 0 1 2 2 1 0 1 0 3 3 3 3 3 3 3 3 3 3 3 3 1 3 3 3 1 3 3 3 0 3 3 3 3 3 3 3 3 3]
I; MQ:  1,8363; MV:    5; DT:    0; SOL: [0 0 0 0 0 0 1 0 1 1 1 1 1 0 1 1 1 1 1 1 1 1 1 1 1 1 1 1 1 1 1 1 1 1 1 1 1 1 1 1 1 1 1 1 1 1 2 2 1 2 2 2 3 3 3 3 3 3 3 3 3 3 3 3 3 3 3 3 3 3 3 3 3 3 3 3 3 3 3 3 3 3]
I; MQ:  1,9896; MV:    9; DT:    1; SOL: [0 0 0 0 2 0 1 0 1 1 1 1 2 2 1 1 1 1 1 1 1 1 1 1 1 1 1 1 1 1 1 1 1 1 1 1 1 1 1 1 1 1 1 0 0 1 2 2 1 2 2 2 3 3 3 3 3 3 3 3 3 3 3 3 3 3 3 3 3 3 3 3 3 3 3 3 3 3 3 3 3 3]
I; MQ:  2,0416; MV:   13; DT:    2; SOL: [0 1 0 0 2 0 1 0 1 1 1 1 2 0 1 1 1 1 3 1 1 1 1 1 1 1 1 1 1 1 1 1 1 1 1 1 1 1 1 1 1 2 1 0 0 1 2 2 1 2 2 2 3 3 3 3 3 3 3 3 3 3 3 3 1 3 3 3 3 3 3 3 3 3 3 3 3 3 3 3 3 3]
I; MQ:  2,0972; MV:   18; DT:    2; SOL: [0 1 0 0 2 0 1 0 1 1 1 1 2 0 0 1 1 1 3 1 1 1 1 1 1 1 1 1 1 1 1 1 1 1 1 1 1 1 1 1 1 2 2 0 0 1 2 2 1 2 1 2 3 3 3 3 3 3 3 3 3 3 3 3 1 3 3 3 0 3 3 3 0 3 3 3 3 3 3 3 3 3]
I; MQ:  2,2567; MV:   18; DT:    5; SOL: [0 0 0 0 2 0 1 0 1 1 0 1 0 0 0 1 1 1 3 1 1 1 1 1 1 1 1 1 1 1 1 1 1 1 1 1 1 1 1 1 1 2 2 0 0 1 2 2 1 2 1 0 3 3 3 3 3 3 3 3 3 3 3 3 1 3 3 3 3 3 3 3 0 3 3 3 3 3 3 3 3 3]
I; MQ:  2,3770; MV:   21; DT:    6; SOL: [0 0 0 0 2 1 1 1 1 1 0 0 0 0 0 1 1 1 3 1 1 1 1 1 1 1 0 1 1 1 1 1 1 1 1 1 1 1 1 1 1 2 2 0 0 1 2 2 1 0 1 0 3 3 3 3 3 3 3 3 3 3 3 3 1 3 3 3 3 3 3 3 0 3 3 3 3 3 3 3 3 3]
I; MQ:  2,4351; MV:   22; DT:   10; SOL: [0 1 0 1 2 1 1 1 1 1 1 0 0 0 0 1 1 1 3 1 1 1 1 1 1 1 1 1 1 1 1 1 1 1 1 1 1 1 1 1 1 2 2 0 0 1 2 2 1 0 1 0 3 3 3 3 3 3 3 3 3 3 3 3 1 3 3 3 1 3 3 3 0 3 3 3 3 3 3 3 3 3]
I; MQ:  2,4865; MV:   23; DT:   10; SOL: [1 1 0 1 2 1 1 1 1 1 1 0 0 0 0 1 1 1 3 1 1 1 1 1 1 1 1 1 1 1 1 1 1 1 1 1 1 1 1 1 1 2 2 0 0 1 2 2 1 0 1 0 3 3 3 3 3 3 3 3 3 3 3 3 1 3 3 3 1 3 3 3 0 3 3 3 3 3 3 3 3 3]

Cycle #26: jfluid
S; MQ:  1,6461; MV:    0; DT:    0; SOL: [0 0 0 0 0 0 0 1 1 1 1 1 1 1 1 1 1 1 1 1 1 1 1 1 1 1 1 1 1 1 1 1 1 1 1 1 1 1 1 1 1 1 1 1 1 1 1 1 1 2 2 2 3 3 3 3 3 3 3 3 3 3 3 3 3 3 3 3 3 3 3 3 3 3 3 3 3 3 3 3 3 3]
C; MQ:  2,4206; MV:   19; DT:    0; SOL: [0 1 0 0 0 0 0 0 1 1 0 1 1 1 1 1 1 0 3 0 1 1 1 1 1 1 1 1 2 2 2 2 2 2 1 1 1 1 1 1 1 0 0 1 1 0 1 0 1 1 2 1 3 3 3 3 3 3 3 3 3 3 3 3 3 3 3 3 3 3 3 3 1 3 3 3 3 3 3 3 3 3]
I; MQ:  1,7533; MV:    5; DT:    0; SOL: [0 2 0 0 0 0 0 1 1 2 1 1 1 1 1 1 0 1 1 1 1 1 1 1 1 1 1 1 2 1 1 1 1 1 1 1 1 1 1 1 1 1 1 1 1 1 2 1 1 2 2 2 3 3 3 3 3 3 3 3 3 3 3 3 3 3 3 3 3 3 3 3 3 3 3 3 3 3 3 3 3 3]
I; MQ:  1,8236; MV:    6; DT:    2; SOL: [0 0 0 0 0 0 0 0 1 2 0 1 1 1 1 1 1 1 1 1 1 1 1 1 1 1 1 1 2 1 1 1 1 1 1 1 1 1 1 1 1 1 0 1 1 1 2 1 1 2 2 2 3 3 3 3 3 3 3 3 3 3 3 3 3 3 3 3 3 3 3 3 3 3 3 3 3 3 3 3 3 3]
I; MQ:  1,8979; MV:   10; DT:    4; SOL: [0 2 0 0 0 0 0 0 1 2 0 1 1 1 1 1 1 1 1 0 1 1 2 1 1 1 1 1 2 1 1 1 1 1 1 1 1 1 1 1 1 0 2 1 1 1 2 1 1 2 2 2 3 3 3 3 3 3 3 3 3 3 3 3 3 3 3 3 3 3 3 3 3 3 3 3 3 3 3 3 3 3]
I; MQ:  1,9496; MV:   13; DT:    6; SOL: [0 2 0 0 0 0 0 0 1 2 0 1 1 1 1 1 1 1 3 0 1 1 2 1 1 1 1 1 2 2 1 1 1 2 1 1 1 1 1 1 1 2 0 1 1 1 2 1 1 2 2 2 3 3 3 3 3 3 3 3 3 3 3 3 3 3 3 3 3 3 3 3 3 3 3 3 3 3 3 3 3 3]
I; MQ:  2,0386; MV:   12; DT:   10; SOL: [0 0 0 0 0 0 0 0 1 1 0 1 1 1 1 1 1 1 3 0 1 1 0 1 1 1 1 1 2 2 1 2 1 2 1 1 1 1 1 1 1 2 0 1 1 1 0 1 1 2 2 2 3 3 3 3 3 3 3 3 3 3 3 3 3 3 3 3 3 3 3 3 3 3 3 3 3 3 3 3 3 3]
I; MQ:  2,2133; MV:   12; DT:   13; SOL: [0 0 0 0 0 0 0 0 1 1 0 1 1 1 1 1 1 1 3 0 1 1 1 1 1 1 1 1 2 2 1 2 2 2 1 1 1 1 1 1 1 0 0 1 1 1 1 1 1 1 2 2 3 3 3 3 3 3 3 3 3 3 3 3 3 3 3 3 3 3 3 3 3 3 3 3 3 3 3 3 3 3]
I; MQ:  2,3675; MV:   17; DT:   14; SOL: [0 1 0 0 0 0 0 0 1 1 0 1 1 1 1 1 1 1 3 0 1 1 1 1 1 1 1 1 2 2 2 2 2 2 1 1 1 1 1 1 1 0 0 1 1 0 1 0 1 1 2 2 3 3 3 3 3 3 3 3 3 3 3 3 3 3 3 3 3 3 3 3 1 3 3 3 3 3 3 3 3 3]
I; MQ:  2,4206; MV:   19; DT:   14; SOL: [0 1 0 0 0 0 0 0 1 1 0 1 1 1 1 1 1 0 3 0 1 1 1 1 1 1 1 1 2 2 2 2 2 2 1 1 1 1 1 1 1 0 0 1 1 0 1 0 1 1 2 1 3 3 3 3 3 3 3 3 3 3 3 3 3 3 3 3 3 3 3 3 1 3 3 3 3 3 3 3 3 3]

Cycle #27: jfluid
S; MQ:  1,6461; MV:    0; DT:    0; SOL: [0 0 0 0 0 0 0 1 1 1 1 1 1 1 1 1 1 1 1 1 1 1 1 1 1 1 1 1 1 1 1 1 1 1 1 1 1 1 1 1 1 1 1 1 1 1 1 1 1 2 2 2 3 3 3 3 3 3 3 3 3 3 3 3 3 3 3 3 3 3 3 3 3 3 3 3 3 3 3 3 3 3]
C; MQ:  2,1662; MV:   19; DT:    0; SOL: [0 2 0 0 0 0 2 0 2 2 2 1 1 1 1 1 1 2 3 2 2 1 1 1 1 1 1 1 1 1 1 1 1 1 1 1 1 1 1 1 1 0 0 1 1 0 0 0 1 1 2 1 3 3 3 3 3 3 3 3 3 3 3 3 2 3 3 3 3 3 3 3 1 3 3 3 3 3 3 3 3 3]
I; MQ:  1,8463; MV:    5; DT:    0; SOL: [0 0 0 0 0 0 0 0 1 1 0 1 1 1 1 1 1 1 1 0 1 1 1 1 1 1 1 1 1 1 1 1 1 1 1 1 1 1 1 1 1 1 0 1 1 0 1 1 1 2 2 2 3 3 3 3 3 3 3 3 3 3 3 3 3 3 3 3 3 3 3 3 3 3 3 3 3 3 3 3 3 3]
I; MQ:  1,9141; MV:    8; DT:    2; SOL: [0 0 0 0 0 0 0 2 1 1 0 1 1 1 1 1 1 1 1 2 2 1 1 1 1 1 1 1 1 1 1 1 1 1 1 1 1 1 1 1 1 0 0 1 1 0 1 1 1 2 2 1 3 3 3 3 3 3 3 3 3 3 3 3 3 3 3 3 3 3 3 3 3 3 3 3 3 3 3 3 3 3]
I; MQ:  1,9798; MV:   13; DT:    2; SOL: [0 0 0 0 0 0 0 2 1 1 0 1 1 1 1 1 1 1 1 2 2 1 1 1 1 1 1 1 1 1 1 1 1 1 1 1 1 1 1 1 1 0 0 1 1 0 1 0 1 2 2 1 3 3 2 3 3 3 3 3 2 3 3 3 2 3 3 3 3 3 3 3 1 3 3 3 3 3 3 3 3 3]
I; MQ:  1,9875; MV:   14; DT:    4; SOL: [0 0 0 0 0 0 0 2 1 1 0 1 1 1 1 1 1 1 1 2 2 1 1 1 1 1 1 1 1 1 1 1 1 1 1 1 1 1 1 1 1 0 0 1 1 0 1 0 1 2 2 1 3 3 3 3 3 3 3 3 3 3 3 3 2 3 3 3 3 3 3 2 1 2 3 3 3 3 3 2 3 3]
I; MQ:  2,0380; MV:   16; DT:    6; SOL: [0 0 0 0 0 0 2 0 2 1 0 1 1 1 1 1 1 1 1 2 2 1 1 1 1 1 1 1 1 1 1 1 1 1 1 1 1 1 2 1 1 0 0 1 1 0 1 0 1 2 2 1 3 3 3 3 3 3 3 3 3 3 3 3 2 3 3 3 3 3 3 3 1 2 3 3 3 3 3 2 3 3]
I; MQ:  2,0866; MV:   15; DT:    9; SOL: [0 0 0 0 0 0 2 0 2 2 0 1 1 1 1 1 1 1 2 2 2 1 1 1 1 1 1 1 1 1 1 1 1 1 1 1 1 1 1 1 1 0 0 1 1 0 1 0 1 2 2 1 3 3 3 3 3 3 3 3 3 3 3 3 2 3 3 3 3 3 3 3 1 3 3 3 3 3 3 3 3 3]
I; MQ:  2,1121; MV:   19; DT:   11; SOL: [0 2 0 0 0 0 2 0 2 2 0 1 1 1 1 1 1 1 3 2 2 1 1 1 1 1 1 1 1 1 1 1 1 1 1 1 1 1 1 1 1 0 0 1 1 0 0 0 1 1 2 1 3 3 3 3 3 3 3 3 3 3 3 3 2 3 3 3 3 3 3 2 1 3 3 3 3 3 3 3 3 3]
I; MQ:  2,1662; MV:   19; DT:   13; SOL: [0 2 0 0 0 0 2 0 2 2 2 1 1 1 1 1 1 2 3 2 2 1 1 1 1 1 1 1 1 1 1 1 1 1 1 1 1 1 1 1 1 0 0 1 1 0 0 0 1 1 2 1 3 3 3 3 3 3 3 3 3 3 3 3 2 3 3 3 3 3 3 3 1 3 3 3 3 3 3 3 3 3]

Cycle #28: jfluid
S; MQ:  1,6461; MV:    0; DT:    0; SOL: [0 0 0 0 0 0 0 1 1 1 1 1 1 1 1 1 1 1 1 1 1 1 1 1 1 1 1 1 1 1 1 1 1 1 1 1 1 1 1 1 1 1 1 1 1 1 1 1 1 2 2 2 3 3 3 3 3 3 3 3 3 3 3 3 3 3 3 3 3 3 3 3 3 3 3 3 3 3 3 3 3 3]
C; MQ:  2,4596; MV:   16; DT:    0; SOL: [1 1 0 1 0 0 0 1 1 1 1 2 2 2 2 1 1 1 3 0 1 1 1 1 1 1 1 1 1 1 1 1 1 1 1 1 1 1 1 1 1 0 0 1 1 0 0 0 1 2 1 2 3 3 3 3 3 3 3 3 3 3 3 3 3 3 3 3 3 3 3 3 2 3 3 3 3 3 3 3 3 3]
I; MQ:  1,8887; MV:    5; DT:    0; SOL: [0 0 0 0 0 0 1 1 1 1 1 1 2 1 1 1 1 1 1 1 1 1 1 1 1 1 1 1 1 1 1 1 1 1 1 1 1 1 1 1 1 1 1 1 1 0 1 1 1 2 2 2 3 3 3 3 3 3 3 3 3 3 3 3 1 3 3 3 0 3 3 3 3 3 3 3 3 3 3 3 3 3]
I; MQ:  1,9889; MV:   10; DT:    0; SOL: [0 1 0 1 0 0 1 1 1 1 1 2 2 1 1 1 1 1 1 1 1 1 1 1 1 1 1 1 1 1 1 1 1 1 1 1 1 1 1 1 1 1 1 1 1 0 1 0 1 2 2 2 3 3 3 3 3 3 3 3 3 3 3 3 1 3 3 3 0 3 3 3 1 3 3 3 3 3 3 3 3 3]
I; MQ:  2,0668; MV:    9; DT:    4; SOL: [0 1 0 1 0 0 0 1 1 1 1 2 2 1 1 1 1 1 1 0 1 1 1 1 1 1 1 1 1 1 1 1 1 1 1 1 1 1 1 1 1 1 1 1 1 0 1 0 1 2 2 2 3 3 3 3 3 3 3 3 3 3 3 3 0 3 3 3 3 3 3 3 2 3 3 3 3 3 3 3 3 3]
I; MQ:  2,0917; MV:   12; DT:    5; SOL: [0 1 0 1 0 0 0 1 1 1 1 2 2 1 1 1 1 1 1 0 1 1 1 1 1 1 2 1 1 1 1 1 1 1 1 1 1 1 1 1 1 1 0 0 1 0 1 0 1 1 2 2 3 3 3 3 3 3 3 3 3 3 3 3 3 3 3 3 3 3 3 3 2 3 3 3 3 3 3 3 3 3]
I; MQ:  2,1371; MV:   15; DT:    6; SOL: [1 1 0 1 0 0 0 1 1 1 1 2 2 1 1 1 1 1 1 0 1 1 1 1 1 1 2 2 1 1 1 1 1 1 1 1 1 1 1 1 1 0 0 1 1 0 1 0 1 1 1 2 3 3 3 3 3 3 3 3 3 3 3 3 3 3 3 3 3 3 3 3 2 3 3 3 3 3 3 3 3 3]
I; MQ:  2,4366; MV:   14; DT:    9; SOL: [1 1 0 1 0 0 0 1 1 1 1 2 2 2 2 1 1 1 1 0 1 1 1 1 1 1 1 1 1 1 1 1 1 1 1 1 1 1 1 1 1 0 0 1 1 0 1 0 1 2 1 2 3 3 3 3 3 3 3 3 3 3 3 3 3 3 3 3 3 3 3 3 2 3 3 3 3 3 3 3 3 3]
I; MQ:  2,4596; MV:   16; DT:    9; SOL: [1 1 0 1 0 0 0 1 1 1 1 2 2 2 2 1 1 1 3 0 1 1 1 1 1 1 1 1 1 1 1 1 1 1 1 1 1 1 1 1 1 0 0 1 1 0 0 0 1 2 1 2 3 3 3 3 3 3 3 3 3 3 3 3 3 3 3 3 3 3 3 3 2 3 3 3 3 3 3 3 3 3]

Cycle #29: jfluid
S; MQ:  1,6461; MV:    0; DT:    0; SOL: [0 0 0 0 0 0 0 1 1 1 1 1 1 1 1 1 1 1 1 1 1 1 1 1 1 1 1 1 1 1 1 1 1 1 1 1 1 1 1 1 1 1 1 1 1 1 1 1 1 2 2 2 3 3 3 3 3 3 3 3 3 3 3 3 3 3 3 3 3 3 3 3 3 3 3 3 3 3 3 3 3 3]
C; MQ:  2,4409; MV:   19; DT:    0; SOL: [1 1 0 1 0 0 0 1 1 1 1 1 1 1 1 1 1 1 3 0 1 1 1 1 1 1 1 1 2 2 2 2 2 2 1 1 1 1 1 1 1 0 0 1 1 0 0 0 1 1 2 1 3 3 3 3 3 3 3 3 3 3 3 3 3 3 3 3 3 3 3 3 1 3 3 3 3 3 3 3 3 3]
I; MQ:  2,0051; MV:    5; DT:    0; SOL: [0 0 0 0 0 0 0 1 1 1 1 1 1 1 1 1 1 1 1 0 1 1 1 1 1 1 1 1 2 1 1 1 2 2 1 1 1 1 1 1 1 1 1 1 1 1 1 0 1 2 2 2 3 3 3 3 3 3 3 3 3 3 3 3 3 3 3 3 3 3 3 3 3 3 3 3 3 3 3 3 3 3]
I; MQ:  2,1059; MV:   10; DT:    0; SOL: [0 1 0 0 0 0 0 1 1 1 1 1 1 1 1 1 1 1 3 0 1 1 1 1 1 1 1 1 2 2 1 1 2 2 1 1 1 1 1 1 1 1 1 0 1 1 1 0 1 2 2 2 3 3 3 3 3 3 3 3 3 3 3 3 3 3 3 3 3 3 3 3 1 3 3 3 3 3 3 3 3 3]
I; MQ:  2,2162; MV:   13; DT:    1; SOL: [0 1 0 0 0 0 0 1 1 1 1 1 1 1 1 1 0 1 3 0 1 1 1 1 1 1 1 1 2 2 2 1 2 2 1 1 1 1 1 1 1 1 1 1 1 1 1 0 1 2 2 1 3 3 3 3 3 3 3 3 3 3 3 3 3 3 3 3 0 3 3 3 1 3 3 3 3 3 3 3 3 3]
I; MQ:  2,2921; MV:   14; DT:    3; SOL: [0 1 0 1 0 0 0 1 1 1 1 1 1 1 1 1 1 1 3 0 1 1 1 1 1 1 1 1 2 2 2 1 2 2 1 1 1 1 1 1 1 1 1 1 1 0 0 0 1 2 2 1 3 3 3 3 3 3 3 3 3 3 3 3 3 3 3 3 3 3 3 3 1 3 3 3 3 3 3 3 3 3]
I; MQ:  2,4409; MV:   19; DT:    3; SOL: [1 1 0 1 0 0 0 1 1 1 1 1 1 1 1 1 1 1 3 0 1 1 1 1 1 1 1 1 2 2 2 2 2 2 1 1 1 1 1 1 1 0 0 1 1 0 0 0 1 1 2 1 3 3 3 3 3 3 3 3 3 3 3 3 3 3 3 3 3 3 3 3 1 3 3 3 3 3 3 3 3 3]
