jodamoney (26 classes; 2 packages; 102 deps)

Cycle #0: jodamoney
S; MQ:  1,5947; MV:    0; DT:    0; SOL: [0 0 0 0 0 0 0 0 0 0 1 1 1 1 1 1 1 1 1 1 1 1 1 1 1 1]
C; MQ:  1,6277; MV:    1; DT:    0; SOL: [0 0 0 0 0 0 1 0 0 0 1 1 1 1 1 1 1 1 1 1 1 1 1 1 1 1]
I; MQ:  1,6277; MV:    1; DT:    0; SOL: [0 0 0 0 0 0 1 0 0 0 1 1 1 1 1 1 1 1 1 1 1 1 1 1 1 1]

Cycle #1: jodamoney
S; MQ:  1,5947; MV:    0; DT:    0; SOL: [0 0 0 0 0 0 0 0 0 0 1 1 1 1 1 1 1 1 1 1 1 1 1 1 1 1]
C; MQ:  1,6277; MV:    1; DT:    0; SOL: [0 0 0 0 0 0 1 0 0 0 1 1 1 1 1 1 1 1 1 1 1 1 1 1 1 1]
I; MQ:  1,6277; MV:    1; DT:    0; SOL: [0 0 0 0 0 0 1 0 0 0 1 1 1 1 1 1 1 1 1 1 1 1 1 1 1 1]

Cycle #2: jodamoney
S; MQ:  1,5947; MV:    0; DT:    0; SOL: [0 0 0 0 0 0 0 0 0 0 1 1 1 1 1 1 1 1 1 1 1 1 1 1 1 1]
C; MQ:  1,6277; MV:    1; DT:    0; SOL: [0 0 0 0 0 0 1 0 0 0 1 1 1 1 1 1 1 1 1 1 1 1 1 1 1 1]
I; MQ:  1,6277; MV:    1; DT:    0; SOL: [0 0 0 0 0 0 1 0 0 0 1 1 1 1 1 1 1 1 1 1 1 1 1 1 1 1]

Cycle #3: jodamoney
S; MQ:  1,5947; MV:    0; DT:    0; SOL: [0 0 0 0 0 0 0 0 0 0 1 1 1 1 1 1 1 1 1 1 1 1 1 1 1 1]
C; MQ:  1,6277; MV:    1; DT:    0; SOL: [0 0 0 0 0 0 1 0 0 0 1 1 1 1 1 1 1 1 1 1 1 1 1 1 1 1]
I; MQ:  1,6277; MV:    1; DT:    0; SOL: [0 0 0 0 0 0 1 0 0 0 1 1 1 1 1 1 1 1 1 1 1 1 1 1 1 1]

Cycle #4: jodamoney
S; MQ:  1,5947; MV:    0; DT:    0; SOL: [0 0 0 0 0 0 0 0 0 0 1 1 1 1 1 1 1 1 1 1 1 1 1 1 1 1]
C; MQ:  1,6277; MV:    1; DT:    0; SOL: [0 0 0 0 0 0 1 0 0 0 1 1 1 1 1 1 1 1 1 1 1 1 1 1 1 1]
I; MQ:  1,6277; MV:    1; DT:    0; SOL: [0 0 0 0 0 0 1 0 0 0 1 1 1 1 1 1 1 1 1 1 1 1 1 1 1 1]

Cycle #5: jodamoney
S; MQ:  1,5947; MV:    0; DT:    0; SOL: [0 0 0 0 0 0 0 0 0 0 1 1 1 1 1 1 1 1 1 1 1 1 1 1 1 1]
C; MQ:  1,6277; MV:    1; DT:    0; SOL: [0 0 0 0 0 0 1 0 0 0 1 1 1 1 1 1 1 1 1 1 1 1 1 1 1 1]
I; MQ:  1,6277; MV:    1; DT:    0; SOL: [0 0 0 0 0 0 1 0 0 0 1 1 1 1 1 1 1 1 1 1 1 1 1 1 1 1]

Cycle #6: jodamoney
S; MQ:  1,5947; MV:    0; DT:    0; SOL: [0 0 0 0 0 0 0 0 0 0 1 1 1 1 1 1 1 1 1 1 1 1 1 1 1 1]
C; MQ:  1,6277; MV:    1; DT:    0; SOL: [0 0 0 0 0 0 1 0 0 0 1 1 1 1 1 1 1 1 1 1 1 1 1 1 1 1]
I; MQ:  1,6277; MV:    1; DT:    0; SOL: [0 0 0 0 0 0 1 0 0 0 1 1 1 1 1 1 1 1 1 1 1 1 1 1 1 1]

Cycle #7: jodamoney
S; MQ:  1,5947; MV:    0; DT:    0; SOL: [0 0 0 0 0 0 0 0 0 0 1 1 1 1 1 1 1 1 1 1 1 1 1 1 1 1]
C; MQ:  1,6277; MV:    1; DT:    0; SOL: [0 0 0 0 0 0 1 0 0 0 1 1 1 1 1 1 1 1 1 1 1 1 1 1 1 1]
I; MQ:  1,6277; MV:    1; DT:    0; SOL: [0 0 0 0 0 0 1 0 0 0 1 1 1 1 1 1 1 1 1 1 1 1 1 1 1 1]

Cycle #8: jodamoney
S; MQ:  1,5947; MV:    0; DT:    0; SOL: [0 0 0 0 0 0 0 0 0 0 1 1 1 1 1 1 1 1 1 1 1 1 1 1 1 1]
C; MQ:  1,6277; MV:    1; DT:    0; SOL: [0 0 0 0 0 0 1 0 0 0 1 1 1 1 1 1 1 1 1 1 1 1 1 1 1 1]
I; MQ:  1,6277; MV:    1; DT:    0; SOL: [0 0 0 0 0 0 1 0 0 0 1 1 1 1 1 1 1 1 1 1 1 1 1 1 1 1]

Cycle #9: jodamoney
S; MQ:  1,5947; MV:    0; DT:    0; SOL: [0 0 0 0 0 0 0 0 0 0 1 1 1 1 1 1 1 1 1 1 1 1 1 1 1 1]
C; MQ:  1,6277; MV:    1; DT:    0; SOL: [0 0 0 0 0 0 1 0 0 0 1 1 1 1 1 1 1 1 1 1 1 1 1 1 1 1]
I; MQ:  1,6277; MV:    1; DT:    0; SOL: [0 0 0 0 0 0 1 0 0 0 1 1 1 1 1 1 1 1 1 1 1 1 1 1 1 1]

Cycle #10: jodamoney
S; MQ:  1,5947; MV:    0; DT:    0; SOL: [0 0 0 0 0 0 0 0 0 0 1 1 1 1 1 1 1 1 1 1 1 1 1 1 1 1]
C; MQ:  1,6277; MV:    1; DT:    0; SOL: [0 0 0 0 0 0 1 0 0 0 1 1 1 1 1 1 1 1 1 1 1 1 1 1 1 1]
I; MQ:  1,6277; MV:    1; DT:    0; SOL: [0 0 0 0 0 0 1 0 0 0 1 1 1 1 1 1 1 1 1 1 1 1 1 1 1 1]

Cycle #11: jodamoney
S; MQ:  1,5947; MV:    0; DT:    0; SOL: [0 0 0 0 0 0 0 0 0 0 1 1 1 1 1 1 1 1 1 1 1 1 1 1 1 1]
C; MQ:  1,6277; MV:    1; DT:    0; SOL: [0 0 0 0 0 0 1 0 0 0 1 1 1 1 1 1 1 1 1 1 1 1 1 1 1 1]
I; MQ:  1,6277; MV:    1; DT:    0; SOL: [0 0 0 0 0 0 1 0 0 0 1 1 1 1 1 1 1 1 1 1 1 1 1 1 1 1]

Cycle #12: jodamoney
S; MQ:  1,5947; MV:    0; DT:    0; SOL: [0 0 0 0 0 0 0 0 0 0 1 1 1 1 1 1 1 1 1 1 1 1 1 1 1 1]
C; MQ:  1,6277; MV:    1; DT:    0; SOL: [0 0 0 0 0 0 1 0 0 0 1 1 1 1 1 1 1 1 1 1 1 1 1 1 1 1]
I; MQ:  1,6277; MV:    1; DT:    0; SOL: [0 0 0 0 0 0 1 0 0 0 1 1 1 1 1 1 1 1 1 1 1 1 1 1 1 1]

Cycle #13: jodamoney
S; MQ:  1,5947; MV:    0; DT:    0; SOL: [0 0 0 0 0 0 0 0 0 0 1 1 1 1 1 1 1 1 1 1 1 1 1 1 1 1]
C; MQ:  1,6277; MV:    1; DT:    0; SOL: [0 0 0 0 0 0 1 0 0 0 1 1 1 1 1 1 1 1 1 1 1 1 1 1 1 1]
I; MQ:  1,6277; MV:    1; DT:    0; SOL: [0 0 0 0 0 0 1 0 0 0 1 1 1 1 1 1 1 1 1 1 1 1 1 1 1 1]

Cycle #14: jodamoney
S; MQ:  1,5947; MV:    0; DT:    0; SOL: [0 0 0 0 0 0 0 0 0 0 1 1 1 1 1 1 1 1 1 1 1 1 1 1 1 1]
C; MQ:  1,6277; MV:    1; DT:    0; SOL: [0 0 0 0 0 0 1 0 0 0 1 1 1 1 1 1 1 1 1 1 1 1 1 1 1 1]
I; MQ:  1,6277; MV:    1; DT:    0; SOL: [0 0 0 0 0 0 1 0 0 0 1 1 1 1 1 1 1 1 1 1 1 1 1 1 1 1]

Cycle #15: jodamoney
S; MQ:  1,5947; MV:    0; DT:    0; SOL: [0 0 0 0 0 0 0 0 0 0 1 1 1 1 1 1 1 1 1 1 1 1 1 1 1 1]
C; MQ:  1,6277; MV:    1; DT:    0; SOL: [0 0 0 0 0 0 1 0 0 0 1 1 1 1 1 1 1 1 1 1 1 1 1 1 1 1]
I; MQ:  1,6277; MV:    1; DT:    0; SOL: [0 0 0 0 0 0 1 0 0 0 1 1 1 1 1 1 1 1 1 1 1 1 1 1 1 1]

Cycle #16: jodamoney
S; MQ:  1,5947; MV:    0; DT:    0; SOL: [0 0 0 0 0 0 0 0 0 0 1 1 1 1 1 1 1 1 1 1 1 1 1 1 1 1]
C; MQ:  1,6277; MV:    1; DT:    0; SOL: [0 0 0 0 0 0 1 0 0 0 1 1 1 1 1 1 1 1 1 1 1 1 1 1 1 1]
I; MQ:  1,6277; MV:    1; DT:    0; SOL: [0 0 0 0 0 0 1 0 0 0 1 1 1 1 1 1 1 1 1 1 1 1 1 1 1 1]

Cycle #17: jodamoney
S; MQ:  1,5947; MV:    0; DT:    0; SOL: [0 0 0 0 0 0 0 0 0 0 1 1 1 1 1 1 1 1 1 1 1 1 1 1 1 1]
C; MQ:  1,6277; MV:    1; DT:    0; SOL: [0 0 0 0 0 0 1 0 0 0 1 1 1 1 1 1 1 1 1 1 1 1 1 1 1 1]
I; MQ:  1,6277; MV:    1; DT:    0; SOL: [0 0 0 0 0 0 1 0 0 0 1 1 1 1 1 1 1 1 1 1 1 1 1 1 1 1]

Cycle #18: jodamoney
S; MQ:  1,5947; MV:    0; DT:    0; SOL: [0 0 0 0 0 0 0 0 0 0 1 1 1 1 1 1 1 1 1 1 1 1 1 1 1 1]
C; MQ:  1,6277; MV:    1; DT:    0; SOL: [0 0 0 0 0 0 1 0 0 0 1 1 1 1 1 1 1 1 1 1 1 1 1 1 1 1]
I; MQ:  1,6277; MV:    1; DT:    0; SOL: [0 0 0 0 0 0 1 0 0 0 1 1 1 1 1 1 1 1 1 1 1 1 1 1 1 1]

Cycle #19: jodamoney
S; MQ:  1,5947; MV:    0; DT:    0; SOL: [0 0 0 0 0 0 0 0 0 0 1 1 1 1 1 1 1 1 1 1 1 1 1 1 1 1]
C; MQ:  1,6277; MV:    1; DT:    0; SOL: [0 0 0 0 0 0 1 0 0 0 1 1 1 1 1 1 1 1 1 1 1 1 1 1 1 1]
I; MQ:  1,6277; MV:    1; DT:    0; SOL: [0 0 0 0 0 0 1 0 0 0 1 1 1 1 1 1 1 1 1 1 1 1 1 1 1 1]

Cycle #20: jodamoney
S; MQ:  1,5947; MV:    0; DT:    0; SOL: [0 0 0 0 0 0 0 0 0 0 1 1 1 1 1 1 1 1 1 1 1 1 1 1 1 1]
C; MQ:  1,6277; MV:    1; DT:    0; SOL: [0 0 0 0 0 0 1 0 0 0 1 1 1 1 1 1 1 1 1 1 1 1 1 1 1 1]
I; MQ:  1,6277; MV:    1; DT:    0; SOL: [0 0 0 0 0 0 1 0 0 0 1 1 1 1 1 1 1 1 1 1 1 1 1 1 1 1]

Cycle #21: jodamoney
S; MQ:  1,5947; MV:    0; DT:    0; SOL: [0 0 0 0 0 0 0 0 0 0 1 1 1 1 1 1 1 1 1 1 1 1 1 1 1 1]
C; MQ:  1,6277; MV:    1; DT:    0; SOL: [0 0 0 0 0 0 1 0 0 0 1 1 1 1 1 1 1 1 1 1 1 1 1 1 1 1]
I; MQ:  1,6277; MV:    1; DT:    0; SOL: [0 0 0 0 0 0 1 0 0 0 1 1 1 1 1 1 1 1 1 1 1 1 1 1 1 1]

Cycle #22: jodamoney
S; MQ:  1,5947; MV:    0; DT:    0; SOL: [0 0 0 0 0 0 0 0 0 0 1 1 1 1 1 1 1 1 1 1 1 1 1 1 1 1]
C; MQ:  1,6277; MV:    1; DT:    0; SOL: [0 0 0 0 0 0 1 0 0 0 1 1 1 1 1 1 1 1 1 1 1 1 1 1 1 1]
I; MQ:  1,6277; MV:    1; DT:    0; SOL: [0 0 0 0 0 0 1 0 0 0 1 1 1 1 1 1 1 1 1 1 1 1 1 1 1 1]

Cycle #23: jodamoney
S; MQ:  1,5947; MV:    0; DT:    0; SOL: [0 0 0 0 0 0 0 0 0 0 1 1 1 1 1 1 1 1 1 1 1 1 1 1 1 1]
C; MQ:  1,6277; MV:    1; DT:    0; SOL: [0 0 0 0 0 0 1 0 0 0 1 1 1 1 1 1 1 1 1 1 1 1 1 1 1 1]
I; MQ:  1,6277; MV:    1; DT:    0; SOL: [0 0 0 0 0 0 1 0 0 0 1 1 1 1 1 1 1 1 1 1 1 1 1 1 1 1]

Cycle #24: jodamoney
S; MQ:  1,5947; MV:    0; DT:    0; SOL: [0 0 0 0 0 0 0 0 0 0 1 1 1 1 1 1 1 1 1 1 1 1 1 1 1 1]
C; MQ:  1,6277; MV:    1; DT:    0; SOL: [0 0 0 0 0 0 1 0 0 0 1 1 1 1 1 1 1 1 1 1 1 1 1 1 1 1]
I; MQ:  1,6277; MV:    1; DT:    0; SOL: [0 0 0 0 0 0 1 0 0 0 1 1 1 1 1 1 1 1 1 1 1 1 1 1 1 1]

Cycle #25: jodamoney
S; MQ:  1,5947; MV:    0; DT:    0; SOL: [0 0 0 0 0 0 0 0 0 0 1 1 1 1 1 1 1 1 1 1 1 1 1 1 1 1]
C; MQ:  1,6277; MV:    1; DT:    0; SOL: [0 0 0 0 0 0 1 0 0 0 1 1 1 1 1 1 1 1 1 1 1 1 1 1 1 1]
I; MQ:  1,6277; MV:    1; DT:    0; SOL: [0 0 0 0 0 0 1 0 0 0 1 1 1 1 1 1 1 1 1 1 1 1 1 1 1 1]

Cycle #26: jodamoney
S; MQ:  1,5947; MV:    0; DT:    0; SOL: [0 0 0 0 0 0 0 0 0 0 1 1 1 1 1 1 1 1 1 1 1 1 1 1 1 1]
C; MQ:  1,6277; MV:    1; DT:    0; SOL: [0 0 0 0 0 0 1 0 0 0 1 1 1 1 1 1 1 1 1 1 1 1 1 1 1 1]
I; MQ:  1,6277; MV:    1; DT:    0; SOL: [0 0 0 0 0 0 1 0 0 0 1 1 1 1 1 1 1 1 1 1 1 1 1 1 1 1]

Cycle #27: jodamoney
S; MQ:  1,5947; MV:    0; DT:    0; SOL: [0 0 0 0 0 0 0 0 0 0 1 1 1 1 1 1 1 1 1 1 1 1 1 1 1 1]
C; MQ:  1,6277; MV:    1; DT:    0; SOL: [0 0 0 0 0 0 1 0 0 0 1 1 1 1 1 1 1 1 1 1 1 1 1 1 1 1]
I; MQ:  1,6277; MV:    1; DT:    0; SOL: [0 0 0 0 0 0 1 0 0 0 1 1 1 1 1 1 1 1 1 1 1 1 1 1 1 1]

Cycle #28: jodamoney
S; MQ:  1,5947; MV:    0; DT:    0; SOL: [0 0 0 0 0 0 0 0 0 0 1 1 1 1 1 1 1 1 1 1 1 1 1 1 1 1]
C; MQ:  1,6277; MV:    1; DT:    0; SOL: [0 0 0 0 0 0 1 0 0 0 1 1 1 1 1 1 1 1 1 1 1 1 1 1 1 1]
I; MQ:  1,6277; MV:    1; DT:    0; SOL: [0 0 0 0 0 0 1 0 0 0 1 1 1 1 1 1 1 1 1 1 1 1 1 1 1 1]

Cycle #29: jodamoney
S; MQ:  1,5947; MV:    0; DT:    0; SOL: [0 0 0 0 0 0 0 0 0 0 1 1 1 1 1 1 1 1 1 1 1 1 1 1 1 1]
C; MQ:  1,6277; MV:    1; DT:    0; SOL: [0 0 0 0 0 0 1 0 0 0 1 1 1 1 1 1 1 1 1 1 1 1 1 1 1 1]
I; MQ:  1,6277; MV:    1; DT:    0; SOL: [0 0 0 0 0 0 1 0 0 0 1 1 1 1 1 1 1 1 1 1 1 1 1 1 1 1]
