jpassword (96 classes; 7 packages; 361 deps)

Cycle #0: jpassword
S; MQ:  3,2753; MV:    0; DT:    0; SOL: [0 0 0 0 0 0 0 0 0 0 0 0 0 0 0 0 0 0 0 0 0 0 0 0 1 1 1 1 1 1 1 1 1 1 1 1 2 2 2 2 2 2 2 2 2 2 2 2 2 2 2 2 2 2 2 2 2 2 2 2 2 2 2 2 2 3 3 3 3 3 3 3 3 3 4 4 4 4 4 4 5 5 5 5 5 5 6 6 6 6 6 6 6 6 6 6]
C; MQ:  4,5784; MV:   39; DT:    0; SOL: [0 0 0 0 7 7 0 0 0 0 0 0 0 0 7 7 7 7 7 7 5 7 7 7 1 1 1 4 4 1 1 4 4 1 1 1 4 2 4 2 4 2 2 2 2 5 2 4 4 4 4 5 2 2 2 4 3 4 4 2 2 2 2 2 4 2 3 6 3 3 3 3 3 4 4 2 3 4 2 4 5 5 5 5 5 5 6 6 6 4 4 6 6 6 6 4]
I; MQ:  3,5059; MV:    5; DT:    0; SOL: [0 0 0 0 0 0 0 0 0 0 0 0 0 0 0 0 0 0 0 0 0 0 0 0 1 1 1 1 1 1 1 1 1 1 1 1 2 2 2 2 2 2 2 2 2 5 2 2 2 4 2 2 2 2 2 2 2 2 2 2 2 2 2 2 2 3 3 3 3 3 3 3 3 3 4 4 4 4 4 4 5 5 5 5 5 5 6 6 6 4 4 6 6 6 6 4]
I; MQ:  3,5667; MV:   10; DT:    0; SOL: [0 0 0 0 0 0 0 0 0 0 0 0 0 0 0 0 0 0 0 0 0 0 0 0 1 1 1 1 1 1 1 4 1 1 1 1 4 2 2 2 4 2 2 2 2 5 2 2 4 4 2 2 2 2 2 2 2 2 2 2 2 2 2 2 4 3 3 3 3 3 3 3 3 3 4 4 4 4 4 4 5 5 5 5 5 5 6 6 6 4 4 6 6 6 6 4]
I; MQ:  3,6317; MV:   15; DT:    0; SOL: [0 0 0 0 0 0 0 0 0 0 0 0 0 0 0 0 0 0 0 0 0 0 0 0 1 1 1 1 1 1 1 4 1 1 1 1 4 7 2 2 4 2 2 2 2 5 2 2 4 4 4 5 2 2 2 2 2 2 4 2 2 2 2 2 4 3 3 3 3 3 3 3 3 3 4 4 3 4 4 4 5 5 5 5 5 5 6 6 6 4 4 6 6 6 6 4]
I; MQ:  3,8356; MV:   20; DT:    0; SOL: [0 0 0 0 0 0 0 0 0 0 0 0 0 0 7 7 0 0 7 0 0 0 0 0 1 1 1 1 1 1 1 4 1 1 1 1 4 7 2 2 4 2 2 2 2 5 2 4 4 4 4 5 2 2 2 2 2 2 4 2 2 2 2 2 4 3 3 3 3 3 3 3 4 3 4 4 3 4 4 4 5 5 5 5 5 5 6 6 6 4 4 6 6 6 6 4]
I; MQ:  3,8585; MV:   23; DT:    1; SOL: [0 0 0 0 0 0 0 0 0 0 0 0 0 0 7 7 0 0 7 0 0 0 0 0 1 1 1 1 1 1 1 4 1 1 1 1 4 7 2 2 4 2 2 2 2 5 2 4 4 4 4 5 2 2 2 4 2 4 4 2 2 2 2 2 4 3 2 3 3 3 3 3 3 4 4 4 3 4 4 4 5 5 5 5 5 5 6 6 6 4 4 6 6 6 6 4]
I; MQ:  4,0413; MV:   26; DT:    2; SOL: [0 0 0 0 0 0 0 0 0 0 0 0 0 0 7 7 0 0 7 0 0 0 0 0 1 1 1 4 2 1 1 4 2 1 1 1 4 7 2 2 4 2 2 2 2 5 2 4 4 4 4 5 2 2 2 4 2 4 4 2 2 2 2 2 4 3 3 6 3 3 3 3 3 4 4 4 3 4 4 4 5 5 5 5 5 5 6 6 6 4 4 6 6 6 6 4]
I; MQ:  4,0972; MV:   29; DT:    4; SOL: [0 0 0 0 0 0 0 0 0 0 0 0 0 0 7 7 0 0 7 0 5 0 0 0 1 1 1 4 2 1 1 4 2 1 1 1 4 2 2 2 4 2 2 2 2 5 2 4 4 4 4 5 2 2 2 4 3 4 4 2 2 2 2 2 4 2 2 6 3 3 3 3 3 4 4 4 3 4 4 4 5 5 5 5 5 5 6 6 6 4 4 6 6 6 6 4]
I; MQ:  4,3084; MV:   34; DT:    4; SOL: [0 0 0 0 7 0 7 0 0 0 0 0 0 0 7 7 7 0 7 7 5 7 0 0 1 1 1 4 2 1 1 4 2 1 1 1 4 2 2 2 4 2 2 2 2 5 2 4 4 4 4 5 2 2 2 4 3 4 4 2 2 2 2 2 4 2 2 6 3 3 3 3 3 4 4 4 3 4 4 4 5 5 5 5 5 5 6 6 6 4 4 6 6 6 6 4]
I; MQ:  4,4525; MV:   37; DT:    5; SOL: [0 0 0 0 7 7 0 0 0 0 0 0 0 0 7 7 7 7 7 7 5 7 1 7 1 1 1 4 2 1 1 4 2 1 1 1 4 2 2 2 4 2 2 2 2 5 2 4 4 4 4 5 2 2 2 4 3 4 4 2 2 2 2 2 4 2 2 6 3 3 3 3 3 4 4 4 3 4 4 4 5 5 5 5 5 5 6 6 6 4 4 6 6 6 6 4]
I; MQ:  4,5509; MV:   38; DT:    8; SOL: [0 0 0 0 7 7 0 0 0 0 0 0 0 0 7 7 7 7 7 7 5 7 7 7 1 1 1 4 2 1 1 4 4 1 1 1 4 2 4 2 4 2 2 2 2 5 2 4 4 4 4 5 2 2 2 4 3 4 4 2 2 2 2 2 4 2 3 6 3 3 3 3 3 4 4 2 3 4 4 4 5 5 5 5 5 5 6 6 6 4 4 6 6 6 6 4]
I; MQ:  4,5784; MV:   39; DT:    9; SOL: [0 0 0 0 7 7 0 0 0 0 0 0 0 0 7 7 7 7 7 7 5 7 7 7 1 1 1 4 4 1 1 4 4 1 1 1 4 2 4 2 4 2 2 2 2 5 2 4 4 4 4 5 2 2 2 4 3 4 4 2 2 2 2 2 4 2 3 6 3 3 3 3 3 4 4 2 3 4 2 4 5 5 5 5 5 5 6 6 6 4 4 6 6 6 6 4]

Cycle #1: jpassword
S; MQ:  3,2753; MV:    0; DT:    0; SOL: [0 0 0 0 0 0 0 0 0 0 0 0 0 0 0 0 0 0 0 0 0 0 0 0 1 1 1 1 1 1 1 1 1 1 1 1 2 2 2 2 2 2 2 2 2 2 2 2 2 2 2 2 2 2 2 2 2 2 2 2 2 2 2 2 2 3 3 3 3 3 3 3 3 3 4 4 4 4 4 4 5 5 5 5 5 5 6 6 6 6 6 6 6 6 6 6]
C; MQ:  4,0230; MV:   29; DT:    0; SOL: [0 0 0 0 0 0 0 0 0 0 0 0 0 0 0 0 0 0 5 0 5 0 0 0 1 1 1 2 4 1 1 2 4 1 1 1 2 4 2 2 2 2 4 4 4 5 4 2 2 2 2 5 2 2 2 4 3 2 2 4 4 4 4 2 2 4 3 6 3 3 3 3 3 2 4 4 3 2 4 4 4 4 5 5 5 5 6 6 6 2 4 6 6 6 6 4]
I; MQ:  3,3519; MV:    5; DT:    0; SOL: [0 0 0 0 0 0 0 0 0 0 0 0 0 0 0 0 0 0 0 0 0 0 0 0 1 1 1 1 1 1 1 4 1 1 1 1 2 4 4 2 2 2 2 2 2 5 2 2 2 2 2 2 2 2 2 2 2 2 2 2 2 2 2 2 2 3 3 3 3 3 3 3 3 3 4 4 4 4 4 4 5 4 5 5 5 5 6 6 6 6 6 6 6 6 6 6]
I; MQ:  3,3855; MV:    8; DT:    1; SOL: [0 0 0 0 0 0 0 0 0 0 0 0 0 0 0 0 0 0 0 0 0 0 0 0 1 1 1 1 1 1 1 4 1 1 1 1 2 2 4 2 2 2 2 2 2 5 2 2 2 2 2 2 2 2 2 2 4 2 2 2 4 2 4 2 2 2 3 3 3 3 3 3 3 3 4 4 4 4 4 4 5 4 5 5 5 5 6 6 6 6 6 6 6 6 6 6]
I; MQ:  3,4207; MV:    9; DT:    3; SOL: [0 0 0 0 0 0 0 0 0 0 0 0 0 0 0 0 0 0 0 0 0 0 0 0 1 1 1 1 1 1 1 4 1 1 1 1 2 2 2 2 2 2 2 2 4 5 2 2 2 2 2 2 2 2 2 2 4 2 2 2 4 2 4 2 2 2 3 3 3 3 3 3 3 3 4 4 4 2 4 2 5 5 5 5 5 5 6 6 6 6 6 6 6 6 6 6]
I; MQ:  3,4710; MV:   13; DT:    5; SOL: [0 0 0 0 0 0 0 0 0 0 0 0 0 0 0 0 0 0 0 0 5 0 0 0 1 1 1 1 1 1 1 4 1 1 1 1 2 4 2 2 2 2 2 4 4 5 2 2 2 2 2 0 2 2 2 2 4 2 2 2 4 2 4 2 2 4 3 3 3 3 3 3 3 3 4 4 4 2 4 2 5 5 5 5 5 5 6 6 6 6 6 6 6 6 6 6]
I; MQ:  3,5611; MV:   13; DT:    9; SOL: [0 0 0 0 0 0 0 0 0 0 0 0 0 0 0 0 0 0 0 0 5 0 0 0 1 1 1 1 1 1 1 4 1 1 1 1 2 4 2 2 2 2 2 4 4 5 2 2 2 2 2 5 2 2 2 2 2 2 2 2 4 2 4 2 2 4 3 3 3 3 3 3 3 3 4 4 4 2 4 4 5 4 5 5 5 5 6 6 6 0 6 6 6 6 6 6]
I; MQ:  3,6912; MV:   17; DT:   11; SOL: [0 0 0 0 0 0 0 0 0 0 0 0 0 0 0 0 0 0 0 0 5 0 0 0 1 1 1 1 1 1 1 4 4 1 1 1 2 4 2 2 2 2 2 4 4 5 2 2 2 2 2 5 2 2 2 2 3 2 2 2 4 2 4 2 2 4 3 0 3 3 3 3 3 3 4 4 3 2 4 4 5 4 5 5 5 5 6 6 6 2 6 6 6 6 6 6]
I; MQ:  3,7903; MV:   19; DT:   13; SOL: [0 0 0 0 0 0 0 0 0 0 0 0 0 0 0 0 0 0 0 0 5 0 0 0 1 1 1 1 1 1 1 4 4 1 1 1 2 4 2 2 2 2 2 2 4 5 2 2 2 2 2 5 2 2 2 2 3 2 2 4 4 2 4 2 2 4 3 6 3 3 3 3 2 2 4 4 3 2 4 4 5 4 5 5 5 5 6 6 6 2 6 6 6 6 6 6]
I; MQ:  3,9223; MV:   24; DT:   13; SOL: [0 0 0 0 0 0 0 0 0 0 0 0 0 0 0 0 0 0 0 0 5 0 0 0 1 1 1 1 4 1 1 4 4 1 1 1 2 4 2 2 2 2 2 2 4 5 2 2 2 2 2 5 2 2 2 2 3 2 2 4 4 4 4 2 2 4 3 6 3 3 3 3 2 2 4 4 3 2 4 4 4 4 5 5 5 5 6 6 6 2 4 6 6 6 6 4]
I; MQ:  3,9936; MV:   26; DT:   15; SOL: [0 0 0 0 0 0 0 0 0 0 0 0 0 0 0 0 0 0 5 0 5 0 0 0 1 1 1 2 4 1 1 2 4 1 1 1 2 4 2 2 2 2 2 2 4 5 4 2 2 2 2 5 2 2 2 2 3 2 2 4 4 4 4 2 2 4 3 6 3 3 3 3 3 2 4 4 3 2 4 4 4 4 5 5 5 5 6 6 6 2 4 6 6 6 6 4]
I; MQ:  4,0230; MV:   29; DT:   16; SOL: [0 0 0 0 0 0 0 0 0 0 0 0 0 0 0 0 0 0 5 0 5 0 0 0 1 1 1 2 4 1 1 2 4 1 1 1 2 4 2 2 2 2 4 4 4 5 4 2 2 2 2 5 2 2 2 4 3 2 2 4 4 4 4 2 2 4 3 6 3 3 3 3 3 2 4 4 3 2 4 4 4 4 5 5 5 5 6 6 6 2 4 6 6 6 6 4]

Cycle #2: jpassword
S; MQ:  3,2753; MV:    0; DT:    0; SOL: [0 0 0 0 0 0 0 0 0 0 0 0 0 0 0 0 0 0 0 0 0 0 0 0 1 1 1 1 1 1 1 1 1 1 1 1 2 2 2 2 2 2 2 2 2 2 2 2 2 2 2 2 2 2 2 2 2 2 2 2 2 2 2 2 2 3 3 3 3 3 3 3 3 3 4 4 4 4 4 4 5 5 5 5 5 5 6 6 6 6 6 6 6 6 6 6]
C; MQ:  4,8650; MV:   34; DT:    0; SOL: [7 7 7 7 0 0 0 0 0 0 0 0 0 0 0 0 0 0 0 0 5 0 0 0 1 1 1 4 4 1 1 8 4 1 1 1 4 2 2 2 4 4 2 2 2 5 2 4 4 4 2 5 4 4 4 4 3 2 2 5 5 5 5 2 2 2 3 6 3 3 3 3 2 3 4 4 3 4 8 4 5 5 5 5 5 5 6 6 6 2 4 6 6 6 6 4]
I; MQ:  3,4385; MV:    5; DT:    0; SOL: [0 0 0 0 0 0 0 0 0 0 0 0 0 0 0 0 0 0 0 0 0 0 0 0 1 1 1 1 1 1 1 1 4 1 1 1 2 4 2 2 2 2 2 2 4 5 2 2 2 2 2 2 4 2 2 2 2 2 2 2 2 2 2 2 2 3 3 3 3 3 3 3 3 3 4 4 4 4 4 4 5 5 5 5 5 5 6 6 6 6 6 6 6 6 6 6]
I; MQ:  3,4853; MV:   10; DT:    0; SOL: [0 0 0 0 0 0 0 0 0 0 0 0 0 0 0 0 0 0 0 0 0 0 0 0 1 1 1 4 1 1 1 1 4 1 1 1 2 4 2 2 2 4 2 2 4 5 2 2 2 2 2 2 4 2 4 2 2 2 2 2 2 2 2 2 2 3 3 3 3 3 3 3 2 3 4 4 4 4 4 4 5 5 5 5 5 5 6 6 6 6 4 6 6 6 6 6]
I; MQ:  3,5421; MV:   12; DT:    2; SOL: [0 0 0 0 0 0 0 0 0 0 0 0 0 0 0 0 0 0 5 0 0 0 0 0 1 1 1 4 1 1 1 1 4 1 1 1 2 6 2 2 2 4 2 2 2 5 2 2 4 2 2 5 4 2 4 2 2 2 2 2 2 2 2 2 2 3 3 3 3 3 3 3 2 3 4 4 4 4 4 4 5 5 5 5 5 5 6 6 6 6 4 6 6 6 6 6]
I; MQ:  3,6599; MV:   15; DT:    3; SOL: [0 0 0 0 0 0 0 0 0 0 0 0 0 0 0 0 0 0 5 0 0 0 0 0 1 1 1 4 1 1 1 4 4 1 1 1 2 6 2 2 2 4 2 2 2 5 2 4 2 4 2 5 4 2 4 2 2 2 2 2 2 2 2 2 2 3 3 3 3 3 3 3 2 3 4 4 3 4 4 4 5 5 5 5 5 5 6 6 6 6 4 6 6 6 6 6]
I; MQ:  3,6933; MV:   14; DT:    6; SOL: [0 0 0 0 0 0 0 0 0 0 0 0 0 0 0 0 0 0 0 0 5 0 0 0 1 1 1 4 1 1 1 4 4 1 1 1 2 6 2 2 2 4 2 2 2 5 2 4 2 4 2 5 4 2 4 2 2 2 2 2 2 2 2 2 2 3 3 3 3 3 3 3 3 3 4 4 4 4 2 4 5 5 5 5 5 5 6 6 6 6 4 6 6 6 6 6]
I; MQ:  3,7186; MV:   17; DT:    9; SOL: [0 0 0 0 0 0 0 0 0 0 0 0 0 0 0 0 0 0 0 0 5 0 0 0 1 1 1 4 1 1 1 4 4 1 1 1 4 2 2 2 2 4 2 2 2 5 2 4 4 4 2 5 4 2 4 2 2 2 2 2 2 2 2 2 2 2 3 3 3 3 3 3 3 3 4 4 3 4 2 4 5 5 5 5 5 5 6 6 6 6 4 6 6 6 6 6]
I; MQ:  3,7856; MV:   22; DT:    9; SOL: [0 0 0 0 0 0 0 0 0 0 0 0 0 0 0 0 0 0 0 0 5 0 0 0 1 1 1 4 1 1 1 4 4 1 1 1 4 2 2 2 2 4 2 2 2 5 2 4 4 4 2 5 4 2 4 4 2 2 2 5 5 5 5 2 2 2 3 3 3 3 3 3 3 3 4 4 3 4 2 4 5 5 5 5 5 5 6 6 6 6 4 6 6 6 6 6]
I; MQ:  3,9278; MV:   25; DT:   11; SOL: [0 0 0 0 0 0 0 0 0 0 0 0 0 0 0 0 0 0 0 0 5 0 0 0 1 1 1 4 1 1 1 4 4 1 1 1 4 2 2 2 2 4 2 2 2 5 2 4 4 4 2 5 4 2 4 4 3 2 2 5 5 5 5 2 2 2 3 3 3 3 3 3 2 3 4 4 3 4 4 4 5 5 5 5 5 5 6 6 6 2 4 6 6 6 6 4]
I; MQ:  4,0868; MV:   29; DT:   13; SOL: [0 0 7 0 0 0 0 0 0 0 0 0 0 0 0 0 0 0 0 0 5 0 0 0 1 1 1 4 1 1 1 7 4 1 1 1 4 2 2 2 4 4 2 2 2 5 2 4 4 4 2 5 4 4 4 4 3 2 2 5 5 5 5 2 2 2 3 3 3 3 3 3 2 3 4 4 3 4 7 4 5 5 5 5 5 5 6 6 6 2 4 6 6 6 6 4]
I; MQ:  4,6459; MV:   32; DT:   15; SOL: [7 7 7 7 0 0 0 0 0 0 0 0 0 0 0 0 0 0 0 0 5 0 0 0 1 1 1 4 1 1 1 4 4 1 1 1 4 2 2 2 4 4 2 2 2 5 2 4 4 4 2 5 4 4 4 4 3 2 2 5 5 5 5 2 2 2 3 3 3 3 3 3 2 3 4 4 3 4 0 4 5 5 5 5 5 5 6 6 6 2 4 6 6 6 6 4]
I; MQ:  4,8650; MV:   34; DT:   17; SOL: [7 7 7 7 0 0 0 0 0 0 0 0 0 0 0 0 0 0 0 0 5 0 0 0 1 1 1 4 4 1 1 8 4 1 1 1 4 2 2 2 4 4 2 2 2 5 2 4 4 4 2 5 4 4 4 4 3 2 2 5 5 5 5 2 2 2 3 6 3 3 3 3 2 3 4 4 3 4 8 4 5 5 5 5 5 5 6 6 6 2 4 6 6 6 6 4]

Cycle #3: jpassword
S; MQ:  3,2753; MV:    0; DT:    0; SOL: [0 0 0 0 0 0 0 0 0 0 0 0 0 0 0 0 0 0 0 0 0 0 0 0 1 1 1 1 1 1 1 1 1 1 1 1 2 2 2 2 2 2 2 2 2 2 2 2 2 2 2 2 2 2 2 2 2 2 2 2 2 2 2 2 2 3 3 3 3 3 3 3 3 3 4 4 4 4 4 4 5 5 5 5 5 5 6 6 6 6 6 6 6 6 6 6]
C; MQ:  4,3773; MV:   29; DT:    0; SOL: [0 0 0 0 0 0 0 0 0 0 0 0 0 0 0 0 0 0 0 0 5 0 0 0 1 1 1 7 7 1 1 7 7 1 1 1 2 2 2 2 2 4 2 2 2 5 2 2 2 7 2 5 4 4 4 2 3 2 2 5 5 5 5 2 2 2 3 6 3 3 3 3 3 2 7 7 3 7 7 7 5 5 5 5 5 5 6 6 6 2 7 6 6 6 6 7]
I; MQ:  3,3968; MV:    5; DT:    0; SOL: [0 0 0 0 0 0 0 0 0 0 0 0 0 0 0 0 0 0 0 0 0 0 0 0 1 1 1 1 1 1 1 1 1 1 1 1 2 2 4 2 2 2 2 2 2 2 2 2 2 2 2 0 4 2 2 2 4 2 2 2 2 2 2 2 2 3 3 3 3 3 3 3 3 3 4 4 4 4 4 4 5 5 5 5 5 5 6 6 6 6 6 6 6 6 6 4]
I; MQ:  3,4998; MV:    9; DT:    1; SOL: [0 0 0 0 0 0 0 0 0 0 0 0 0 0 0 0 0 0 5 0 0 0 0 0 1 1 1 4 1 1 1 1 1 1 1 1 2 2 4 2 2 2 2 2 2 5 2 2 2 2 2 5 4 2 2 2 4 2 2 2 2 2 2 2 2 3 3 3 3 3 3 3 3 3 4 4 4 4 2 4 5 5 5 5 5 5 6 6 6 6 6 6 6 6 6 4]
I; MQ:  3,6151; MV:   14; DT:    1; SOL: [0 0 0 0 0 0 0 0 0 0 0 0 0 0 0 0 0 0 5 0 0 0 0 0 1 1 1 4 1 1 1 1 1 1 1 1 2 2 4 2 2 4 2 2 2 5 2 2 2 2 2 5 4 2 2 2 4 2 2 2 2 2 2 2 2 3 3 3 3 3 3 3 3 3 1 2 4 4 2 4 5 5 5 5 5 5 6 6 6 4 1 6 6 6 6 4]
I; MQ:  3,6764; MV:   18; DT:    2; SOL: [0 0 0 0 0 0 0 0 0 0 0 0 0 0 0 0 0 0 5 0 0 0 0 0 1 1 1 4 1 1 1 1 1 1 1 1 2 7 4 2 2 4 2 2 2 5 2 2 2 2 2 5 4 4 4 2 4 2 2 2 2 2 2 2 2 3 3 3 3 3 3 3 3 3 1 2 4 2 2 4 5 5 5 5 5 5 6 6 6 4 4 6 6 6 6 4]
I; MQ:  3,7046; MV:   16; DT:    6; SOL: [0 0 0 0 0 0 0 0 0 0 0 0 0 0 0 0 0 0 5 0 0 0 0 0 1 1 1 4 1 1 1 1 2 1 1 1 2 7 2 2 2 4 2 2 2 5 2 2 2 2 2 5 4 4 4 2 2 2 2 2 2 2 2 2 2 3 3 3 3 3 3 3 3 3 1 2 4 4 2 4 5 5 5 5 5 5 6 6 6 4 4 6 6 6 6 1]
I; MQ:  3,8223; MV:   18; DT:   10; SOL: [0 0 0 0 0 0 0 0 0 0 0 0 0 0 0 0 0 0 5 0 0 0 0 0 1 1 1 1 1 1 1 1 2 1 1 1 2 7 7 2 2 4 2 2 2 5 2 2 2 2 2 5 4 4 4 2 4 2 2 2 2 2 2 2 2 3 3 3 3 3 3 3 3 3 1 2 4 4 2 7 5 5 5 5 5 5 6 6 6 4 4 6 6 6 6 7]
I; MQ:  3,9079; MV:   22; DT:   13; SOL: [0 0 0 0 0 0 0 0 0 0 0 0 0 0 0 0 0 0 5 0 0 0 0 0 1 1 1 7 1 1 1 1 2 1 1 1 2 7 7 2 2 4 2 2 2 5 2 2 2 2 2 5 4 4 4 2 3 2 2 2 2 2 2 2 2 3 3 3 3 3 3 3 3 2 1 2 3 2 2 7 5 5 5 5 5 5 6 6 6 4 4 6 6 6 6 7]
I; MQ:  4,0424; MV:   23; DT:   17; SOL: [0 0 0 0 0 0 0 0 0 0 0 0 0 0 0 0 0 0 5 0 0 0 0 0 1 1 1 7 1 1 1 1 7 1 1 1 2 7 7 2 2 4 2 2 2 5 2 2 2 2 2 5 4 4 4 2 3 2 2 2 2 2 2 2 2 3 3 3 3 3 3 3 2 2 2 2 3 2 2 7 5 5 5 5 5 5 6 6 6 7 7 6 6 6 6 7]
I; MQ:  4,0974; MV:   23; DT:   21; SOL: [0 0 0 0 0 0 0 0 0 0 0 0 0 0 0 0 0 0 5 0 0 0 0 0 1 1 1 1 1 1 1 1 7 1 1 1 2 8 7 2 2 4 2 2 2 5 2 2 2 7 2 5 4 4 4 2 3 2 2 2 2 2 2 2 2 3 3 3 3 3 3 3 2 2 7 2 3 7 2 7 5 5 5 5 5 5 6 6 6 7 7 6 6 6 6 7]
I; MQ:  4,1409; MV:   24; DT:   24; SOL: [0 0 0 0 0 0 0 0 0 0 0 0 0 0 0 0 0 0 5 0 0 0 0 0 1 1 1 7 7 1 1 1 7 1 1 1 2 8 2 2 2 4 2 2 2 5 2 2 2 7 2 5 4 4 4 2 3 2 2 2 2 2 5 2 2 3 3 3 3 3 3 3 3 2 7 2 3 7 2 7 5 5 5 5 5 5 6 6 6 7 7 6 6 6 6 7]
I; MQ:  4,2025; MV:   25; DT:   27; SOL: [0 0 0 0 0 0 0 0 0 0 0 0 0 0 0 0 0 0 0 0 0 0 0 0 1 1 1 7 7 1 1 0 7 1 1 1 2 8 2 2 2 4 2 2 2 5 2 2 2 7 2 5 4 4 4 2 3 2 2 2 2 5 5 2 2 3 3 3 3 3 3 3 3 2 7 7 3 7 2 7 5 5 5 5 5 5 6 6 6 2 7 6 6 6 6 7]
I; MQ:  4,2926; MV:   28; DT:   29; SOL: [0 0 0 0 0 0 0 0 0 0 0 0 0 0 0 0 0 0 0 0 0 0 0 0 1 1 1 7 7 1 1 7 7 1 1 1 2 8 2 2 2 4 2 2 2 5 2 2 2 7 2 5 4 4 4 2 3 2 2 5 5 5 5 2 2 2 3 3 3 3 3 3 3 2 7 7 3 7 7 7 5 5 5 5 5 5 6 6 6 2 7 6 6 6 6 7]
I; MQ:  4,3773; MV:   29; DT:   30; SOL: [0 0 0 0 0 0 0 0 0 0 0 0 0 0 0 0 0 0 0 0 5 0 0 0 1 1 1 7 7 1 1 7 7 1 1 1 2 2 2 2 2 4 2 2 2 5 2 2 2 7 2 5 4 4 4 2 3 2 2 5 5 5 5 2 2 2 3 6 3 3 3 3 3 2 7 7 3 7 7 7 5 5 5 5 5 5 6 6 6 2 7 6 6 6 6 7]

Cycle #4: jpassword
S; MQ:  3,2753; MV:    0; DT:    0; SOL: [0 0 0 0 0 0 0 0 0 0 0 0 0 0 0 0 0 0 0 0 0 0 0 0 1 1 1 1 1 1 1 1 1 1 1 1 2 2 2 2 2 2 2 2 2 2 2 2 2 2 2 2 2 2 2 2 2 2 2 2 2 2 2 2 2 3 3 3 3 3 3 3 3 3 4 4 4 4 4 4 5 5 5 5 5 5 6 6 6 6 6 6 6 6 6 6]
C; MQ:  3,9616; MV:   23; DT:    0; SOL: [0 0 0 0 0 0 0 0 0 0 0 0 0 0 0 0 0 0 0 0 5 0 0 0 1 1 1 4 4 1 1 2 4 1 1 1 2 2 4 2 2 2 2 2 2 5 2 2 2 2 2 5 2 2 2 2 4 2 4 5 5 5 5 2 4 2 3 6 3 3 3 3 3 3 2 2 4 4 2 4 5 5 5 5 5 5 6 6 6 4 4 6 6 6 6 4]
I; MQ:  3,3688; MV:    5; DT:    0; SOL: [0 0 0 0 0 0 0 0 0 0 0 0 0 0 0 0 0 0 0 0 0 0 0 0 1 1 1 4 1 1 1 1 1 1 1 1 2 2 4 2 2 2 2 2 2 2 2 2 2 2 2 2 4 2 2 2 4 2 2 2 2 2 2 2 4 3 3 3 3 3 3 3 3 3 4 4 4 4 4 4 5 5 5 5 5 5 6 6 6 6 6 6 6 6 6 6]
I; MQ:  3,5160; MV:    8; DT:    1; SOL: [0 0 0 0 0 0 0 0 0 0 0 0 0 0 0 0 0 0 0 0 0 0 0 0 1 1 1 4 1 1 1 4 1 1 1 1 2 2 4 2 2 2 2 2 2 2 2 2 2 2 2 2 4 2 2 2 2 4 2 2 2 2 2 2 4 2 3 3 3 3 3 3 3 3 4 4 4 4 4 4 5 5 5 5 5 5 6 6 6 4 6 6 6 6 6 6]
I; MQ:  3,6059; MV:   12; DT:    2; SOL: [0 0 0 0 0 0 0 0 0 0 0 0 0 0 0 0 0 0 0 0 5 0 0 0 1 1 1 4 1 1 1 2 1 1 1 1 2 2 4 2 2 2 2 2 2 2 2 2 2 2 2 2 4 2 2 2 2 4 2 2 2 2 2 2 4 2 3 3 3 3 3 3 3 3 1 2 4 4 2 4 5 5 5 5 5 5 6 6 6 4 6 6 6 6 6 6]
I; MQ:  3,6727; MV:   16; DT:    4; SOL: [0 0 0 0 0 0 0 0 0 0 0 0 0 0 0 0 0 0 0 0 5 0 0 0 1 1 1 4 1 1 1 2 2 1 1 1 2 2 4 2 2 2 2 2 2 2 2 2 2 2 2 2 4 2 2 2 4 4 4 2 2 2 2 4 4 2 3 3 3 3 3 3 3 3 2 2 4 4 2 4 5 5 5 5 5 5 6 6 6 4 6 6 6 6 6 6]
I; MQ:  3,6978; MV:   14; DT:    8; SOL: [0 0 0 0 0 0 0 0 0 0 0 0 0 0 0 0 0 0 0 0 5 0 0 0 1 1 1 4 1 1 1 2 4 1 1 1 2 2 4 2 2 2 2 2 2 2 2 2 2 2 2 5 4 2 2 2 2 4 2 2 2 2 2 2 4 2 3 3 3 3 3 3 3 3 2 2 4 4 2 4 5 5 5 5 5 5 6 6 6 4 6 6 6 6 6 6]
I; MQ:  3,8510; MV:   19; DT:    8; SOL: [0 0 0 0 0 0 0 0 0 0 0 0 0 0 0 0 0 0 0 0 5 0 0 0 1 1 1 4 4 1 1 2 4 1 1 1 2 2 4 2 2 2 2 2 2 5 2 2 2 2 2 5 4 2 2 2 2 4 2 2 5 2 5 2 4 2 3 3 3 3 3 3 3 3 2 2 4 4 2 4 5 5 5 5 5 5 6 6 6 4 6 6 6 6 6 2]
I; MQ:  3,8959; MV:   20; DT:   12; SOL: [0 0 0 0 0 0 0 0 0 0 0 0 0 0 0 0 0 0 0 0 5 0 0 0 1 1 1 4 4 1 1 2 4 1 1 1 2 2 4 2 2 2 2 2 2 5 2 2 2 2 2 5 2 2 2 2 4 2 4 2 5 5 5 2 4 2 3 3 3 3 3 3 3 3 2 2 4 4 2 4 5 5 5 5 5 5 6 6 6 4 6 6 6 6 6 2]
I; MQ:  3,9616; MV:   23; DT:   13; SOL: [0 0 0 0 0 0 0 0 0 0 0 0 0 0 0 0 0 0 0 0 5 0 0 0 1 1 1 4 4 1 1 2 4 1 1 1 2 2 4 2 2 2 2 2 2 5 2 2 2 2 2 5 2 2 2 2 4 2 4 5 5 5 5 2 4 2 3 6 3 3 3 3 3 3 2 2 4 4 2 4 5 5 5 5 5 5 6 6 6 4 4 6 6 6 6 4]

Cycle #5: jpassword
S; MQ:  3,2753; MV:    0; DT:    0; SOL: [0 0 0 0 0 0 0 0 0 0 0 0 0 0 0 0 0 0 0 0 0 0 0 0 1 1 1 1 1 1 1 1 1 1 1 1 2 2 2 2 2 2 2 2 2 2 2 2 2 2 2 2 2 2 2 2 2 2 2 2 2 2 2 2 2 3 3 3 3 3 3 3 3 3 4 4 4 4 4 4 5 5 5 5 5 5 6 6 6 6 6 6 6 6 6 6]
C; MQ:  4,9034; MV:   35; DT:    0; SOL: [7 7 7 7 0 0 0 0 0 0 0 0 0 0 0 0 0 0 0 0 5 0 0 0 1 1 1 4 4 1 1 8 4 1 1 1 4 2 4 2 4 2 2 2 2 5 2 4 4 4 4 5 2 2 2 4 3 4 4 5 5 5 5 2 4 2 3 6 3 3 3 3 3 4 4 4 3 4 8 4 5 5 5 5 5 5 6 6 6 4 4 6 6 6 6 4]
I; MQ:  3,3504; MV:    5; DT:    0; SOL: [0 0 0 0 0 0 0 0 0 0 0 0 0 0 0 0 0 0 0 0 0 0 0 0 1 1 1 1 1 1 1 2 1 1 1 1 2 2 2 2 2 2 2 2 2 2 2 2 2 2 2 2 2 2 2 2 4 2 2 2 2 2 2 2 4 2 3 6 3 3 3 3 3 3 4 4 4 4 4 4 5 5 5 5 5 5 6 6 6 6 6 6 6 6 6 6]
I; MQ:  3,4496; MV:    9; DT:    1; SOL: [0 0 0 0 0 0 0 0 0 0 0 0 0 0 0 0 0 0 0 0 0 0 0 0 1 1 1 1 1 1 1 4 1 1 1 1 2 2 4 2 2 2 2 2 2 5 2 2 2 2 2 2 2 2 2 2 4 2 2 2 2 2 2 2 4 2 3 6 3 3 3 3 3 3 4 2 4 4 2 4 5 5 5 5 5 5 6 6 6 6 6 6 6 6 6 6]
I; MQ:  3,6806; MV:   14; DT:    1; SOL: [0 0 0 0 0 0 0 0 0 0 0 0 0 0 0 0 0 0 0 0 0 0 0 0 1 1 1 4 0 1 1 4 2 1 1 1 2 2 4 2 2 2 2 2 2 5 2 2 2 2 2 2 2 2 2 2 4 2 2 2 2 2 2 2 4 2 3 6 3 3 3 3 3 3 4 2 4 4 2 4 5 5 5 5 5 5 6 6 6 6 4 6 6 6 6 4]
I; MQ:  3,7443; MV:   15; DT:    4; SOL: [0 0 0 0 0 0 0 0 0 0 0 0 0 0 0 0 0 0 0 0 5 0 0 0 1 1 1 4 4 1 1 4 4 1 1 1 2 2 4 2 2 2 2 2 2 5 2 2 2 2 2 2 2 2 2 2 4 2 2 2 2 2 2 2 2 2 3 6 3 3 3 3 3 3 4 2 4 2 2 4 5 5 5 5 5 5 6 6 6 6 4 6 6 6 6 4]
I; MQ:  3,8281; MV:   16; DT:    7; SOL: [0 0 0 0 0 0 0 0 0 0 0 0 0 0 0 0 0 0 0 0 5 0 0 0 1 1 1 4 4 1 1 4 4 1 1 1 2 2 4 2 2 2 2 2 2 5 2 2 2 4 2 2 2 2 2 2 2 2 2 2 2 2 2 2 4 2 3 6 3 3 3 3 3 3 4 2 4 4 2 4 5 5 5 5 5 5 6 6 6 4 4 6 6 6 6 4]
I; MQ:  3,8575; MV:   19; DT:    8; SOL: [0 0 0 0 0 0 0 0 0 0 0 0 0 0 0 0 0 0 0 0 0 0 0 0 1 1 1 4 4 1 1 4 4 1 1 1 4 2 4 2 4 2 2 2 2 5 2 4 2 4 2 0 2 2 2 2 2 2 2 2 2 2 2 2 4 2 3 6 3 3 3 3 3 3 4 2 4 4 2 4 5 5 5 5 5 5 6 6 6 4 4 6 6 6 6 4]
I; MQ:  3,9546; MV:   23; DT:   10; SOL: [0 0 0 0 0 0 0 0 0 0 0 0 0 0 0 0 0 0 0 0 5 0 0 0 1 1 1 4 4 1 1 4 4 1 1 1 4 2 4 2 4 2 2 2 2 5 2 4 2 4 2 5 2 2 2 2 2 2 2 2 5 5 5 2 4 2 3 6 3 3 3 3 3 3 4 2 4 4 2 4 5 5 5 5 5 5 6 6 6 4 4 6 6 6 6 4]
I; MQ:  3,9800; MV:   28; DT:   11; SOL: [0 0 0 0 0 0 0 0 0 0 0 0 0 0 0 0 0 0 0 0 5 0 0 0 1 1 1 4 4 1 1 4 4 1 1 1 4 2 4 2 4 2 2 2 2 5 2 4 2 4 2 5 2 2 2 2 3 4 2 5 5 5 5 2 4 2 3 6 3 3 3 3 2 3 4 2 3 4 2 4 5 5 5 5 5 5 6 6 6 4 4 6 6 6 6 4]
I; MQ:  4,0311; MV:   29; DT:   13; SOL: [0 0 0 0 0 0 0 0 0 0 0 0 0 0 0 0 0 0 0 0 5 0 0 0 1 1 1 4 4 1 1 4 4 1 1 1 4 2 4 2 4 2 2 2 2 5 2 4 4 4 4 5 2 2 2 4 3 4 2 5 5 5 5 2 4 2 3 6 3 3 3 3 3 3 4 4 3 4 2 4 5 5 5 5 5 5 6 6 6 4 4 6 6 6 6 4]
I; MQ:  4,3162; MV:   32; DT:   15; SOL: [0 0 7 7 0 0 0 0 0 0 0 0 0 0 0 0 0 0 0 0 5 0 0 0 1 1 1 4 4 1 1 7 4 1 1 1 4 2 4 2 4 2 2 2 2 5 2 4 4 4 4 5 2 2 2 4 3 4 2 5 5 5 5 2 4 2 3 6 3 3 3 3 3 4 4 4 3 4 7 4 5 5 5 5 5 5 6 6 6 4 4 6 6 6 6 4]
I; MQ:  4,9034; MV:   35; DT:   17; SOL: [7 7 7 7 0 0 0 0 0 0 0 0 0 0 0 0 0 0 0 0 5 0 0 0 1 1 1 4 4 1 1 8 4 1 1 1 4 2 4 2 4 2 2 2 2 5 2 4 4 4 4 5 2 2 2 4 3 4 4 5 5 5 5 2 4 2 3 6 3 3 3 3 3 4 4 4 3 4 8 4 5 5 5 5 5 5 6 6 6 4 4 6 6 6 6 4]

Cycle #6: jpassword
S; MQ:  3,2753; MV:    0; DT:    0; SOL: [0 0 0 0 0 0 0 0 0 0 0 0 0 0 0 0 0 0 0 0 0 0 0 0 1 1 1 1 1 1 1 1 1 1 1 1 2 2 2 2 2 2 2 2 2 2 2 2 2 2 2 2 2 2 2 2 2 2 2 2 2 2 2 2 2 3 3 3 3 3 3 3 3 3 4 4 4 4 4 4 5 5 5 5 5 5 6 6 6 6 6 6 6 6 6 6]
C; MQ:  4,2160; MV:   35; DT:    0; SOL: [0 0 0 0 0 0 0 0 0 0 0 0 0 0 0 7 0 0 0 0 5 0 0 0 1 1 1 2 2 1 1 4 2 1 1 1 4 7 2 2 4 2 2 2 2 5 3 4 4 2 4 5 2 2 2 2 3 2 4 5 5 5 5 2 4 3 3 6 3 3 3 3 3 4 7 2 3 2 2 2 5 5 5 5 5 5 6 6 7 2 7 7 6 6 6 7]
I; MQ:  3,3821; MV:    5; DT:    0; SOL: [0 0 0 0 0 0 0 0 0 0 0 0 0 0 0 0 0 0 0 0 0 0 0 0 1 1 1 4 1 1 1 1 1 1 1 1 1 2 2 2 2 2 2 2 2 2 2 1 2 2 2 0 2 2 2 2 2 2 2 2 2 2 2 2 2 3 3 3 3 3 3 3 3 3 4 4 4 4 4 4 5 5 5 5 5 5 6 6 6 6 6 6 6 6 6 4]
I; MQ:  3,4988; MV:    7; DT:    2; SOL: [0 0 0 0 0 0 0 0 0 0 0 0 0 0 0 0 0 0 0 0 0 0 0 0 1 1 1 4 1 1 1 1 1 1 1 1 2 2 2 2 2 2 2 2 2 2 2 4 2 2 2 0 2 2 2 2 2 2 2 2 2 2 2 2 2 3 3 3 3 3 3 3 3 3 1 4 4 2 2 4 5 5 5 5 5 5 6 6 6 6 6 6 6 6 6 4]
I; MQ:  3,5876; MV:   11; DT:    3; SOL: [0 0 0 0 0 0 0 0 0 0 0 0 0 0 0 0 0 0 0 0 5 0 0 0 1 1 1 4 1 1 1 1 1 1 1 1 2 2 2 2 2 2 2 2 2 5 2 4 2 2 2 5 2 2 2 2 2 2 2 2 2 2 5 2 2 3 3 3 3 3 3 3 3 3 1 4 4 2 2 4 5 5 5 5 5 5 6 6 6 6 4 6 6 6 6 4]
I; MQ:  3,6964; MV:   16; DT:    3; SOL: [0 0 0 0 0 0 0 0 0 0 0 0 0 0 0 0 0 0 0 0 5 0 0 0 1 1 1 4 1 1 1 1 1 1 1 1 2 2 2 2 2 2 2 2 2 5 2 4 4 2 2 5 2 2 2 2 2 2 2 5 5 5 5 2 2 3 3 6 3 3 3 3 3 3 1 4 4 2 2 4 5 5 5 5 5 5 6 6 6 6 4 6 6 6 6 4]
I; MQ:  3,7528; MV:   20; DT:    5; SOL: [0 0 0 0 0 0 0 0 0 0 0 0 0 0 0 0 0 0 0 0 5 0 0 0 1 1 1 4 1 1 1 2 1 1 1 1 4 2 2 2 4 2 2 2 2 5 2 4 4 2 2 5 2 2 2 2 2 2 2 5 5 5 5 2 2 3 3 6 3 3 3 3 3 4 2 4 4 2 2 4 5 5 5 5 5 5 6 6 6 6 4 6 6 6 6 4]
I; MQ:  3,8984; MV:   23; DT:    7; SOL: [0 0 0 0 0 0 0 0 0 0 0 0 0 0 0 0 0 0 0 0 5 0 0 0 1 1 1 4 0 1 1 4 2 1 1 1 4 2 2 2 4 2 2 2 2 5 2 4 4 2 2 5 2 2 2 2 2 2 2 5 5 5 5 2 2 3 3 6 3 3 3 3 3 4 2 4 4 2 2 4 5 5 5 5 5 5 6 6 6 2 4 6 6 6 6 2]
I; MQ:  3,9482; MV:   26; DT:    9; SOL: [0 0 0 0 0 0 0 0 0 0 0 0 0 0 0 0 0 0 0 0 5 0 0 0 1 1 1 4 2 1 1 4 2 1 1 1 4 7 2 2 4 2 2 2 7 5 2 4 4 2 2 5 2 2 2 2 2 2 2 7 5 5 5 2 2 3 3 6 3 3 3 3 3 4 2 7 4 2 2 4 5 5 5 5 5 5 6 6 6 2 4 6 6 6 6 2]
I; MQ:  4,0048; MV:   27; DT:   13; SOL: [0 0 0 0 0 0 0 0 0 0 0 0 0 0 0 7 0 0 0 0 5 0 0 0 1 1 1 4 2 1 1 4 2 1 1 1 4 7 2 2 4 2 2 2 7 5 2 4 4 2 2 5 2 2 2 2 2 2 2 5 5 5 5 2 2 3 3 6 3 3 3 3 3 4 7 7 4 2 2 4 5 5 5 5 5 5 6 6 6 2 7 6 6 6 6 7]
I; MQ:  4,0896; MV:   26; DT:   16; SOL: [0 0 0 0 0 0 0 0 0 0 0 0 0 0 0 7 0 0 0 0 5 0 0 0 1 1 1 4 2 1 1 4 2 1 1 1 4 7 2 2 4 2 2 2 2 5 2 4 4 2 2 5 2 2 2 2 2 2 2 2 5 5 5 2 2 3 3 6 3 3 3 3 3 4 7 4 4 2 2 4 5 5 5 5 5 5 6 6 7 2 7 7 6 6 6 7]
I; MQ:  4,1725; MV:   31; DT:   17; SOL: [0 0 0 0 0 0 0 0 0 0 0 0 0 0 0 7 0 0 0 0 5 0 0 0 1 1 1 4 2 1 1 4 2 1 1 1 4 7 2 2 4 2 2 2 2 5 3 4 4 2 2 5 2 2 2 2 3 2 2 2 5 5 5 2 2 3 3 6 3 3 3 3 3 4 7 2 3 2 2 2 5 5 5 5 5 5 6 6 7 2 7 7 6 6 6 7]
I; MQ:  4,2160; MV:   35; DT:   19; SOL: [0 0 0 0 0 0 0 0 0 0 0 0 0 0 0 7 0 0 0 0 5 0 0 0 1 1 1 2 2 1 1 4 2 1 1 1 4 7 2 2 4 2 2 2 2 5 3 4 4 2 4 5 2 2 2 2 3 2 4 5 5 5 5 2 4 3 3 6 3 3 3 3 3 4 7 2 3 2 2 2 5 5 5 5 5 5 6 6 7 2 7 7 6 6 6 7]

Cycle #7: jpassword
S; MQ:  3,2753; MV:    0; DT:    0; SOL: [0 0 0 0 0 0 0 0 0 0 0 0 0 0 0 0 0 0 0 0 0 0 0 0 1 1 1 1 1 1 1 1 1 1 1 1 2 2 2 2 2 2 2 2 2 2 2 2 2 2 2 2 2 2 2 2 2 2 2 2 2 2 2 2 2 3 3 3 3 3 3 3 3 3 4 4 4 4 4 4 5 5 5 5 5 5 6 6 6 6 6 6 6 6 6 6]
C; MQ:  5,2111; MV:   40; DT:    0; SOL: [0 0 0 0 0 0 7 7 7 7 0 0 0 7 8 8 8 8 8 8 5 8 0 0 1 1 1 4 4 1 1 4 4 1 1 1 2 3 2 2 2 2 4 4 4 5 3 2 2 4 2 5 2 2 2 4 3 2 2 4 4 4 4 2 2 3 3 6 3 3 3 3 3 2 4 4 3 2 4 4 4 4 5 5 5 5 6 6 6 2 4 6 6 6 6 4]
I; MQ:  3,3648; MV:    5; DT:    0; SOL: [0 0 0 0 0 0 0 0 0 0 0 0 0 0 0 0 0 0 0 0 5 0 0 0 1 1 1 1 1 1 1 1 1 1 1 1 2 2 2 2 2 2 2 2 2 5 2 2 2 2 2 2 2 2 2 2 2 2 2 4 2 2 2 2 2 3 3 3 3 4 3 3 3 3 4 4 4 4 4 4 5 5 5 5 5 5 6 6 6 4 6 6 6 6 6 6]
I; MQ:  3,4847; MV:   10; DT:    0; SOL: [0 0 0 0 0 0 0 0 0 0 0 0 0 0 0 0 0 0 0 0 5 0 0 0 1 1 1 1 1 1 1 1 1 1 1 1 2 2 2 2 2 2 2 2 2 5 2 2 2 2 2 2 2 2 2 2 4 2 2 4 2 4 2 4 2 3 3 6 3 4 3 3 3 3 1 4 4 4 4 4 5 5 5 5 5 5 6 6 6 4 6 6 6 6 6 6]
I; MQ:  3,5611; MV:   11; DT:    2; SOL: [0 0 0 0 0 0 0 0 0 0 0 0 0 0 0 0 0 0 0 0 5 0 0 0 1 1 1 1 1 1 1 1 1 1 1 1 2 2 4 2 2 2 2 2 2 5 2 2 2 2 2 2 2 2 2 2 4 2 2 4 2 2 2 2 4 3 3 6 3 4 3 3 3 3 1 4 4 4 4 4 5 5 5 5 5 5 6 6 6 4 6 6 6 6 6 4]
I; MQ:  3,6623; MV:   14; DT:    4; SOL: [0 0 0 0 0 0 0 0 0 0 0 0 0 0 0 0 0 0 0 0 5 0 0 0 1 1 1 1 1 1 1 1 1 1 1 1 2 2 4 2 2 2 2 2 2 5 2 2 2 2 2 2 2 2 2 2 4 2 2 4 4 4 4 2 2 3 3 6 3 4 3 3 3 3 1 4 4 2 4 4 5 5 5 5 5 5 6 6 6 4 6 6 6 6 6 4]
I; MQ:  3,6827; MV:   16; DT:    6; SOL: [0 0 0 0 0 0 0 0 0 0 0 0 0 0 0 0 0 0 0 0 5 0 0 0 1 1 1 1 2 1 1 1 2 1 1 1 2 2 2 2 2 2 2 2 2 5 2 2 2 2 2 2 2 2 2 2 4 2 2 4 4 4 4 2 2 3 3 6 3 4 3 3 3 3 1 4 4 2 4 4 5 5 5 5 5 5 6 6 6 2 4 6 6 6 6 4]
I; MQ:  3,7576; MV:   17; DT:    9; SOL: [0 0 0 0 0 0 0 0 0 0 0 0 0 0 0 0 0 0 0 0 5 0 0 0 1 1 1 1 4 1 1 2 4 1 1 1 2 2 2 2 2 2 2 2 2 5 2 2 2 4 2 2 2 2 2 2 4 2 2 4 4 4 4 2 2 3 3 6 3 4 3 3 3 3 4 4 4 2 4 4 5 5 5 5 5 5 6 6 6 2 4 6 6 6 6 4]
I; MQ:  3,7955; MV:   17; DT:   12; SOL: [0 0 0 0 0 0 0 0 0 0 0 0 0 0 0 0 0 0 0 0 5 0 0 0 1 1 1 2 4 1 1 4 4 1 1 1 2 2 2 2 2 2 2 2 4 5 2 2 2 2 2 2 2 2 2 2 4 2 2 4 4 4 4 2 2 3 3 6 3 3 3 3 3 3 4 4 4 2 4 4 5 5 5 5 5 5 6 6 6 2 4 6 6 6 6 4]
I; MQ:  3,8286; MV:   20; DT:   14; SOL: [0 0 0 0 0 0 0 0 0 0 0 0 0 0 0 0 0 0 0 0 5 0 0 0 1 1 1 2 4 1 1 2 4 1 1 1 2 2 2 2 2 2 4 2 4 5 2 2 2 2 2 2 2 2 2 2 3 2 2 4 4 4 4 2 2 3 3 6 3 3 3 3 3 2 4 4 3 2 4 4 5 5 5 5 5 5 6 6 6 2 4 6 6 6 6 4]
I; MQ:  3,8561; MV:   23; DT:   17; SOL: [0 0 0 0 0 0 0 0 0 0 0 0 0 0 0 0 0 0 0 0 5 0 0 0 1 1 1 4 4 1 1 4 4 1 1 1 2 2 2 2 2 2 4 2 4 5 2 2 2 4 2 2 2 2 2 2 3 2 2 4 4 4 4 2 2 3 3 6 3 3 3 3 3 2 4 4 3 2 4 4 0 4 5 5 5 5 6 6 6 2 4 6 6 6 6 4]
I; MQ:  4,0264; MV:   27; DT:   18; SOL: [0 0 0 0 0 0 0 0 0 0 0 0 0 0 7 7 0 0 0 0 5 7 0 0 1 1 1 4 4 1 1 4 4 1 1 1 2 7 2 2 2 2 4 2 4 5 2 2 2 4 2 2 2 2 2 2 3 2 2 4 4 4 4 2 2 3 3 6 3 3 3 3 3 2 4 4 3 2 4 4 4 4 5 5 5 5 6 6 6 2 4 6 6 6 6 4]
I; MQ:  4,1288; MV:   32; DT:   18; SOL: [0 0 0 0 0 0 7 0 0 0 0 0 0 7 7 7 0 0 1 7 5 7 7 0 1 1 1 4 4 1 1 4 4 1 1 1 2 7 2 2 2 2 4 2 4 5 2 2 2 4 2 2 2 2 2 2 3 2 2 4 4 4 4 2 2 3 3 6 3 3 3 3 3 2 4 4 3 2 4 4 4 4 5 5 5 5 6 6 6 2 4 6 6 6 6 4]
I; MQ:  4,3054; MV:   33; DT:   21; SOL: [0 0 0 0 0 0 7 0 0 7 0 0 0 7 7 7 0 7 7 7 7 7 0 0 1 1 1 4 4 1 1 4 4 1 1 1 2 7 2 2 2 2 4 2 4 5 2 2 2 4 2 2 2 2 2 2 3 2 2 4 4 4 4 2 2 3 3 6 3 3 3 3 3 2 4 4 3 2 4 4 4 4 5 5 5 5 6 6 6 2 4 6 6 6 6 4]
I; MQ:  4,5596; MV:   35; DT:   24; SOL: [0 0 0 0 0 0 7 0 7 7 0 0 0 7 7 8 7 7 7 7 5 7 0 0 1 1 1 4 4 1 1 4 4 1 1 1 2 8 2 2 2 2 4 2 4 5 2 2 2 4 2 2 2 2 2 2 3 2 2 4 4 4 4 2 2 3 3 6 3 3 3 3 3 2 4 4 3 2 4 4 4 4 5 5 5 5 6 6 6 2 4 6 6 6 6 4]
I; MQ:  4,6922; MV:   35; DT:   29; SOL: [0 0 0 0 0 0 7 0 7 7 0 0 0 7 8 8 7 7 8 8 8 8 0 0 1 1 1 4 4 1 1 4 4 1 1 1 2 8 2 2 2 2 4 2 4 5 2 2 2 4 2 2 2 2 2 2 3 2 2 4 4 4 4 2 2 3 3 6 3 3 3 3 3 2 4 4 3 2 4 4 4 4 5 5 5 5 6 6 6 2 4 6 6 6 6 4]
I; MQ:  4,8512; MV:   37; DT:   32; SOL: [0 0 0 0 0 0 7 0 7 7 0 0 0 7 8 8 8 8 8 8 5 8 0 0 1 1 1 4 4 1 1 4 4 1 1 1 2 8 2 2 2 2 4 2 4 5 2 2 2 4 2 4 2 2 2 4 3 2 2 4 4 4 4 2 2 3 3 6 3 3 3 3 3 2 4 4 3 2 4 4 4 4 5 5 5 5 6 6 6 2 4 6 6 6 6 4]
I; MQ:  5,0125; MV:   40; DT:   34; SOL: [0 0 0 0 0 0 7 1 7 7 0 0 0 7 8 8 8 8 8 8 5 8 0 0 1 1 1 4 4 1 1 4 4 1 1 1 2 3 2 2 2 2 4 4 4 5 3 2 2 4 2 5 2 2 2 4 3 2 2 4 4 4 4 2 2 3 3 6 3 3 3 3 3 2 4 4 3 2 4 4 4 4 5 5 5 5 6 6 6 2 4 6 6 6 6 4]
I; MQ:  5,2111; MV:   40; DT:   35; SOL: [0 0 0 0 0 0 7 7 7 7 0 0 0 7 8 8 8 8 8 8 5 8 0 0 1 1 1 4 4 1 1 4 4 1 1 1 2 3 2 2 2 2 4 4 4 5 3 2 2 4 2 5 2 2 2 4 3 2 2 4 4 4 4 2 2 3 3 6 3 3 3 3 3 2 4 4 3 2 4 4 4 4 5 5 5 5 6 6 6 2 4 6 6 6 6 4]

Cycle #8: jpassword
S; MQ:  3,2753; MV:    0; DT:    0; SOL: [0 0 0 0 0 0 0 0 0 0 0 0 0 0 0 0 0 0 0 0 0 0 0 0 1 1 1 1 1 1 1 1 1 1 1 1 2 2 2 2 2 2 2 2 2 2 2 2 2 2 2 2 2 2 2 2 2 2 2 2 2 2 2 2 2 3 3 3 3 3 3 3 3 3 4 4 4 4 4 4 5 5 5 5 5 5 6 6 6 6 6 6 6 6 6 6]
C; MQ:  3,9819; MV:   24; DT:    0; SOL: [0 0 0 0 0 0 0 0 0 0 0 0 0 0 0 0 0 0 0 0 5 0 0 0 1 1 1 4 4 1 1 2 4 1 1 1 2 2 2 2 2 4 2 2 2 5 2 2 2 4 2 5 4 4 4 2 4 2 2 5 5 5 5 2 2 2 3 6 3 3 3 3 3 2 4 4 4 4 2 4 5 5 5 5 5 5 6 6 6 2 4 6 6 6 6 4]
I; MQ:  3,3862; MV:    5; DT:    0; SOL: [0 0 0 0 0 0 0 0 0 0 0 0 0 0 0 0 0 0 0 0 0 0 0 0 1 1 1 1 1 1 1 1 2 1 1 1 2 4 2 2 2 2 2 2 2 2 2 2 2 4 2 2 2 2 2 4 2 2 2 2 2 2 2 2 2 3 3 3 3 3 3 3 3 3 4 4 4 2 4 4 5 5 5 5 5 5 6 6 6 6 6 6 6 6 6 6]
I; MQ:  3,4482; MV:    6; DT:    3; SOL: [0 0 0 0 0 0 0 0 0 0 0 0 0 0 0 0 0 0 0 0 0 0 0 0 1 1 1 1 1 1 1 1 4 1 1 1 2 6 2 2 2 2 2 2 2 2 2 2 4 4 2 2 2 2 2 4 2 2 2 2 2 2 2 2 2 3 3 3 3 3 3 3 3 3 4 4 4 4 2 4 5 5 5 5 5 5 6 6 6 6 6 6 6 6 6 6]
I; MQ:  3,5079; MV:    5; DT:    6; SOL: [0 0 0 0 0 0 0 0 0 0 0 0 0 0 0 0 0 0 0 0 0 0 0 0 1 1 1 1 1 1 1 1 4 1 1 1 2 2 2 2 2 2 2 2 2 2 2 2 2 4 2 2 4 2 2 2 2 2 2 2 2 2 2 2 2 3 3 6 3 3 3 3 3 3 4 4 4 4 2 4 5 5 5 5 5 5 6 6 6 6 6 6 6 6 6 6]
I; MQ:  3,5543; MV:   10; DT:    6; SOL: [0 0 0 0 0 0 0 0 0 0 0 0 0 0 0 0 0 0 0 0 0 0 0 0 1 1 1 1 1 1 1 2 4 1 1 1 2 2 2 2 2 4 2 2 2 2 2 2 2 4 2 0 4 2 2 2 2 2 2 2 2 2 2 2 2 2 3 6 3 3 3 3 3 3 4 2 4 4 2 4 5 5 5 5 5 5 6 6 6 6 6 6 6 6 6 6]
I; MQ:  3,7307; MV:   15; DT:    6; SOL: [0 0 0 0 0 0 0 0 0 0 0 0 0 0 0 0 0 0 0 0 0 0 0 0 1 1 1 1 4 1 1 2 4 1 1 1 2 2 2 2 2 4 2 2 2 2 2 2 2 4 2 0 4 2 4 2 2 2 2 2 2 2 2 2 2 2 3 6 3 3 3 3 3 3 4 2 4 4 2 4 5 5 5 5 5 5 6 6 6 0 4 6 6 6 6 4]
I; MQ:  3,8369; MV:   18; DT:    8; SOL: [0 0 0 0 0 0 0 0 0 0 0 0 0 0 0 0 0 0 0 0 0 0 0 0 1 1 1 1 4 1 1 2 4 1 1 1 2 2 2 2 2 4 2 2 2 5 2 2 2 4 2 5 4 2 4 2 2 2 2 2 5 2 5 2 2 2 3 6 3 3 3 3 3 3 4 2 4 4 2 4 5 5 5 5 5 5 6 6 6 2 4 6 6 6 6 4]
I; MQ:  3,9740; MV:   21; DT:    9; SOL: [0 0 0 0 0 0 0 0 0 0 0 0 0 0 0 0 0 0 0 0 5 0 0 0 1 1 1 4 4 1 1 2 4 1 1 1 2 2 2 2 2 4 2 2 2 5 2 2 2 4 2 5 4 4 4 2 2 2 2 2 5 5 5 2 2 2 3 6 3 3 3 3 3 3 4 4 4 4 2 4 5 5 5 5 5 5 6 6 6 2 4 6 6 6 6 4]
I; MQ:  3,9819; MV:   24; DT:    9; SOL: [0 0 0 0 0 0 0 0 0 0 0 0 0 0 0 0 0 0 0 0 5 0 0 0 1 1 1 4 4 1 1 2 4 1 1 1 2 2 2 2 2 4 2 2 2 5 2 2 2 4 2 5 4 4 4 2 4 2 2 5 5 5 5 2 2 2 3 6 3 3 3 3 3 2 4 4 4 4 2 4 5 5 5 5 5 5 6 6 6 2 4 6 6 6 6 4]

Cycle #9: jpassword
S; MQ:  3,2753; MV:    0; DT:    0; SOL: [0 0 0 0 0 0 0 0 0 0 0 0 0 0 0 0 0 0 0 0 0 0 0 0 1 1 1 1 1 1 1 1 1 1 1 1 2 2 2 2 2 2 2 2 2 2 2 2 2 2 2 2 2 2 2 2 2 2 2 2 2 2 2 2 2 3 3 3 3 3 3 3 3 3 4 4 4 4 4 4 5 5 5 5 5 5 6 6 6 6 6 6 6 6 6 6]
C; MQ:  4,9668; MV:   24; DT:    0; SOL: [8 8 8 8 0 0 0 0 0 0 0 0 0 0 0 0 0 0 0 0 5 0 0 0 1 1 1 4 4 1 1 4 4 1 1 1 2 2 2 2 2 2 2 2 2 5 2 2 2 4 2 5 4 2 2 2 2 2 2 2 7 7 7 2 2 2 3 6 3 3 7 3 3 3 4 2 4 4 2 4 5 5 5 5 5 5 6 6 6 2 4 6 6 6 6 4]
I; MQ:  3,3398; MV:    5; DT:    0; SOL: [0 0 0 0 0 0 0 0 0 0 0 0 0 0 0 0 0 0 0 0 0 0 0 0 1 1 1 1 1 1 1 1 1 1 1 1 2 2 2 2 2 2 2 2 2 2 2 2 1 2 2 2 2 2 2 2 2 2 2 2 2 2 2 2 2 3 3 3 3 4 3 3 3 3 4 4 4 2 4 4 5 5 5 5 5 5 6 6 6 6 4 6 6 6 6 0]
I; MQ:  3,4703; MV:    7; DT:    2; SOL: [0 0 0 0 0 0 0 0 0 0 0 0 0 0 0 0 0 0 0 0 0 0 0 0 1 1 1 1 1 1 1 1 2 1 1 1 2 2 2 2 2 2 2 2 2 2 2 2 2 2 2 2 2 2 2 2 2 2 2 2 2 2 2 2 2 3 3 3 3 4 3 3 3 3 4 2 4 2 2 4 5 5 5 5 5 5 6 6 6 6 4 6 6 6 6 4]
I; MQ:  3,5439; MV:    7; DT:    5; SOL: [0 0 0 0 0 0 0 0 0 0 0 0 0 0 0 0 0 0 0 0 5 0 0 0 1 1 1 1 1 1 1 1 4 1 1 1 2 2 2 2 2 2 2 2 2 2 2 2 2 2 2 2 2 2 2 2 4 2 2 2 2 2 2 2 2 3 3 3 3 3 3 3 3 3 4 2 4 4 2 4 5 5 5 5 5 5 6 6 6 6 4 6 6 6 6 4]
I; MQ:  3,6089; MV:   12; DT:    5; SOL: [0 0 0 0 0 0 0 0 0 0 0 0 0 0 0 0 0 0 0 0 5 0 0 0 1 1 1 1 1 1 1 1 4 1 1 1 2 2 2 2 2 4 2 2 2 2 2 2 2 4 2 5 4 4 2 2 4 2 2 2 2 2 2 2 2 3 3 3 3 3 3 3 3 3 4 2 4 4 2 4 5 5 5 5 5 5 6 6 6 6 4 6 6 6 6 4]
I; MQ:  3,7129; MV:   15; DT:    6; SOL: [0 0 0 0 0 0 0 0 0 0 0 0 0 0 0 0 0 0 0 0 5 0 0 0 1 1 1 1 1 1 1 1 4 1 1 1 2 2 2 2 2 4 2 2 2 5 2 2 2 4 2 5 4 4 2 2 2 2 2 2 5 5 5 2 2 3 3 3 3 3 3 3 3 3 4 2 4 4 2 4 5 5 5 5 5 5 6 6 6 6 4 6 6 6 6 4]
I; MQ:  3,7706; MV:   16; DT:    9; SOL: [0 0 0 0 0 0 0 0 0 0 0 0 0 0 0 0 0 0 0 0 5 0 0 0 1 1 1 1 1 1 1 1 4 1 1 1 2 2 2 2 2 2 2 2 2 5 2 2 2 4 2 5 4 2 2 2 4 2 2 5 5 5 5 2 2 3 3 3 3 3 3 3 3 3 4 2 4 4 2 4 5 5 5 5 5 5 6 6 6 2 4 6 6 6 6 4]
I; MQ:  3,8581; MV:   17; DT:   13; SOL: [0 0 0 0 0 0 0 0 0 0 0 0 0 0 0 0 0 0 0 0 5 0 0 0 1 1 1 1 1 1 1 1 4 1 1 1 2 2 2 2 2 2 2 2 2 5 2 2 2 4 2 5 4 2 2 2 4 2 2 7 7 5 7 2 2 3 3 3 3 3 3 3 3 2 4 2 4 4 7 4 5 5 5 5 5 5 6 6 6 2 4 6 6 6 6 4]
I; MQ:  4,0261; MV:   17; DT:   18; SOL: [0 0 0 0 0 0 0 0 0 0 0 0 0 0 0 0 0 0 0 0 5 0 0 0 1 1 1 1 1 1 1 1 4 1 1 1 2 2 2 2 2 2 2 2 2 5 2 2 2 4 2 5 4 2 2 2 7 2 2 8 7 7 7 2 2 3 3 3 3 3 3 3 3 2 4 8 4 4 8 4 5 5 5 5 5 5 6 6 6 2 4 6 6 6 6 4]
I; MQ:  4,1282; MV:   18; DT:   22; SOL: [0 0 0 0 0 0 0 0 0 0 0 0 0 0 0 0 0 0 0 0 5 0 0 0 1 1 1 1 1 1 1 1 4 1 1 1 2 2 2 2 2 2 2 2 2 5 2 2 2 4 2 5 4 2 2 2 8 2 2 8 7 7 7 2 2 3 3 3 3 8 7 3 3 3 4 2 4 4 8 4 5 5 5 5 5 5 6 6 6 2 4 6 6 6 6 4]
I; MQ:  4,2532; MV:   23; DT:   22; SOL: [0 0 8 8 0 0 0 0 0 0 0 0 0 0 0 0 0 0 0 0 5 0 0 0 1 1 1 1 4 1 1 1 4 1 1 1 2 2 2 2 2 2 2 2 2 5 8 2 2 4 2 5 4 2 2 2 8 2 8 8 7 7 7 2 2 3 3 3 3 8 7 3 3 3 4 2 4 4 8 4 5 5 5 5 5 5 6 6 6 2 4 6 6 6 6 4]
I; MQ:  4,3857; MV:   20; DT:   26; SOL: [0 8 8 8 0 0 0 0 0 0 0 0 0 0 0 0 0 0 0 0 5 0 0 0 1 1 1 1 4 1 1 1 4 1 1 1 2 2 2 2 2 2 2 2 2 5 2 2 2 4 2 5 4 2 2 2 8 2 2 2 7 7 7 2 2 3 3 3 3 3 7 3 3 3 4 2 4 4 8 4 5 5 5 5 5 5 6 6 6 2 4 6 6 6 6 4]
I; MQ:  4,5909; MV:   22; DT:   28; SOL: [0 8 8 8 0 0 0 0 0 0 0 0 0 0 0 0 0 0 0 0 5 0 0 0 1 1 1 4 4 1 1 1 4 1 1 1 2 2 2 2 2 2 2 2 2 5 2 2 2 4 2 5 4 2 2 2 2 2 2 2 7 7 7 2 2 2 3 0 3 3 7 3 3 3 4 2 4 4 2 4 5 5 5 5 5 5 6 6 6 2 4 6 6 6 6 4]
I; MQ:  4,9668; MV:   24; DT:   29; SOL: [8 8 8 8 0 0 0 0 0 0 0 0 0 0 0 0 0 0 0 0 5 0 0 0 1 1 1 4 4 1 1 4 4 1 1 1 2 2 2 2 2 2 2 2 2 5 2 2 2 4 2 5 4 2 2 2 2 2 2 2 7 7 7 2 2 2 3 6 3 3 7 3 3 3 4 2 4 4 2 4 5 5 5 5 5 5 6 6 6 2 4 6 6 6 6 4]

Cycle #10: jpassword
S; MQ:  3,2753; MV:    0; DT:    0; SOL: [0 0 0 0 0 0 0 0 0 0 0 0 0 0 0 0 0 0 0 0 0 0 0 0 1 1 1 1 1 1 1 1 1 1 1 1 2 2 2 2 2 2 2 2 2 2 2 2 2 2 2 2 2 2 2 2 2 2 2 2 2 2 2 2 2 3 3 3 3 3 3 3 3 3 4 4 4 4 4 4 5 5 5 5 5 5 6 6 6 6 6 6 6 6 6 6]
C; MQ:  4,2183; MV:   29; DT:    0; SOL: [0 0 0 0 0 0 0 0 0 0 0 0 0 0 0 7 0 0 5 0 5 0 0 0 1 1 1 4 4 1 1 4 4 1 1 1 2 7 2 2 2 2 7 7 7 5 2 2 2 2 2 5 2 2 2 2 4 2 2 4 4 4 4 2 2 7 3 6 3 4 3 3 3 3 1 2 4 2 4 4 4 4 5 5 5 5 6 6 6 2 1 6 6 6 6 1]
I; MQ:  3,3933; MV:    5; DT:    0; SOL: [0 0 0 0 0 0 0 0 0 0 0 0 0 0 0 0 0 0 0 0 0 0 0 0 1 1 1 1 1 1 1 1 1 1 1 1 2 2 2 2 2 2 2 2 2 2 2 2 2 4 2 0 2 2 4 2 2 2 2 2 2 2 2 2 2 3 3 3 3 3 3 3 3 3 1 4 3 4 4 4 5 5 5 5 5 5 6 6 6 6 6 6 6 6 6 6]
I; MQ:  3,5159; MV:   10; DT:    0; SOL: [0 0 0 0 0 0 0 0 0 0 0 0 0 0 0 0 0 0 0 0 0 0 0 0 1 1 1 4 1 1 1 1 1 1 1 1 2 2 4 2 2 4 2 2 2 2 2 2 2 4 2 0 2 2 4 2 2 2 2 2 2 2 2 2 2 3 3 6 3 3 3 3 3 3 1 4 3 4 4 4 5 5 5 5 5 5 6 6 6 4 6 6 6 6 6 6]
I; MQ:  3,5305; MV:    8; DT:    4; SOL: [0 0 0 0 0 0 0 0 0 0 0 0 0 0 0 0 0 0 0 0 0 0 0 0 1 1 1 4 1 1 1 1 1 1 1 1 2 2 2 2 2 2 2 2 2 2 2 2 2 4 2 0 2 2 4 2 2 2 2 2 2 2 2 2 2 3 3 6 3 3 3 3 3 3 1 4 4 4 4 4 5 5 5 5 5 5 6 6 6 2 4 6 6 6 6 6]
I; MQ:  3,6053; MV:   11; DT:    6; SOL: [0 0 0 0 0 0 0 0 0 0 0 0 0 0 0 0 0 0 0 0 5 0 0 0 1 1 1 4 1 1 1 1 1 1 1 1 2 2 2 2 2 2 2 2 2 5 2 4 2 4 2 5 2 2 4 2 2 2 2 2 2 2 2 2 2 3 3 6 3 3 3 3 3 3 1 4 4 4 4 4 5 5 5 5 5 5 6 6 6 2 1 6 6 6 6 6]
I; MQ:  3,6775; MV:   16; DT:    6; SOL: [0 0 0 0 0 0 0 0 0 0 0 0 0 0 0 0 0 0 5 0 5 0 0 0 1 1 1 4 1 1 1 1 1 1 1 1 2 7 2 2 2 2 2 2 7 5 2 4 2 4 2 5 2 2 4 2 2 2 2 2 2 2 2 2 2 3 3 6 3 3 3 3 3 3 1 4 4 4 7 4 5 7 5 5 5 5 6 6 6 2 1 6 6 6 6 6]
I; MQ:  3,8494; MV:   17; DT:    9; SOL: [0 0 0 0 0 0 0 0 0 0 0 0 0 0 0 0 0 0 5 0 5 0 0 0 1 1 1 4 1 1 1 1 1 1 1 1 2 7 2 2 2 2 7 7 7 5 2 4 2 4 2 5 2 2 2 2 2 2 2 2 2 2 2 2 2 3 3 6 3 3 3 3 3 3 1 4 4 4 2 4 5 2 5 5 5 5 6 6 6 2 1 6 6 6 6 6]
I; MQ:  3,8827; MV:   17; DT:   13; SOL: [0 0 0 0 0 0 0 0 0 0 0 0 0 0 0 0 0 0 5 0 5 0 0 0 1 1 1 4 1 1 1 1 1 1 1 1 2 7 2 2 2 2 7 7 7 5 2 2 2 4 2 5 2 2 4 2 2 2 2 2 2 2 2 2 2 3 3 6 3 3 3 3 3 3 1 4 4 4 4 4 4 4 5 5 5 5 6 6 6 2 1 6 6 6 6 6]
I; MQ:  3,9026; MV:   18; DT:   17; SOL: [0 0 0 0 0 0 0 0 0 0 0 0 0 0 0 0 0 0 5 0 5 0 0 0 1 1 1 4 1 1 1 1 1 1 1 1 2 7 4 2 2 2 7 7 7 5 2 2 2 4 2 5 2 2 2 2 2 2 2 2 2 2 2 2 2 3 3 6 3 3 3 3 3 3 1 4 4 2 4 4 4 4 5 5 5 5 6 6 6 4 4 6 6 6 6 6]
I; MQ:  3,9401; MV:   20; DT:   19; SOL: [0 0 0 0 0 0 0 0 0 0 0 0 0 0 0 7 0 0 5 0 5 0 0 0 1 1 1 4 1 1 1 1 1 1 1 1 2 7 4 2 2 2 7 7 7 5 2 2 2 2 2 5 2 2 2 2 2 2 2 4 2 2 4 2 2 3 3 6 3 3 3 3 3 3 1 4 4 2 4 4 4 4 5 5 5 5 6 6 6 2 4 6 6 6 6 6]
I; MQ:  4,0345; MV:   22; DT:   21; SOL: [0 0 0 0 0 0 0 0 0 0 0 0 0 0 0 7 0 0 5 0 5 0 0 0 1 1 1 4 1 1 1 1 1 1 1 1 2 7 2 2 2 2 7 7 7 5 3 2 2 2 2 5 2 2 2 2 2 2 2 4 4 4 4 2 2 3 3 6 3 3 3 3 3 3 1 4 4 2 4 4 4 4 5 5 5 5 6 6 6 2 1 6 6 6 6 6]
I; MQ:  4,1626; MV:   25; DT:   22; SOL: [0 0 0 0 0 0 0 0 0 0 0 0 0 0 0 7 0 0 5 0 5 0 0 0 1 1 1 4 1 1 1 1 4 1 1 1 2 7 2 2 2 2 7 7 7 5 2 2 2 2 2 5 2 2 2 2 2 2 2 4 4 4 4 2 2 7 3 6 3 3 3 3 2 3 1 4 4 2 4 4 4 4 5 5 5 5 6 6 6 2 1 6 6 6 6 1]
I; MQ:  4,2178; MV:   28; DT:   23; SOL: [0 0 0 0 0 0 0 0 0 0 0 0 0 0 0 7 0 0 5 0 5 0 0 0 1 1 1 4 4 1 1 4 4 1 1 1 2 7 2 2 2 2 7 7 7 5 2 2 2 2 2 5 2 2 2 2 4 2 2 4 4 4 4 2 2 7 3 6 3 3 3 3 3 3 1 2 4 2 4 4 4 4 5 5 5 5 6 6 6 2 1 6 6 6 6 1]
I; MQ:  4,2183; MV:   29; DT:   23; SOL: [0 0 0 0 0 0 0 0 0 0 0 0 0 0 0 7 0 0 5 0 5 0 0 0 1 1 1 4 4 1 1 4 4 1 1 1 2 7 2 2 2 2 7 7 7 5 2 2 2 2 2 5 2 2 2 2 4 2 2 4 4 4 4 2 2 7 3 6 3 4 3 3 3 3 1 2 4 2 4 4 4 4 5 5 5 5 6 6 6 2 1 6 6 6 6 1]

Cycle #11: jpassword
S; MQ:  3,2753; MV:    0; DT:    0; SOL: [0 0 0 0 0 0 0 0 0 0 0 0 0 0 0 0 0 0 0 0 0 0 0 0 1 1 1 1 1 1 1 1 1 1 1 1 2 2 2 2 2 2 2 2 2 2 2 2 2 2 2 2 2 2 2 2 2 2 2 2 2 2 2 2 2 3 3 3 3 3 3 3 3 3 4 4 4 4 4 4 5 5 5 5 5 5 6 6 6 6 6 6 6 6 6 6]
C; MQ:  4,3208; MV:   31; DT:    0; SOL: [0 0 0 0 0 0 0 0 0 0 0 0 0 0 0 7 0 0 0 0 5 0 0 0 1 1 1 4 4 1 1 4 4 1 1 1 2 7 2 2 2 2 7 7 7 5 4 2 2 4 2 5 2 2 2 4 3 2 2 4 5 5 5 2 2 7 3 6 3 3 3 3 4 2 4 4 3 2 4 4 4 4 5 5 5 5 6 6 6 2 4 6 6 6 6 4]
I; MQ:  3,5052; MV:    5; DT:    0; SOL: [0 0 0 0 0 0 0 0 0 0 0 0 0 0 0 0 0 0 0 0 0 0 0 0 1 1 1 1 1 1 1 4 1 1 1 1 2 2 2 2 2 2 2 2 2 2 2 2 2 4 2 0 2 2 2 2 2 2 2 2 2 2 2 2 2 3 3 3 3 3 3 3 3 3 4 4 4 4 4 4 5 5 5 5 5 5 6 6 6 4 6 6 6 6 6 4]
I; MQ:  3,6813; MV:   10; DT:    0; SOL: [0 0 0 0 0 0 0 0 0 0 0 0 0 0 0 0 0 0 0 0 0 0 0 0 1 1 1 1 1 1 1 4 4 1 1 1 2 2 2 2 2 2 2 2 2 5 2 2 2 4 2 0 2 2 2 2 3 2 2 2 2 2 2 2 2 3 3 6 3 3 3 3 3 3 4 4 3 4 4 4 5 5 5 5 5 5 6 6 6 4 6 6 6 6 6 4]
I; MQ:  3,7610; MV:   13; DT:    2; SOL: [0 0 0 0 0 0 0 0 0 0 0 0 0 0 0 0 0 0 0 0 0 0 0 0 1 1 1 1 1 1 1 4 4 1 1 1 2 2 2 2 2 2 2 2 2 5 2 2 2 4 2 5 2 2 2 2 3 2 2 2 2 5 5 2 2 3 3 6 3 3 3 3 3 3 4 2 3 4 4 4 5 5 5 5 5 5 6 6 6 2 6 6 6 6 6 4]
I; MQ:  3,7776; MV:   17; DT:    3; SOL: [0 0 0 0 0 0 0 0 0 0 0 0 0 0 0 0 0 0 0 0 0 0 0 0 1 1 1 1 1 1 1 4 4 1 1 1 4 2 2 2 2 2 2 2 2 5 2 2 2 4 2 5 4 2 2 2 3 2 2 2 2 5 5 2 4 3 3 6 3 3 3 3 3 2 4 2 3 4 4 4 5 5 5 5 5 5 6 6 6 4 6 6 6 6 6 4]
I; MQ:  3,9076; MV:   22; DT:    3; SOL: [0 0 0 0 0 0 0 0 0 0 0 0 0 0 0 0 0 0 0 0 0 0 0 0 1 1 1 1 4 1 1 4 4 1 1 1 4 7 2 2 2 2 2 7 7 5 2 2 2 4 2 5 4 2 2 2 3 2 2 2 2 5 5 2 4 3 3 6 3 3 3 3 2 2 4 2 3 4 4 4 5 5 5 5 5 5 6 6 6 4 6 6 6 6 6 4]
I; MQ:  3,9660; MV:   20; DT:    7; SOL: [0 0 0 0 0 0 0 0 0 0 0 0 0 0 0 7 0 0 0 0 0 0 0 0 1 1 1 1 4 1 1 4 4 1 1 1 2 7 2 2 2 2 2 7 7 5 2 2 2 4 2 5 4 2 2 2 3 2 2 2 2 5 5 2 2 3 3 6 3 3 3 3 3 2 4 2 3 4 4 4 5 5 5 5 5 5 6 6 6 2 6 6 6 6 6 4]
I; MQ:  4,0555; MV:   21; DT:    9; SOL: [0 0 0 0 0 0 0 0 0 0 0 0 0 0 0 7 0 0 0 0 0 0 0 0 1 1 1 4 4 1 1 4 4 1 1 1 2 7 2 7 2 2 2 7 7 5 3 2 2 4 2 5 2 2 2 2 3 2 2 2 2 5 5 2 2 3 3 6 3 3 3 3 3 2 4 4 3 4 4 4 5 5 5 5 5 5 6 6 6 2 6 6 6 6 6 4]
I; MQ:  4,1256; MV:   26; DT:    9; SOL: [0 0 0 0 0 0 0 0 0 0 0 0 0 0 0 7 0 0 0 0 0 0 0 0 1 1 1 4 4 1 1 4 4 1 1 1 2 7 2 7 2 2 2 7 7 5 3 2 2 4 2 5 2 2 2 4 3 2 2 4 4 5 5 2 2 3 3 6 3 3 3 3 3 2 4 4 3 2 4 4 5 5 5 5 5 5 6 6 6 2 4 6 6 6 6 4]
I; MQ:  4,2831; MV:   28; DT:   11; SOL: [0 0 0 0 0 0 0 0 0 0 0 0 0 0 0 7 0 0 0 0 0 0 0 0 1 1 1 4 4 1 1 4 4 1 1 1 2 7 2 2 2 2 7 7 7 5 3 2 2 4 2 5 2 2 2 4 3 2 2 4 5 5 5 2 2 3 3 6 3 3 3 3 3 2 4 4 3 2 4 4 4 4 5 5 5 5 6 6 6 2 4 6 6 6 6 4]
I; MQ:  4,3208; MV:   31; DT:   13; SOL: [0 0 0 0 0 0 0 0 0 0 0 0 0 0 0 7 0 0 0 0 5 0 0 0 1 1 1 4 4 1 1 4 4 1 1 1 2 7 2 2 2 2 7 7 7 5 4 2 2 4 2 5 2 2 2 4 3 2 2 4 5 5 5 2 2 7 3 6 3 3 3 3 4 2 4 4 3 2 4 4 4 4 5 5 5 5 6 6 6 2 4 6 6 6 6 4]

Cycle #12: jpassword
S; MQ:  3,2753; MV:    0; DT:    0; SOL: [0 0 0 0 0 0 0 0 0 0 0 0 0 0 0 0 0 0 0 0 0 0 0 0 1 1 1 1 1 1 1 1 1 1 1 1 2 2 2 2 2 2 2 2 2 2 2 2 2 2 2 2 2 2 2 2 2 2 2 2 2 2 2 2 2 3 3 3 3 3 3 3 3 3 4 4 4 4 4 4 5 5 5 5 5 5 6 6 6 6 6 6 6 6 6 6]
C; MQ:  3,9402; MV:   27; DT:    0; SOL: [0 0 0 0 0 0 0 0 0 0 0 0 0 0 0 0 0 0 5 0 5 0 0 0 1 1 1 4 4 1 1 2 4 1 1 1 4 2 4 2 4 2 2 2 2 5 2 2 2 4 2 5 4 2 2 2 3 4 2 2 2 2 2 2 4 2 3 6 3 3 3 3 3 2 4 2 3 4 2 4 2 2 5 5 5 5 6 6 6 4 4 6 6 6 6 4]
I; MQ:  3,3591; MV:    5; DT:    0; SOL: [0 0 0 0 0 0 0 0 0 0 0 0 0 0 0 0 0 0 0 0 5 0 0 0 1 1 1 4 1 1 1 1 1 1 1 1 2 2 4 2 2 2 2 2 2 5 2 4 2 2 2 2 2 2 2 2 2 2 2 2 2 2 2 2 2 3 3 3 3 3 3 3 3 3 4 4 4 4 4 4 5 5 5 5 5 5 6 6 6 6 6 6 6 6 6 6]
I; MQ:  3,3800; MV:    8; DT:    1; SOL: [0 0 0 0 0 0 0 0 0 0 0 0 0 0 0 0 0 0 0 0 5 0 0 0 1 1 1 4 1 1 1 1 1 1 1 1 2 4 4 2 2 2 2 2 2 5 2 2 2 2 2 2 2 2 2 2 2 2 2 2 2 2 2 2 2 3 3 3 3 3 3 3 3 3 4 2 4 4 4 4 0 4 5 5 5 5 6 6 6 6 6 6 6 6 6 6]
I; MQ:  3,4411; MV:   10; DT:    3; SOL: [0 0 0 0 0 0 0 0 0 0 0 0 0 0 0 0 0 0 0 0 5 0 0 0 1 1 1 4 1 1 1 1 1 1 1 1 2 2 4 2 2 2 2 2 2 5 2 2 2 2 2 2 4 2 2 2 2 2 2 2 2 2 2 2 2 2 3 3 3 3 3 3 3 3 4 2 4 4 4 4 4 4 5 5 5 5 6 6 6 0 6 6 6 6 6 6]
I; MQ:  3,5656; MV:   12; DT:    5; SOL: [0 0 0 0 0 0 0 0 0 0 0 0 0 0 0 0 0 0 0 0 5 0 0 0 1 1 1 4 1 1 1 1 1 1 1 1 2 2 4 2 2 2 2 2 2 5 2 2 2 2 2 2 2 2 2 2 2 2 2 2 2 2 2 2 2 2 3 3 3 3 3 3 3 3 4 2 4 2 4 4 4 4 5 5 5 5 6 6 6 4 4 6 6 6 6 4]
I; MQ:  3,7736; MV:   17; DT:    5; SOL: [0 0 0 0 0 0 0 0 0 0 0 0 0 0 0 0 0 0 5 0 5 0 0 0 1 1 1 4 1 1 1 4 1 1 1 1 2 2 4 2 2 2 2 2 2 5 2 2 2 2 2 5 2 2 2 2 2 2 2 2 2 2 2 2 4 2 3 6 3 3 3 3 3 3 4 2 4 2 4 4 4 4 5 5 5 5 6 6 6 4 4 6 6 6 6 4]
I; MQ:  3,8493; MV:   22; DT:    5; SOL: [0 0 0 0 0 0 0 0 0 0 0 0 0 0 0 0 0 0 5 0 5 0 0 0 1 1 1 4 0 1 1 4 2 1 1 1 2 2 4 2 2 2 2 2 2 5 2 2 2 2 2 5 2 2 2 2 4 2 4 2 2 2 2 2 4 2 3 6 3 3 3 3 3 3 4 2 4 2 2 4 4 4 5 5 5 5 6 6 6 4 4 6 6 6 6 4]
I; MQ:  3,8852; MV:   21; DT:   10; SOL: [0 0 0 0 0 0 0 0 0 0 0 0 0 0 0 0 0 0 5 0 5 0 0 0 1 1 1 4 4 1 1 4 4 1 1 1 2 2 4 2 2 2 2 2 2 5 2 2 2 2 2 5 4 2 2 2 4 2 2 2 2 2 2 2 4 2 3 6 3 3 3 3 3 3 4 2 4 4 2 4 4 4 5 5 5 5 6 6 6 4 4 6 6 6 6 4]
I; MQ:  3,9036; MV:   22; DT:   13; SOL: [0 0 0 0 0 0 0 0 0 0 0 0 0 0 0 0 0 0 5 0 5 0 0 0 1 1 1 4 4 1 1 4 4 1 1 1 2 2 4 2 2 2 2 2 2 5 2 2 2 4 2 5 4 2 2 2 2 4 2 2 2 2 2 2 4 2 3 6 3 3 3 3 3 3 4 2 4 4 2 4 2 2 5 5 5 5 6 6 6 4 4 6 6 6 6 4]
I; MQ:  3,9242; MV:   26; DT:   14; SOL: [0 0 0 0 0 0 0 0 0 0 0 0 0 0 0 0 0 0 5 0 5 0 0 0 1 1 1 4 4 1 1 2 4 1 1 1 4 2 4 2 4 2 2 2 2 5 2 2 2 4 2 5 4 2 2 2 2 4 2 2 2 2 2 2 4 2 3 6 3 3 3 3 3 2 4 2 3 4 2 4 2 2 5 5 5 5 6 6 6 4 4 6 6 6 6 4]
I; MQ:  3,9402; MV:   27; DT:   15; SOL: [0 0 0 0 0 0 0 0 0 0 0 0 0 0 0 0 0 0 5 0 5 0 0 0 1 1 1 4 4 1 1 2 4 1 1 1 4 2 4 2 4 2 2 2 2 5 2 2 2 4 2 5 4 2 2 2 3 4 2 2 2 2 2 2 4 2 3 6 3 3 3 3 3 2 4 2 3 4 2 4 2 2 5 5 5 5 6 6 6 4 4 6 6 6 6 4]

Cycle #13: jpassword
S; MQ:  3,2753; MV:    0; DT:    0; SOL: [0 0 0 0 0 0 0 0 0 0 0 0 0 0 0 0 0 0 0 0 0 0 0 0 1 1 1 1 1 1 1 1 1 1 1 1 2 2 2 2 2 2 2 2 2 2 2 2 2 2 2 2 2 2 2 2 2 2 2 2 2 2 2 2 2 3 3 3 3 3 3 3 3 3 4 4 4 4 4 4 5 5 5 5 5 5 6 6 6 6 6 6 6 6 6 6]
C; MQ:  4,0267; MV:   27; DT:    0; SOL: [0 0 0 0 0 0 0 0 0 0 0 0 0 0 0 0 0 0 0 0 5 0 0 0 1 1 1 2 4 1 1 2 4 1 1 1 2 2 2 2 2 4 2 2 2 5 2 2 2 2 2 5 4 4 4 2 3 2 2 5 5 5 5 2 2 2 3 6 3 3 3 3 2 2 4 2 3 4 2 2 5 5 5 5 5 5 6 6 6 2 4 6 6 6 6 4]
I; MQ:  3,4118; MV:    5; DT:    0; SOL: [0 0 0 0 0 0 0 0 0 0 0 0 0 0 0 0 0 0 0 0 0 0 0 0 1 1 1 1 1 1 1 1 1 1 1 1 2 2 4 2 2 2 2 2 2 2 2 2 2 2 2 2 4 2 2 2 4 2 2 2 2 2 2 2 2 3 3 3 3 3 3 3 3 3 4 2 4 4 4 4 5 5 5 5 5 5 6 6 6 6 6 6 6 6 6 4]
I; MQ:  3,5277; MV:    8; DT:    1; SOL: [0 0 0 0 0 0 0 0 0 0 0 0 0 0 0 0 0 0 0 0 0 0 0 0 1 1 1 1 4 1 1 1 4 1 1 1 2 2 4 2 2 2 2 2 2 2 2 2 2 2 2 2 2 2 2 2 4 2 2 2 2 2 2 2 2 2 3 3 3 3 3 3 3 3 2 2 4 4 4 4 5 5 5 5 5 5 6 6 6 6 6 6 6 6 6 4]
I; MQ:  3,5728; MV:   11; DT:    3; SOL: [0 0 0 0 0 0 0 0 0 0 0 0 0 0 0 0 0 0 0 0 0 0 0 0 1 1 1 1 4 1 1 1 4 1 1 1 2 2 4 2 2 4 2 2 2 2 2 2 2 4 2 2 4 4 2 2 4 2 2 2 2 2 2 2 2 2 3 3 3 3 3 3 3 3 4 2 4 4 4 4 5 5 5 5 5 5 6 6 6 6 6 6 6 6 6 4]
I; MQ:  3,6917; MV:   13; DT:    5; SOL: [0 0 0 0 0 0 0 0 0 0 0 0 0 0 0 0 0 0 0 0 0 0 0 0 1 1 1 1 4 1 1 1 4 1 1 1 2 2 2 2 2 4 2 2 2 5 2 2 2 4 2 2 4 4 4 2 3 2 2 2 2 2 2 2 2 2 3 3 3 3 3 3 3 3 4 2 3 4 4 4 5 5 5 5 5 5 6 6 6 6 6 6 6 6 6 4]
I; MQ:  3,7776; MV:   18; DT:    6; SOL: [0 0 0 0 0 0 0 0 0 0 0 0 0 0 0 0 0 0 0 0 0 0 0 0 1 1 1 1 4 1 1 2 4 1 1 1 2 2 2 2 2 4 2 2 2 5 2 2 2 4 2 2 4 4 4 2 3 2 2 2 2 2 2 2 2 2 3 6 3 3 3 3 3 2 2 2 3 4 4 4 5 5 5 5 5 5 6 6 6 0 6 6 6 6 6 4]
I; MQ:  3,8388; MV:   19; DT:    9; SOL: [0 0 0 0 0 0 0 0 0 0 0 0 0 0 0 0 0 0 0 0 0 0 0 0 1 1 1 1 4 1 1 4 4 1 1 1 2 2 2 2 2 4 2 2 2 5 2 2 2 4 2 0 4 4 4 2 3 2 2 2 2 2 2 2 2 2 3 6 3 3 3 3 3 2 4 2 3 4 4 4 5 5 5 5 5 5 6 6 6 2 4 6 6 6 6 4]
I; MQ:  3,9301; MV:   23; DT:   10; SOL: [0 0 0 0 0 0 0 0 0 0 0 0 0 0 0 0 0 0 0 0 0 0 0 0 1 1 1 1 4 1 1 4 4 1 1 1 2 2 2 2 2 4 2 2 2 5 2 2 2 4 2 5 4 4 4 2 3 2 2 5 5 5 5 2 2 2 3 6 3 3 3 3 3 2 4 2 3 4 4 4 5 5 5 5 5 5 6 6 6 2 4 6 6 6 6 4]
I; MQ:  4,0213; MV:   27; DT:   11; SOL: [0 0 0 0 0 0 0 0 0 0 0 0 0 0 0 0 0 0 0 0 5 0 0 0 1 1 1 2 4 1 1 2 4 1 1 1 2 2 2 2 2 4 2 2 2 5 2 2 2 4 2 5 4 4 4 2 3 2 2 5 5 5 5 2 2 2 3 6 3 3 3 3 3 2 4 2 3 4 2 2 5 5 5 5 5 5 6 6 6 2 4 6 6 6 6 4]
I; MQ:  4,0267; MV:   27; DT:   12; SOL: [0 0 0 0 0 0 0 0 0 0 0 0 0 0 0 0 0 0 0 0 5 0 0 0 1 1 1 2 4 1 1 2 4 1 1 1 2 2 2 2 2 4 2 2 2 5 2 2 2 2 2 5 4 4 4 2 3 2 2 5 5 5 5 2 2 2 3 6 3 3 3 3 2 2 4 2 3 4 2 2 5 5 5 5 5 5 6 6 6 2 4 6 6 6 6 4]

Cycle #14: jpassword
S; MQ:  3,2753; MV:    0; DT:    0; SOL: [0 0 0 0 0 0 0 0 0 0 0 0 0 0 0 0 0 0 0 0 0 0 0 0 1 1 1 1 1 1 1 1 1 1 1 1 2 2 2 2 2 2 2 2 2 2 2 2 2 2 2 2 2 2 2 2 2 2 2 2 2 2 2 2 2 3 3 3 3 3 3 3 3 3 4 4 4 4 4 4 5 5 5 5 5 5 6 6 6 6 6 6 6 6 6 6]
C; MQ:  4,7118; MV:   36; DT:    0; SOL: [0 0 0 0 7 7 7 0 0 0 0 0 0 0 7 8 7 7 7 7 5 7 7 7 1 1 1 4 4 1 1 2 4 1 1 1 2 8 4 2 2 2 2 2 2 5 2 2 2 2 2 5 2 2 2 2 4 2 4 5 5 5 5 2 4 8 3 6 3 3 3 3 3 3 2 2 4 4 2 4 5 5 5 5 5 5 6 6 6 4 4 6 6 6 6 4]
I; MQ:  3,3373; MV:    5; DT:    0; SOL: [0 0 0 0 0 0 0 0 0 0 0 0 0 0 0 0 0 0 0 0 0 0 0 0 1 1 1 1 1 1 1 1 1 1 1 1 2 4 2 2 2 2 2 2 2 2 2 2 2 2 2 2 2 2 2 2 4 2 2 2 2 2 2 2 2 3 3 3 3 4 3 3 3 3 1 4 4 4 4 4 5 5 5 5 5 5 6 6 6 6 4 6 6 6 6 6]
I; MQ:  3,5123; MV:    9; DT:    1; SOL: [0 0 0 0 0 0 0 0 0 0 0 0 0 0 0 0 0 0 0 0 0 0 0 0 1 1 1 1 1 1 1 1 2 1 1 1 2 4 2 2 2 2 2 2 2 2 2 2 2 2 2 2 2 2 2 2 4 2 2 2 2 2 2 2 2 3 3 3 3 4 3 3 3 3 2 2 4 4 4 4 5 5 5 5 5 5 6 6 6 4 4 6 6 6 6 4]
I; MQ:  3,5640; MV:    8; DT:    5; SOL: [0 0 0 0 0 0 0 0 0 0 0 0 0 0 0 0 0 0 0 0 5 0 0 0 1 1 1 1 1 1 1 1 4 1 1 1 2 7 2 2 2 2 2 2 2 2 2 2 2 2 2 2 2 2 2 2 4 2 2 2 2 2 2 2 2 3 3 3 3 3 3 3 3 3 4 2 4 4 4 4 5 5 5 5 5 5 6 6 6 4 4 6 6 6 6 4]
I; MQ:  3,6490; MV:   13; DT:    6; SOL: [0 0 0 0 0 0 0 0 0 0 0 0 0 0 0 0 0 0 0 0 5 0 0 0 1 1 1 4 1 1 1 1 4 1 1 1 2 7 2 2 2 2 2 2 2 5 2 2 2 2 2 2 2 2 2 2 4 2 2 2 2 2 2 2 4 3 3 3 3 3 3 3 3 3 2 2 4 4 2 4 5 5 5 5 5 5 6 6 6 4 4 6 6 6 6 4]
I; MQ:  3,8952; MV:   18; DT:    6; SOL: [0 0 0 0 0 0 0 0 0 0 0 0 0 0 0 7 0 0 0 0 5 0 0 0 1 1 1 4 1 1 1 1 4 1 1 1 2 7 4 2 2 2 2 2 2 5 2 2 2 2 2 5 2 2 2 2 4 2 4 2 2 2 2 2 4 3 3 6 3 3 3 3 3 3 2 2 4 4 2 4 5 5 5 5 5 5 6 6 6 4 4 6 6 6 6 4]
I; MQ:  4,0606; MV:   23; DT:    6; SOL: [0 0 0 0 0 0 0 0 0 0 0 0 0 0 7 7 0 0 7 0 5 0 0 0 1 1 1 4 1 1 1 2 4 1 1 1 2 7 4 2 2 2 2 2 2 5 2 2 2 2 2 5 2 2 2 2 4 2 4 2 2 5 5 2 4 3 3 6 3 3 3 3 3 3 2 2 4 4 2 4 5 5 5 5 5 5 6 6 6 4 4 6 6 6 6 4]
I; MQ:  4,2727; MV:   28; DT:    6; SOL: [0 0 0 0 0 0 0 0 0 0 0 0 0 0 7 7 0 7 7 0 5 7 0 0 1 1 1 4 4 1 1 2 4 1 1 1 2 7 4 2 2 2 2 2 2 5 2 2 2 2 2 5 2 2 2 2 4 2 4 5 5 5 5 2 4 3 3 6 3 3 3 3 3 3 2 2 4 4 2 4 5 5 5 5 5 5 6 6 6 4 4 6 6 6 6 4]
I; MQ:  4,3486; MV:   32; DT:    7; SOL: [0 0 0 0 7 7 0 0 0 0 0 0 0 0 7 7 0 7 7 0 5 7 2 7 1 1 1 2 4 1 1 2 4 1 1 1 2 7 4 2 2 2 2 2 2 5 2 2 2 2 2 5 2 2 2 2 4 2 4 5 5 5 5 2 4 3 3 6 3 3 3 3 3 3 2 2 4 4 2 4 5 5 5 5 5 5 6 6 6 4 4 6 6 6 6 4]
I; MQ:  4,5343; MV:   33; DT:   11; SOL: [0 0 0 0 7 7 0 0 0 0 0 0 0 0 7 8 0 7 7 7 5 7 7 7 1 1 1 4 4 1 1 2 4 1 1 1 2 8 4 2 2 2 2 2 2 5 2 2 2 2 2 5 2 2 2 2 4 2 4 5 5 5 5 2 4 3 3 6 3 3 3 3 3 3 2 2 4 4 2 4 5 5 5 5 5 5 6 6 6 4 4 6 6 6 6 4]
I; MQ:  4,7118; MV:   36; DT:   11; SOL: [0 0 0 0 7 7 7 0 0 0 0 0 0 0 7 8 7 7 7 7 5 7 7 7 1 1 1 4 4 1 1 2 4 1 1 1 2 8 4 2 2 2 2 2 2 5 2 2 2 2 2 5 2 2 2 2 4 2 4 5 5 5 5 2 4 8 3 6 3 3 3 3 3 3 2 2 4 4 2 4 5 5 5 5 5 5 6 6 6 4 4 6 6 6 6 4]

Cycle #15: jpassword
S; MQ:  3,2753; MV:    0; DT:    0; SOL: [0 0 0 0 0 0 0 0 0 0 0 0 0 0 0 0 0 0 0 0 0 0 0 0 1 1 1 1 1 1 1 1 1 1 1 1 2 2 2 2 2 2 2 2 2 2 2 2 2 2 2 2 2 2 2 2 2 2 2 2 2 2 2 2 2 3 3 3 3 3 3 3 3 3 4 4 4 4 4 4 5 5 5 5 5 5 6 6 6 6 6 6 6 6 6 6]
C; MQ:  5,6374; MV:   44; DT:    0; SOL: [7 7 7 7 0 0 0 0 0 0 0 0 0 0 0 0 0 0 0 0 5 0 0 0 9 1 1 9 10 1 1 9 10 1 1 1 8 2 8 2 8 4 2 2 2 5 2 9 9 10 10 5 4 4 4 2 3 2 8 2 5 5 5 2 8 2 3 6 3 3 3 3 10 9 2 2 3 10 2 2 2 2 5 5 5 5 6 6 6 8 2 6 6 6 6 10]
I; MQ:  3,4567; MV:    5; DT:    0; SOL: [0 0 0 0 0 0 0 0 0 0 0 0 0 0 0 0 0 0 0 0 0 0 0 0 1 1 1 1 1 1 1 1 1 1 1 1 2 2 2 2 2 2 2 2 2 2 2 2 2 2 2 0 4 2 2 2 2 2 2 2 2 2 2 2 2 3 3 6 3 3 3 3 3 3 4 4 4 4 2 4 5 5 5 5 5 5 6 6 6 6 6 6 6 6 6 4]
I; MQ:  3,5609; MV:   10; DT:    0; SOL: [0 0 0 0 0 0 0 0 0 0 0 0 0 0 0 0 0 0 0 0 0 0 0 0 1 1 1 1 1 1 1 2 1 1 1 1 2 2 2 2 2 2 2 2 2 2 2 2 2 2 2 0 4 4 4 2 2 2 2 2 2 2 2 2 2 2 3 6 3 3 3 3 3 3 4 4 4 4 2 4 5 5 5 5 5 5 6 6 6 6 4 6 6 6 6 4]
I; MQ:  3,6857; MV:   15; DT:    0; SOL: [0 0 0 0 0 0 0 0 0 0 0 0 0 0 0 0 0 0 0 0 0 0 0 0 1 1 1 1 1 1 1 2 1 1 1 1 2 2 2 2 2 4 2 2 2 5 2 2 2 4 2 0 4 4 4 2 2 2 2 2 2 2 2 2 2 2 3 6 3 3 3 3 3 3 4 4 1 4 2 1 5 5 5 5 5 5 6 6 6 6 4 6 6 6 6 4]
I; MQ:  3,7903; MV:   19; DT:    1; SOL: [0 0 0 0 0 0 0 0 0 0 0 0 0 0 0 0 0 0 0 0 5 0 0 0 1 1 1 1 1 1 1 2 1 1 1 1 2 2 2 2 2 4 2 2 2 5 2 2 2 4 2 5 4 4 4 2 2 2 2 2 5 5 5 2 2 2 3 6 3 3 3 3 3 3 4 4 1 4 2 1 5 5 5 5 5 5 6 6 6 6 4 6 6 6 6 4]
I; MQ:  3,8229; MV:   22; DT:    2; SOL: [0 0 0 0 0 0 0 0 0 0 0 0 0 0 0 0 0 0 0 0 5 0 0 0 1 1 1 1 1 1 1 2 1 1 1 1 2 2 2 2 2 4 2 2 2 5 2 2 2 2 2 5 4 4 4 2 1 2 2 5 5 5 5 2 2 2 3 6 3 3 3 3 3 2 4 2 1 4 2 1 5 5 5 5 5 5 6 6 6 6 4 6 6 6 6 4]
I; MQ:  3,9067; MV:   23; DT:    5; SOL: [0 0 0 0 0 0 0 0 0 0 0 0 0 0 0 0 0 0 0 0 5 0 0 0 1 1 1 1 1 1 1 2 1 1 1 1 2 2 2 2 2 4 2 2 2 5 2 2 2 2 2 5 4 4 4 2 1 2 2 5 5 5 5 2 2 2 3 6 3 3 3 3 3 3 1 2 1 2 2 1 5 5 5 5 5 5 6 6 6 6 0 6 6 6 6 1]
I; MQ:  3,9990; MV:   26; DT:    9; SOL: [0 0 0 0 0 0 0 0 0 0 0 0 0 0 0 0 0 0 0 0 5 0 0 0 1 1 1 1 1 1 1 2 1 1 1 1 2 2 2 2 2 4 2 2 2 5 2 2 2 1 2 5 4 4 4 2 1 2 2 5 5 5 5 2 2 2 3 6 3 3 3 3 3 2 1 2 1 1 2 1 5 5 5 5 5 5 6 6 6 2 1 6 6 6 6 1]
I; MQ:  4,3806; MV:   29; DT:   11; SOL: [7 0 7 7 0 0 0 0 0 0 0 0 0 0 0 0 0 0 0 0 5 0 0 0 1 1 1 1 1 1 1 7 1 1 1 1 2 2 2 2 2 4 2 2 2 5 2 2 2 1 2 5 4 4 4 2 1 2 2 5 5 5 5 2 2 2 3 6 3 3 3 3 3 2 1 2 1 1 7 1 5 5 5 5 5 5 6 6 6 2 1 6 6 6 6 1]
I; MQ:  4,6051; MV:   30; DT:   15; SOL: [7 0 7 7 0 0 0 0 0 0 0 0 0 0 0 0 0 0 0 0 5 0 0 0 1 1 1 1 1 1 1 8 1 1 1 1 2 2 2 2 2 4 2 2 2 5 2 2 2 8 8 5 4 4 4 2 1 2 2 5 5 5 5 2 2 2 3 6 3 3 3 3 3 2 1 2 1 8 8 1 5 5 5 5 5 5 6 6 6 2 1 6 6 6 6 1]
I; MQ:  4,6709; MV:   31; DT:   17; SOL: [7 0 7 7 0 0 0 0 0 0 0 0 0 0 0 0 0 0 0 0 5 0 0 0 1 1 1 1 1 1 1 1 1 1 1 1 2 2 2 2 2 4 2 2 2 5 2 2 2 8 8 5 4 4 4 2 1 2 8 5 5 5 5 2 8 2 3 6 3 3 3 3 8 3 1 2 1 8 8 1 5 5 5 5 5 5 6 6 6 2 1 6 6 6 6 1]
I; MQ:  4,8206; MV:   34; DT:   20; SOL: [7 0 7 7 0 0 0 0 0 0 0 0 0 0 0 0 0 0 0 0 5 0 0 0 1 1 1 1 1 1 1 9 1 1 1 1 2 2 8 2 8 4 2 2 2 5 2 2 2 1 8 5 4 4 4 2 1 2 8 5 5 5 5 2 8 2 3 6 3 3 3 3 8 3 1 2 1 8 9 1 5 5 5 5 5 5 6 6 6 2 1 6 6 6 6 1]
I; MQ:  4,8882; MV:   35; DT:   23; SOL: [7 0 7 7 0 0 0 0 0 0 0 0 0 0 0 0 0 0 0 0 5 0 0 0 1 1 1 1 1 1 1 9 1 1 1 1 8 2 8 2 8 4 2 2 2 5 2 9 2 1 8 5 4 4 4 2 1 2 8 2 5 5 5 2 8 2 3 6 3 3 3 3 3 9 1 2 1 8 9 1 5 5 5 5 5 5 6 6 6 2 1 6 6 6 6 1]
I; MQ:  5,0422; MV:   36; DT:   27; SOL: [7 0 7 7 0 0 0 0 0 0 0 0 0 0 0 0 0 0 0 0 5 0 0 0 1 1 1 1 1 1 1 9 1 1 1 1 8 2 8 2 8 4 2 2 2 5 2 9 9 10 10 5 4 4 4 2 1 2 8 2 5 5 5 2 8 2 3 6 3 3 3 3 3 9 1 2 1 10 10 1 5 5 5 5 5 5 6 6 6 2 1 6 6 6 6 1]
I; MQ:  5,1550; MV:   38; DT:   30; SOL: [7 0 7 7 0 0 0 0 0 0 0 0 0 0 0 0 0 0 0 0 5 0 0 0 9 1 1 9 1 1 1 9 1 1 1 1 8 2 8 2 8 4 2 2 2 5 2 9 9 10 10 5 4 4 4 2 2 2 8 2 5 5 5 2 8 2 3 6 3 3 3 3 10 9 1 2 3 10 10 1 5 5 5 5 5 5 6 6 6 2 1 6 6 6 6 1]
I; MQ:  5,1899; MV:   40; DT:   34; SOL: [7 0 7 7 0 0 0 0 0 0 0 0 0 0 0 0 0 0 0 0 5 0 0 0 9 9 1 9 1 1 1 9 1 1 1 1 8 2 8 2 8 4 2 2 2 5 2 9 9 10 10 5 4 4 4 2 3 2 8 2 5 5 5 2 8 2 3 6 3 3 3 3 10 9 1 2 3 10 2 2 5 5 5 5 5 5 6 6 6 2 1 6 6 6 6 10]
I; MQ:  5,2701; MV:   43; DT:   36; SOL: [7 0 7 7 0 0 0 0 0 0 0 0 0 0 0 0 0 0 0 0 5 0 0 0 9 9 1 9 1 1 1 9 2 1 1 1 8 2 8 2 8 4 2 2 2 5 2 9 9 10 10 5 4 4 4 2 3 2 8 2 5 5 5 2 8 2 3 6 3 3 3 3 10 9 2 2 3 10 2 2 2 2 5 5 5 5 6 6 6 2 0 6 6 6 6 10]
I; MQ:  5,3668; MV:   44; DT:   39; SOL: [7 2 7 7 0 0 0 0 0 0 0 0 0 0 0 0 0 0 0 0 5 0 0 0 9 1 1 9 10 1 1 9 10 1 1 1 8 2 8 2 8 4 2 2 2 5 2 9 9 10 10 5 4 4 4 2 3 2 8 2 5 5 5 2 8 2 3 6 3 3 3 3 10 9 2 2 3 10 2 2 2 2 5 5 5 5 6 6 6 2 2 6 6 6 6 10]
I; MQ:  5,6374; MV:   44; DT:   41; SOL: [7 7 7 7 0 0 0 0 0 0 0 0 0 0 0 0 0 0 0 0 5 0 0 0 9 1 1 9 10 1 1 9 10 1 1 1 8 2 8 2 8 4 2 2 2 5 2 9 9 10 10 5 4 4 4 2 3 2 8 2 5 5 5 2 8 2 3 6 3 3 3 3 10 9 2 2 3 10 2 2 2 2 5 5 5 5 6 6 6 8 2 6 6 6 6 10]

Cycle #16: jpassword
S; MQ:  3,2753; MV:    0; DT:    0; SOL: [0 0 0 0 0 0 0 0 0 0 0 0 0 0 0 0 0 0 0 0 0 0 0 0 1 1 1 1 1 1 1 1 1 1 1 1 2 2 2 2 2 2 2 2 2 2 2 2 2 2 2 2 2 2 2 2 2 2 2 2 2 2 2 2 2 3 3 3 3 3 3 3 3 3 4 4 4 4 4 4 5 5 5 5 5 5 6 6 6 6 6 6 6 6 6 6]
C; MQ:  5,2064; MV:   44; DT:    0; SOL: [0 0 0 0 0 0 7 7 7 7 0 0 0 7 8 8 8 8 8 8 5 8 0 0 1 1 1 4 2 1 1 4 2 1 1 1 4 3 4 2 4 2 2 2 2 5 3 4 4 2 4 5 2 2 2 2 3 4 4 2 2 2 2 2 4 3 3 6 3 3 3 3 3 4 2 2 3 2 2 2 2 2 5 5 5 5 6 6 6 4 2 6 6 6 6 2]
I; MQ:  3,3470; MV:    5; DT:    0; SOL: [0 0 0 0 0 0 0 0 0 0 0 0 0 0 0 0 0 0 0 0 0 0 0 0 1 1 1 1 1 1 1 1 1 1 1 1 2 2 2 2 2 2 2 2 2 2 2 2 2 2 2 0 2 2 2 2 2 2 2 4 2 2 2 2 2 3 3 3 3 4 3 3 3 3 1 2 4 4 4 4 5 5 5 5 5 5 6 6 6 6 6 6 6 6 6 6]
I; MQ:  3,3783; MV:   10; DT:    0; SOL: [0 0 4 0 0 0 0 0 0 0 0 0 0 0 0 0 0 0 0 0 0 0 0 0 1 1 1 1 1 1 1 1 1 1 1 1 2 2 4 2 2 2 2 2 2 2 2 2 2 2 2 0 2 2 2 2 2 2 2 4 4 4 2 4 2 3 3 3 3 4 3 3 3 3 1 2 4 4 4 4 5 5 5 5 5 5 6 6 6 6 6 6 6 6 6 6]
I; MQ:  3,4438; MV:   12; DT:    2; SOL: [0 0 0 0 0 0 0 0 0 0 0 0 0 0 0 0 0 0 0 0 0 0 0 0 1 1 1 4 1 1 1 4 1 1 1 1 2 6 4 2 2 2 2 2 2 2 2 2 2 2 2 0 2 2 2 2 2 2 2 4 4 4 2 4 2 3 3 3 3 4 3 3 3 3 2 2 4 4 4 4 5 5 5 5 5 5 6 6 6 6 6 6 6 6 6 6]
I; MQ:  3,6341; MV:   16; DT:    3; SOL: [0 0 0 0 0 0 0 0 0 0 0 0 0 0 7 7 0 0 0 7 0 0 0 0 1 1 1 4 1 1 1 4 1 1 1 1 2 7 4 2 2 2 2 2 2 2 2 2 2 2 2 0 2 2 2 2 2 2 2 4 4 4 2 4 2 3 3 6 3 4 3 3 3 3 2 2 4 4 4 4 5 5 5 5 5 5 6 6 6 6 6 6 6 6 6 6]
I; MQ:  3,8420; MV:   18; DT:    6; SOL: [0 0 0 0 0 0 7 0 0 0 0 0 0 7 8 8 0 0 0 7 0 0 0 0 1 1 1 4 1 1 1 4 1 1 1 1 2 8 4 2 2 2 2 2 2 2 2 2 2 2 2 0 2 2 2 2 2 2 2 4 4 4 2 4 2 3 3 6 3 4 3 3 3 3 2 2 4 4 4 4 5 5 5 5 5 5 6 6 6 6 6 6 6 6 6 6]
I; MQ:  3,8594; MV:   21; DT:    7; SOL: [0 0 0 0 0 0 7 0 0 0 0 0 0 7 8 8 0 0 0 7 0 0 0 0 1 1 1 4 1 1 1 4 1 1 1 1 2 8 4 2 2 2 2 2 2 2 2 2 2 2 2 0 2 2 2 2 2 4 4 4 2 4 2 4 4 3 3 6 3 4 3 3 3 3 2 2 4 4 2 4 5 5 5 5 5 5 6 6 6 6 6 6 6 6 6 6]
I; MQ:  3,8947; MV:   20; DT:   10; SOL: [0 0 0 0 0 0 7 0 0 0 0 0 0 7 8 8 0 0 0 7 0 0 0 0 1 1 1 4 1 1 1 4 1 1 1 1 2 8 4 2 4 2 2 2 2 2 2 4 2 2 2 0 2 2 2 2 2 4 4 2 2 4 2 2 4 3 3 6 3 3 3 3 3 3 2 2 4 4 2 4 5 5 5 5 5 5 6 6 6 6 6 6 6 6 6 6]
I; MQ:  3,9893; MV:   21; DT:   12; SOL: [0 0 0 0 0 0 7 0 0 0 0 0 0 7 8 8 0 0 0 7 0 0 0 0 1 1 1 4 1 1 1 4 1 1 1 1 4 8 4 2 4 2 2 2 2 2 2 4 4 2 2 0 2 2 2 2 2 4 2 2 2 2 2 2 4 3 3 6 3 3 3 3 3 4 2 2 4 4 2 4 5 5 5 5 5 5 6 6 6 6 6 6 6 6 6 6]
I; MQ:  4,1880; MV:   26; DT:   12; SOL: [0 0 0 0 0 0 7 0 0 7 0 0 0 7 8 8 0 0 0 7 0 0 0 0 1 1 1 4 2 1 1 4 2 1 1 1 4 8 4 2 4 2 2 2 2 2 2 4 4 2 2 0 2 2 2 2 2 4 2 2 2 2 2 2 4 3 3 6 3 3 3 3 3 4 2 2 4 2 2 4 5 5 5 5 5 5 6 6 6 4 6 6 6 6 6 6]
I; MQ:  4,3601; MV:   31; DT:   13; SOL: [0 0 0 0 0 0 7 7 0 7 0 0 0 7 8 8 0 0 0 7 0 0 0 0 1 1 1 4 2 1 1 4 2 1 1 1 4 8 4 2 4 2 2 2 2 2 2 4 4 2 4 0 2 2 2 2 2 4 4 2 2 2 2 2 4 3 3 6 3 3 3 3 3 4 2 2 3 2 2 4 5 5 5 5 5 5 6 6 6 4 6 6 6 6 6 2]
I; MQ:  4,4355; MV:   36; DT:   13; SOL: [0 0 0 0 0 0 7 7 2 7 0 0 0 7 8 8 0 0 0 7 0 0 0 0 1 1 1 4 2 1 1 4 2 1 1 1 4 8 4 2 4 2 2 2 2 2 3 4 4 2 4 0 2 2 2 2 3 4 4 2 2 2 2 2 4 3 3 6 3 3 3 3 3 4 2 2 3 2 2 2 5 5 5 5 5 5 6 6 6 4 2 6 6 6 6 2]
I; MQ:  4,5610; MV:   39; DT:   15; SOL: [0 0 0 0 0 0 7 7 2 7 0 0 0 7 8 8 0 0 0 8 5 8 8 0 1 1 1 4 2 1 1 4 2 1 1 1 4 8 4 2 4 2 2 2 2 2 3 4 4 2 4 5 2 2 2 2 3 4 4 2 2 2 2 2 4 3 3 6 3 3 3 3 3 4 2 2 3 2 2 2 5 5 5 5 5 5 6 6 6 4 2 6 6 6 6 2]
I; MQ:  4,7337; MV:   41; DT:   17; SOL: [0 0 0 0 0 0 7 7 2 7 0 0 0 7 8 8 8 8 0 7 5 8 0 0 1 1 1 4 2 1 1 4 2 1 1 1 4 8 4 2 4 2 2 2 2 2 3 4 4 2 4 5 2 2 2 2 3 4 4 2 2 2 2 2 4 3 3 6 3 3 8 3 3 4 2 2 3 2 2 2 5 5 5 5 5 5 6 6 6 4 2 6 6 6 6 2]
I; MQ:  5,0262; MV:   42; DT:   20; SOL: [0 0 0 0 0 0 7 7 7 7 0 0 0 7 8 8 8 8 0 8 5 8 0 0 1 1 1 4 2 1 1 4 2 1 1 1 4 8 4 2 4 2 2 2 2 5 3 4 4 2 4 5 2 2 2 2 3 4 4 2 2 2 2 2 4 3 3 6 3 3 3 3 3 4 2 2 3 2 2 2 5 2 5 5 5 5 6 6 6 4 2 6 6 6 6 2]
I; MQ:  5,2064; MV:   44; DT:   21; SOL: [0 0 0 0 0 0 7 7 7 7 0 0 0 7 8 8 8 8 8 8 5 8 0 0 1 1 1 4 2 1 1 4 2 1 1 1 4 3 4 2 4 2 2 2 2 5 3 4 4 2 4 5 2 2 2 2 3 4 4 2 2 2 2 2 4 3 3 6 3 3 3 3 3 4 2 2 3 2 2 2 2 2 5 5 5 5 6 6 6 4 2 6 6 6 6 2]

Cycle #17: jpassword
S; MQ:  3,2753; MV:    0; DT:    0; SOL: [0 0 0 0 0 0 0 0 0 0 0 0 0 0 0 0 0 0 0 0 0 0 0 0 1 1 1 1 1 1 1 1 1 1 1 1 2 2 2 2 2 2 2 2 2 2 2 2 2 2 2 2 2 2 2 2 2 2 2 2 2 2 2 2 2 3 3 3 3 3 3 3 3 3 4 4 4 4 4 4 5 5 5 5 5 5 6 6 6 6 6 6 6 6 6 6]
C; MQ:  3,9831; MV:   23; DT:    0; SOL: [0 0 0 0 0 0 0 0 0 0 0 0 0 0 0 0 0 0 0 0 5 0 0 0 1 1 1 2 2 1 1 2 2 1 1 1 2 2 2 2 2 2 2 2 2 5 2 2 2 2 2 5 2 2 2 2 4 2 2 5 5 5 5 2 2 2 3 6 3 4 3 3 3 3 1 2 4 2 2 2 5 5 5 5 5 5 6 6 6 2 1 6 6 6 6 1]
I; MQ:  3,3710; MV:    5; DT:    0; SOL: [0 0 0 0 0 0 0 0 0 0 0 0 0 0 0 0 0 0 0 0 0 0 0 0 1 1 1 1 1 1 1 1 1 1 1 1 2 2 2 2 2 2 2 2 2 2 2 2 2 2 2 2 2 2 2 2 4 2 2 2 2 2 2 2 2 3 3 3 3 4 3 3 3 3 1 2 4 4 2 4 5 5 5 5 5 5 6 6 6 6 6 6 6 6 6 6]
I; MQ:  3,4368; MV:    8; DT:    1; SOL: [0 0 0 0 0 0 0 0 0 0 0 0 0 0 0 0 0 0 0 0 0 0 0 0 1 1 1 1 1 1 1 1 1 1 1 1 2 2 2 2 2 2 2 2 2 2 2 2 2 2 2 0 2 2 2 2 4 2 2 4 2 4 2 2 2 3 3 6 3 4 3 3 3 3 1 2 4 4 4 4 5 5 5 5 5 5 6 6 6 6 6 6 6 6 6 6]
I; MQ:  3,5264; MV:   13; DT:    2; SOL: [0 0 0 0 0 0 0 0 0 0 0 0 0 0 0 0 0 0 0 0 0 0 0 0 1 1 1 1 1 1 1 1 1 1 1 1 2 2 2 2 2 2 2 2 2 2 2 2 2 2 2 0 2 2 2 2 4 2 2 4 2 4 2 4 2 2 3 6 3 4 3 3 3 3 1 2 4 4 2 2 5 5 5 5 5 5 6 6 6 0 6 6 6 6 6 6]
I; MQ:  3,6876; MV:   16; DT:    4; SOL: [0 0 0 0 0 0 0 0 0 0 0 0 0 0 0 0 0 0 0 0 0 0 0 0 1 1 1 1 1 1 1 1 1 1 1 1 2 2 2 2 2 2 2 2 2 5 2 2 2 2 2 5 2 2 2 2 4 2 2 4 2 4 4 4 2 2 3 6 3 4 3 3 3 3 1 2 4 2 2 2 5 5 5 5 5 5 6 6 6 2 6 6 6 6 6 6]
I; MQ:  3,8476; MV:   15; DT:    8; SOL: [0 0 0 0 0 0 0 0 0 0 0 0 0 0 0 0 0 0 0 0 0 0 0 0 1 1 1 1 1 1 1 1 1 1 1 1 2 2 2 2 2 2 2 2 2 5 2 2 2 2 2 5 2 2 2 2 4 2 2 2 2 5 5 2 2 2 3 6 3 4 3 3 3 3 1 2 4 2 2 2 5 5 5 5 5 5 6 6 6 2 6 6 6 6 6 0]
I; MQ:  3,9018; MV:   19; DT:    9; SOL: [0 0 0 0 0 0 0 0 0 0 0 0 0 0 0 0 0 0 0 0 0 0 0 0 1 1 1 2 0 1 1 1 2 1 1 1 2 2 2 2 2 2 2 2 2 5 2 2 2 2 2 5 2 2 2 2 4 2 2 2 2 5 5 2 2 2 3 6 3 4 3 3 3 3 1 2 4 2 2 2 5 5 5 5 5 5 6 6 6 2 1 6 6 6 6 1]
I; MQ:  3,9831; MV:   23; DT:   11; SOL: [0 0 0 0 0 0 0 0 0 0 0 0 0 0 0 0 0 0 0 0 5 0 0 0 1 1 1 2 2 1 1 2 2 1 1 1 2 2 2 2 2 2 2 2 2 5 2 2 2 2 2 5 2 2 2 2 4 2 2 5 5 5 5 2 2 2 3 6 3 4 3 3 3 3 1 2 4 2 2 2 5 5 5 5 5 5 6 6 6 2 1 6 6 6 6 1]

Cycle #18: jpassword
S; MQ:  3,2753; MV:    0; DT:    0; SOL: [0 0 0 0 0 0 0 0 0 0 0 0 0 0 0 0 0 0 0 0 0 0 0 0 1 1 1 1 1 1 1 1 1 1 1 1 2 2 2 2 2 2 2 2 2 2 2 2 2 2 2 2 2 2 2 2 2 2 2 2 2 2 2 2 2 3 3 3 3 3 3 3 3 3 4 4 4 4 4 4 5 5 5 5 5 5 6 6 6 6 6 6 6 6 6 6]
C; MQ:  3,9898; MV:   23; DT:    0; SOL: [0 0 0 0 0 0 0 0 0 0 0 0 0 0 0 0 0 0 0 0 5 0 0 0 1 1 1 4 4 1 1 4 4 1 1 1 2 2 2 2 2 4 2 2 2 5 2 2 2 4 2 5 4 4 4 2 4 2 2 5 5 5 5 2 2 2 3 6 3 3 3 3 3 2 4 4 4 4 4 4 5 5 5 5 5 5 6 6 6 2 4 6 6 6 6 4]
I; MQ:  3,4159; MV:    5; DT:    0; SOL: [0 0 0 0 0 0 0 0 0 0 0 0 0 0 0 0 0 0 0 0 0 0 0 0 1 1 1 4 1 1 1 1 1 1 1 1 2 2 2 2 2 4 2 2 2 2 2 2 2 2 2 0 4 2 4 2 2 2 2 2 2 2 2 2 2 3 3 3 3 3 3 3 3 3 4 4 4 4 4 4 5 5 5 5 5 5 6 6 6 6 6 6 6 6 6 6]
I; MQ:  3,5070; MV:    9; DT:    1; SOL: [0 0 0 0 0 0 0 0 0 0 0 0 0 0 0 0 0 0 5 0 0 0 0 0 1 1 1 4 1 1 1 1 1 1 1 1 2 2 2 2 2 4 2 2 2 5 2 2 2 2 2 5 4 2 4 2 2 2 2 2 2 2 2 2 2 2 3 6 3 3 3 3 3 3 4 4 4 4 4 4 5 5 5 5 5 5 6 6 6 6 6 6 6 6 6 6]
I; MQ:  3,6115; MV:   12; DT:    2; SOL: [0 0 0 0 0 0 0 0 0 0 0 0 0 0 0 0 0 0 0 0 0 0 0 0 1 1 1 4 1 1 1 1 1 1 1 1 2 2 2 2 2 4 2 2 2 5 2 2 2 4 2 5 4 2 4 2 2 2 2 2 5 2 5 2 2 2 3 6 3 3 3 3 3 2 4 4 4 4 4 4 5 5 5 5 5 5 6 6 6 6 6 6 6 6 6 6]
I; MQ:  3,7258; MV:   17; DT:    2; SOL: [0 0 0 0 0 0 0 0 0 0 0 0 0 0 0 0 0 0 0 0 0 0 0 0 1 1 1 4 1 1 1 4 1 1 1 1 2 2 2 2 2 4 2 2 2 5 2 2 2 4 2 5 4 4 4 2 2 2 2 2 5 2 5 2 2 2 3 6 3 3 3 3 3 2 1 2 4 4 4 4 5 5 5 5 5 5 6 6 6 0 6 6 6 6 6 6]
I; MQ:  3,8345; MV:   19; DT:    4; SOL: [0 0 0 0 0 0 0 0 0 0 0 0 0 0 0 0 0 0 0 0 5 0 0 0 1 1 1 4 1 1 1 4 1 1 1 1 2 2 2 2 2 4 2 2 2 5 2 2 2 4 2 5 4 4 4 2 2 2 2 2 5 2 5 2 2 2 3 6 3 3 3 3 3 3 1 2 4 4 4 4 5 5 5 5 5 5 6 6 6 2 1 6 6 6 6 4]
I; MQ:  3,8708; MV:   22; DT:    6; SOL: [0 0 0 0 0 0 0 0 0 0 0 0 0 0 0 0 0 0 0 0 5 0 0 0 1 1 1 4 1 1 1 4 1 1 1 1 2 2 2 2 2 4 2 2 2 5 2 2 2 4 2 5 4 4 4 2 4 2 2 5 5 5 5 2 2 2 3 6 3 3 3 3 3 2 1 4 4 4 4 4 5 5 5 5 5 5 6 6 6 2 1 6 6 6 6 4]
I; MQ:  3,9898; MV:   23; DT:    8; SOL: [0 0 0 0 0 0 0 0 0 0 0 0 0 0 0 0 0 0 0 0 5 0 0 0 1 1 1 4 4 1 1 4 4 1 1 1 2 2 2 2 2 4 2 2 2 5 2 2 2 4 2 5 4 4 4 2 4 2 2 5 5 5 5 2 2 2 3 6 3 3 3 3 3 2 4 4 4 4 4 4 5 5 5 5 5 5 6 6 6 2 4 6 6 6 6 4]

Cycle #19: jpassword
S; MQ:  3,2753; MV:    0; DT:    0; SOL: [0 0 0 0 0 0 0 0 0 0 0 0 0 0 0 0 0 0 0 0 0 0 0 0 1 1 1 1 1 1 1 1 1 1 1 1 2 2 2 2 2 2 2 2 2 2 2 2 2 2 2 2 2 2 2 2 2 2 2 2 2 2 2 2 2 3 3 3 3 3 3 3 3 3 4 4 4 4 4 4 5 5 5 5 5 5 6 6 6 6 6 6 6 6 6 6]
C; MQ:  3,9898; MV:   23; DT:    0; SOL: [0 0 0 0 0 0 0 0 0 0 0 0 0 0 0 0 0 0 0 0 5 0 0 0 1 1 1 4 4 1 1 4 4 1 1 1 2 2 2 2 2 4 2 2 2 5 2 2 2 4 2 5 4 4 4 2 4 2 2 5 5 5 5 2 2 2 3 6 3 3 3 3 3 2 4 4 4 4 4 4 5 5 5 5 5 5 6 6 6 2 4 6 6 6 6 4]
I; MQ:  3,4622; MV:    5; DT:    0; SOL: [0 0 0 0 0 0 0 0 0 0 0 0 0 0 0 0 0 0 0 0 0 0 0 0 1 1 1 1 1 1 1 1 4 1 1 1 2 2 2 2 2 2 2 2 2 2 2 2 2 2 2 2 4 2 4 2 2 2 2 2 2 2 2 2 2 2 3 3 3 3 3 3 3 3 4 4 4 4 2 4 5 5 5 5 5 5 6 6 6 6 6 6 6 6 6 6]
I; MQ:  3,6564; MV:   10; DT:    0; SOL: [0 0 0 0 0 0 0 0 0 0 0 0 0 0 0 0 0 0 0 0 0 0 0 0 1 1 1 1 1 1 1 2 4 1 1 1 2 2 2 2 2 4 2 2 2 2 2 2 2 4 2 2 4 2 4 2 2 2 2 2 2 2 2 2 2 2 3 6 3 3 3 3 3 3 4 4 4 4 2 4 5 5 5 5 5 5 6 6 6 6 6 6 6 6 6 4]
I; MQ:  3,7985; MV:   14; DT:    1; SOL: [0 0 0 0 0 0 0 0 0 0 0 0 0 0 0 0 0 0 0 0 5 0 0 0 1 1 1 4 1 1 1 4 4 1 1 1 2 2 2 2 2 4 2 2 2 2 2 2 2 4 2 5 4 2 4 2 2 2 2 2 2 2 2 2 2 2 3 6 3 3 3 3 3 3 4 4 4 4 2 4 5 5 5 5 5 5 6 6 6 2 6 6 6 6 6 4]
I; MQ:  3,9086; MV:   19; DT:    1; SOL: [0 0 0 0 0 0 0 0 0 0 0 0 0 0 0 0 0 0 0 0 5 0 0 0 1 1 1 4 4 1 1 4 4 1 1 1 2 2 2 2 2 4 2 2 2 5 2 2 4 4 2 5 4 4 4 2 2 2 2 2 2 2 2 2 2 2 3 6 3 3 3 3 3 3 4 4 4 4 2 4 5 5 5 5 5 5 6 6 6 2 4 6 6 6 6 4]
I; MQ:  3,9516; MV:   20; DT:    3; SOL: [0 0 0 0 0 0 0 0 0 0 0 0 0 0 0 0 0 0 0 0 5 0 0 0 1 1 1 4 4 1 1 4 4 1 1 1 2 2 2 2 2 4 2 2 2 5 2 2 2 4 2 5 4 4 4 2 2 2 2 2 5 2 5 2 2 2 3 6 3 3 3 3 3 3 4 2 4 4 4 4 5 5 5 5 5 5 6 6 6 2 4 6 6 6 6 4]
I; MQ:  3,9898; MV:   23; DT:    4; SOL: [0 0 0 0 0 0 0 0 0 0 0 0 0 0 0 0 0 0 0 0 5 0 0 0 1 1 1 4 4 1 1 4 4 1 1 1 2 2 2 2 2 4 2 2 2 5 2 2 2 4 2 5 4 4 4 2 4 2 2 5 5 5 5 2 2 2 3 6 3 3 3 3 3 2 4 4 4 4 4 4 5 5 5 5 5 5 6 6 6 2 4 6 6 6 6 4]

Cycle #20: jpassword
S; MQ:  3,2753; MV:    0; DT:    0; SOL: [0 0 0 0 0 0 0 0 0 0 0 0 0 0 0 0 0 0 0 0 0 0 0 0 1 1 1 1 1 1 1 1 1 1 1 1 2 2 2 2 2 2 2 2 2 2 2 2 2 2 2 2 2 2 2 2 2 2 2 2 2 2 2 2 2 3 3 3 3 3 3 3 3 3 4 4 4 4 4 4 5 5 5 5 5 5 6 6 6 6 6 6 6 6 6 6]
C; MQ:  4,0148; MV:   30; DT:    0; SOL: [0 0 0 0 0 0 0 0 0 0 0 0 0 0 0 0 0 0 0 0 5 0 0 0 1 1 1 2 4 1 1 2 4 1 1 1 2 4 2 4 2 2 4 4 4 5 4 2 2 2 2 5 2 2 2 2 3 2 2 4 5 5 5 4 2 4 3 6 3 3 3 3 3 2 2 2 3 2 4 2 5 5 5 5 5 5 6 6 6 2 2 6 6 6 6 2]
I; MQ:  3,3864; MV:    5; DT:    0; SOL: [0 0 0 0 0 0 0 0 0 0 0 0 0 0 0 0 0 0 0 0 0 0 0 0 1 1 1 1 1 1 1 1 1 1 1 1 2 4 2 2 2 2 2 2 2 5 2 2 2 2 2 2 2 2 2 2 2 2 2 2 2 2 2 2 2 3 3 6 3 3 3 3 3 3 1 4 4 4 4 4 5 5 5 5 5 5 6 6 6 6 4 6 6 6 6 6]
I; MQ:  3,4843; MV:   10; DT:    0; SOL: [0 0 0 0 0 0 0 0 0 0 0 0 0 0 0 0 0 0 0 0 0 0 0 0 1 1 1 1 1 1 1 1 1 1 1 1 2 4 4 2 2 2 4 2 4 5 2 2 2 2 2 5 2 2 2 2 2 2 2 2 2 2 2 2 2 3 3 6 3 3 3 3 3 3 1 4 4 2 4 4 5 5 5 5 5 5 6 6 6 6 4 6 6 6 6 6]
I; MQ:  3,5442; MV:   13; DT:    1; SOL: [0 0 0 0 0 0 0 0 0 0 0 0 0 0 0 0 0 0 0 0 0 0 0 0 1 1 1 1 1 1 1 1 1 1 1 1 2 4 4 4 2 2 4 4 4 5 4 2 2 2 2 5 2 2 2 2 2 2 2 2 2 2 2 2 2 3 3 6 3 3 3 3 3 3 1 4 3 2 4 4 5 5 5 5 5 5 6 6 6 6 6 6 6 6 6 6]
I; MQ:  3,6356; MV:   16; DT:    3; SOL: [0 0 0 0 0 0 0 0 0 0 0 0 0 0 0 0 0 0 0 0 0 0 0 0 1 1 1 1 1 1 1 1 1 1 1 1 2 4 2 4 2 2 4 4 4 5 4 2 2 2 2 5 2 2 2 2 2 2 2 2 2 2 5 2 2 3 3 6 3 3 3 3 3 2 1 4 3 2 4 4 5 5 5 5 5 5 6 6 6 6 4 6 6 6 6 4]
I; MQ:  3,7406; MV:   18; DT:    5; SOL: [0 0 0 0 0 0 0 0 0 0 0 0 0 0 0 0 0 0 0 0 0 0 0 0 1 1 1 1 1 1 1 1 4 1 1 1 2 4 2 4 2 2 4 4 4 5 4 2 2 2 2 5 2 2 2 2 2 2 2 4 2 5 5 2 2 3 3 6 3 3 3 3 3 2 1 4 3 2 4 4 5 5 5 5 5 5 6 6 6 6 6 6 6 6 6 1]
I; MQ:  3,8624; MV:   23; DT:    5; SOL: [0 0 0 0 0 0 0 0 0 0 0 0 0 0 0 0 0 0 0 0 0 0 0 0 1 1 1 1 4 1 1 1 4 1 1 1 2 4 2 4 2 2 4 4 4 5 4 2 2 2 2 5 2 2 2 2 3 2 2 4 5 5 5 4 2 3 3 6 3 3 3 3 3 2 1 4 3 2 4 4 5 5 5 5 5 5 6 6 6 0 6 6 6 6 6 1]
I; MQ:  3,9189; MV:   27; DT:    7; SOL: [0 0 0 0 0 0 0 0 0 0 0 0 0 0 0 0 0 0 0 0 0 0 0 0 1 1 1 2 4 1 1 2 4 1 1 1 2 4 2 4 2 2 4 4 4 5 4 2 2 2 2 5 2 2 2 2 3 2 2 4 5 5 5 4 2 3 3 6 3 3 3 3 3 2 1 4 3 2 4 2 5 5 5 5 5 5 6 6 6 2 1 6 6 6 6 1]
I; MQ:  4,0001; MV:   29; DT:   10; SOL: [0 0 0 0 0 0 0 0 0 0 0 0 0 0 0 0 0 0 0 0 0 0 0 0 1 1 1 2 4 1 1 2 4 1 1 1 2 4 2 4 2 2 4 4 4 5 4 2 2 2 2 5 2 2 2 2 3 2 2 4 5 5 5 4 2 4 3 6 3 3 3 3 3 2 2 2 3 2 4 2 5 5 5 5 5 5 6 6 6 2 2 6 6 6 6 2]
I; MQ:  4,0148; MV:   30; DT:   10; SOL: [0 0 0 0 0 0 0 0 0 0 0 0 0 0 0 0 0 0 0 0 5 0 0 0 1 1 1 2 4 1 1 2 4 1 1 1 2 4 2 4 2 2 4 4 4 5 4 2 2 2 2 5 2 2 2 2 3 2 2 4 5 5 5 4 2 4 3 6 3 3 3 3 3 2 2 2 3 2 4 2 5 5 5 5 5 5 6 6 6 2 2 6 6 6 6 2]

Cycle #21: jpassword
S; MQ:  3,2753; MV:    0; DT:    0; SOL: [0 0 0 0 0 0 0 0 0 0 0 0 0 0 0 0 0 0 0 0 0 0 0 0 1 1 1 1 1 1 1 1 1 1 1 1 2 2 2 2 2 2 2 2 2 2 2 2 2 2 2 2 2 2 2 2 2 2 2 2 2 2 2 2 2 3 3 3 3 3 3 3 3 3 4 4 4 4 4 4 5 5 5 5 5 5 6 6 6 6 6 6 6 6 6 6]
C; MQ:  6,1218; MV:   55; DT:    0; SOL: [7 7 7 7 9 9 0 0 0 0 0 0 0 0 9 10 9 9 9 9 5 9 9 9 11 11 11 11 4 11 11 11 4 1 1 1 2 10 2 4 2 4 10 10 10 5 4 11 2 4 2 5 4 4 4 4 8 4 2 8 8 5 5 8 2 10 3 6 3 8 3 3 3 2 4 4 8 4 4 4 5 5 5 5 5 5 6 6 6 2 4 6 6 6 6 4]
I; MQ:  3,4556; MV:    5; DT:    0; SOL: [0 0 0 0 0 0 0 0 0 0 0 0 0 0 0 0 0 0 0 0 0 0 0 0 1 1 1 1 1 1 1 1 4 1 1 1 2 2 2 2 2 2 2 2 2 2 2 2 2 2 2 2 4 2 2 2 2 2 2 2 2 2 2 2 2 3 3 3 3 3 3 3 3 3 4 4 3 4 2 4 5 5 5 5 5 5 6 6 6 6 4 6 6 6 6 6]
I; MQ:  3,5035; MV:   10; DT:    0; SOL: [0 0 0 0 0 0 0 0 0 0 0 0 0 0 0 0 0 0 0 0 0 0 0 0 1 1 1 1 1 1 1 1 4 1 1 1 2 6 4 2 2 2 2 2 2 2 2 2 2 4 2 0 4 2 2 2 2 2 2 2 2 2 2 2 2 3 3 3 3 3 3 3 3 2 4 4 3 4 2 4 5 5 5 5 5 5 6 6 6 6 4 6 6 6 6 6]
I; MQ:  3,5546; MV:   14; DT:    1; SOL: [0 0 0 0 0 0 0 0 0 0 0 0 0 0 0 0 0 0 5 0 0 0 0 0 1 1 1 1 1 1 1 1 4 1 1 1 4 6 4 2 2 2 2 2 2 5 2 2 2 4 2 5 4 2 2 2 2 2 2 2 2 2 2 2 4 3 3 3 3 3 3 3 3 2 4 4 3 4 2 4 5 5 5 5 5 5 6 6 6 6 4 6 6 6 6 6]
I; MQ:  3,5825; MV:   13; DT:    4; SOL: [0 0 0 0 0 0 0 0 0 0 0 0 0 0 0 0 0 0 5 0 0 0 0 0 1 1 1 1 1 1 1 1 4 1 1 1 2 6 2 2 2 2 2 2 2 5 2 2 2 4 2 5 4 4 4 2 2 2 2 2 2 2 2 2 2 3 3 3 3 3 3 3 3 2 4 4 3 4 2 4 5 5 5 5 5 5 6 6 6 6 4 6 6 6 6 6]
I; MQ:  3,6183; MV:   14; DT:    6; SOL: [0 0 0 0 0 0 0 0 0 0 0 0 0 0 0 0 0 0 0 0 5 0 0 0 1 1 1 1 1 1 1 1 4 1 1 1 2 2 2 2 2 2 2 2 2 5 2 2 2 4 2 5 4 4 4 2 2 2 2 2 2 2 2 2 2 2 3 3 3 3 3 3 3 2 4 2 3 4 2 4 5 5 5 5 5 5 6 6 6 6 4 6 6 6 6 6]
I; MQ:  3,7367; MV:   17; DT:    7; SOL: [0 0 0 0 0 0 0 0 0 0 0 0 0 0 0 0 0 0 0 0 5 0 0 0 1 1 1 1 1 1 1 1 4 1 1 1 2 2 2 2 2 2 2 2 2 5 2 2 2 4 2 5 4 4 4 2 3 2 2 2 2 2 5 2 2 2 3 6 3 3 3 3 3 2 4 2 3 4 4 4 5 5 5 5 5 5 6 6 6 2 4 6 6 6 6 6]
I; MQ:  3,8174; MV:   20; DT:    8; SOL: [0 0 0 0 0 0 0 0 0 0 0 0 0 0 0 0 0 0 0 0 5 0 0 0 1 1 1 4 1 1 1 1 4 1 1 1 2 2 2 2 2 2 2 2 2 5 2 2 2 4 2 5 4 4 4 2 3 2 2 5 5 5 5 2 2 2 3 6 3 3 3 3 3 2 4 4 3 4 4 4 5 5 5 5 5 5 6 6 6 2 4 6 6 6 6 6]
I; MQ:  3,9865; MV:   24; DT:   10; SOL: [0 0 7 0 0 0 0 0 0 0 0 0 0 0 0 0 0 0 0 0 5 0 0 0 1 1 1 4 1 1 1 1 4 1 1 1 2 2 2 2 2 2 2 2 2 5 2 2 2 4 2 5 4 4 4 2 3 2 2 7 5 5 5 7 2 2 3 6 3 3 3 3 3 2 4 4 3 4 7 4 5 5 5 5 5 5 6 6 6 2 4 6 6 6 6 4]
I; MQ:  4,2822; MV:   25; DT:   14; SOL: [0 0 7 7 0 0 0 0 0 0 0 0 0 0 0 0 0 0 0 0 5 0 0 0 1 1 1 4 1 1 1 1 4 1 1 1 2 2 2 2 2 2 2 2 2 5 2 2 2 4 2 5 4 4 4 2 3 2 2 8 5 8 5 8 2 2 3 6 3 3 3 3 3 2 4 4 3 4 8 4 5 5 5 5 5 5 6 6 6 2 4 6 6 6 6 4]
I; MQ:  4,5161; MV:   28; DT:   16; SOL: [7 0 7 7 0 0 0 0 0 0 0 0 0 0 0 9 0 0 0 0 5 0 0 0 1 1 1 4 1 1 1 1 4 1 1 1 2 2 2 2 2 2 2 2 9 5 2 2 2 4 2 5 4 4 4 2 3 2 2 8 8 8 5 8 2 2 3 6 3 3 3 3 3 2 4 4 3 4 9 4 5 5 5 5 5 5 6 6 6 2 4 6 6 6 6 4]
I; MQ:  4,6918; MV:   31; DT:   19; SOL: [7 0 7 7 0 0 0 0 0 0 0 0 0 0 9 9 0 0 0 0 5 0 0 0 1 1 1 4 1 1 1 1 4 1 1 1 2 10 2 2 2 2 2 2 10 5 10 2 2 4 2 5 4 4 4 2 3 2 2 8 8 8 5 8 2 2 3 6 3 3 3 3 3 2 4 4 3 4 10 4 5 5 5 5 5 5 6 6 6 2 4 6 6 6 6 4]
I; MQ:  4,8070; MV:   36; DT:   20; SOL: [7 0 7 7 0 0 0 0 0 0 0 0 0 0 9 9 0 9 5 0 5 9 9 0 1 1 1 4 1 1 1 1 4 1 1 1 2 10 2 2 2 2 2 2 10 5 10 2 2 4 2 5 4 4 4 2 3 2 2 8 8 8 5 8 2 2 10 6 3 3 3 3 3 2 4 4 3 4 10 4 5 5 5 5 5 5 6 6 6 2 4 6 6 6 6 4]
I; MQ:  4,9415; MV:   40; DT:   21; SOL: [7 0 7 7 1 9 0 0 0 0 0 0 0 0 9 9 0 9 9 0 5 9 9 9 1 1 1 4 1 1 1 1 4 1 1 1 2 10 2 10 2 2 2 2 10 5 10 2 2 4 2 5 4 4 4 2 3 2 2 8 8 8 5 8 2 2 10 6 3 3 3 3 3 2 4 4 3 4 10 4 5 5 5 5 5 5 6 6 6 2 4 6 6 6 6 4]
I; MQ:  5,3880; MV:   40; DT:   25; SOL: [7 7 7 7 9 9 0 0 0 0 0 0 0 0 9 9 0 9 9 0 5 9 9 9 1 1 1 4 1 1 1 1 4 1 1 1 2 10 2 10 2 2 2 2 10 5 10 2 2 4 2 5 4 4 4 2 8 2 2 8 8 8 5 8 2 10 3 6 3 3 3 3 3 2 4 4 3 4 10 4 5 5 5 5 5 5 6 6 6 2 4 6 6 6 6 4]
I; MQ:  5,4836; MV:   42; DT:   28; SOL: [7 7 7 7 9 9 0 0 0 0 0 0 0 0 9 9 0 9 9 0 5 9 9 9 1 1 1 4 1 1 1 1 4 1 1 1 2 10 2 10 2 2 10 2 10 5 10 2 2 4 2 5 4 4 4 2 8 2 2 8 8 5 5 8 2 10 3 6 3 8 3 3 3 2 4 4 8 4 11 4 5 5 5 5 5 5 6 6 6 2 4 6 6 6 6 4]
I; MQ:  5,6240; MV:   45; DT:   30; SOL: [7 7 11 7 9 9 0 0 0 0 0 0 0 0 9 9 4 9 9 0 5 9 9 9 1 1 1 4 1 1 1 1 4 1 1 1 2 10 2 10 2 2 10 10 10 5 4 2 2 4 2 5 4 4 4 4 8 2 2 8 8 5 5 8 2 10 3 6 3 8 3 3 3 2 4 4 8 4 11 4 5 5 5 5 5 5 6 6 6 2 4 6 6 6 6 4]
I; MQ:  5,7452; MV:   48; DT:   32; SOL: [7 7 11 7 9 9 0 0 0 0 0 0 0 0 9 9 9 9 9 9 5 9 9 9 1 1 1 4 1 1 1 1 4 1 1 1 2 10 2 4 2 2 10 10 10 5 4 4 2 4 2 5 4 4 4 4 8 4 2 8 8 5 5 8 2 10 3 6 3 8 3 3 3 2 4 4 8 4 11 4 5 5 5 5 5 5 6 6 6 2 4 6 6 6 6 4]
I; MQ:  5,8361; MV:   50; DT:   35; SOL: [7 7 11 7 9 9 0 0 0 0 0 0 0 0 9 10 9 9 9 9 5 9 9 9 1 1 1 4 4 1 1 2 4 1 1 1 2 10 4 4 2 2 10 10 10 5 4 2 2 4 2 5 4 4 4 4 8 4 2 8 8 5 5 8 2 10 3 6 3 8 3 3 3 2 4 4 8 4 11 4 5 5 5 5 5 5 6 6 6 2 4 6 6 6 6 4]
I; MQ:  5,9379; MV:   51; DT:   40; SOL: [7 7 7 7 9 9 0 0 0 0 0 0 0 0 9 10 9 9 9 9 5 9 9 9 1 1 1 11 4 1 1 11 4 1 1 1 2 10 4 4 2 2 10 10 10 5 4 11 2 4 2 5 4 4 4 4 8 4 2 8 8 5 5 8 2 10 3 6 3 8 3 3 3 2 4 4 8 4 11 4 5 5 5 5 5 5 6 6 6 4 4 6 6 6 6 4]
I; MQ:  5,9917; MV:   52; DT:   42; SOL: [7 7 7 7 9 9 0 0 0 0 0 0 0 0 9 10 9 9 9 9 5 9 9 9 11 11 1 11 4 1 2 11 4 1 1 1 2 10 2 4 2 2 10 10 10 5 4 11 2 4 2 5 4 4 4 4 8 4 2 8 8 5 5 8 2 10 3 6 3 8 3 3 3 2 4 4 8 4 4 4 5 5 5 5 5 5 6 6 6 4 4 6 6 6 6 4]
I; MQ:  6,0856; MV:   56; DT:   44; SOL: [7 7 7 7 9 9 0 0 0 0 0 0 0 0 9 10 9 9 9 9 5 9 9 9 11 11 11 11 4 2 11 11 4 1 1 1 2 10 4 4 2 4 10 10 10 5 4 11 2 4 2 5 4 4 4 4 8 4 2 8 8 5 5 8 2 10 3 6 3 8 3 3 3 2 4 4 8 4 4 4 5 5 5 5 5 5 6 6 6 4 4 6 6 6 6 4]
I; MQ:  6,1218; MV:   55; DT:   47; SOL: [7 7 7 7 9 9 0 0 0 0 0 0 0 0 9 10 9 9 9 9 5 9 9 9 11 11 11 11 4 11 11 11 4 1 1 1 2 10 2 4 2 4 10 10 10 5 4 11 2 4 2 5 4 4 4 4 8 4 2 8 8 5 5 8 2 10 3 6 3 8 3 3 3 2 4 4 8 4 4 4 5 5 5 5 5 5 6 6 6 2 4 6 6 6 6 4]

Cycle #22: jpassword
S; MQ:  3,2753; MV:    0; DT:    0; SOL: [0 0 0 0 0 0 0 0 0 0 0 0 0 0 0 0 0 0 0 0 0 0 0 0 1 1 1 1 1 1 1 1 1 1 1 1 2 2 2 2 2 2 2 2 2 2 2 2 2 2 2 2 2 2 2 2 2 2 2 2 2 2 2 2 2 3 3 3 3 3 3 3 3 3 4 4 4 4 4 4 5 5 5 5 5 5 6 6 6 6 6 6 6 6 6 6]
C; MQ:  4,0275; MV:   30; DT:    0; SOL: [0 0 0 0 0 0 0 0 0 0 0 0 0 0 0 0 0 0 0 0 5 0 0 0 1 1 1 2 2 1 1 2 2 1 1 1 2 4 2 4 2 2 4 4 4 5 4 2 2 2 2 5 2 2 2 2 4 2 2 4 5 5 5 4 2 4 3 6 3 4 3 3 3 3 2 2 4 2 2 2 5 5 5 5 5 5 6 6 6 2 2 6 6 6 6 2]
I; MQ:  3,3753; MV:    5; DT:    0; SOL: [0 0 0 0 0 0 0 0 0 0 0 0 0 0 0 0 0 0 0 0 0 0 0 0 1 1 1 1 1 1 1 1 1 1 1 1 2 2 2 2 2 2 2 2 2 5 2 2 2 2 2 0 2 2 2 2 4 2 2 2 2 2 2 2 2 3 3 3 3 3 3 3 3 3 4 2 4 4 4 4 5 5 5 5 5 5 6 6 6 4 6 6 6 6 6 6]
I; MQ:  3,4665; MV:    9; DT:    1; SOL: [0 0 0 0 0 0 0 0 0 0 0 0 0 0 0 0 0 0 0 0 5 0 0 0 1 1 1 1 1 1 1 1 1 1 1 1 2 2 2 2 2 2 2 2 2 5 2 2 2 2 2 5 2 2 2 2 4 2 2 2 2 5 5 2 2 3 3 0 3 3 3 3 3 3 4 2 4 4 4 4 5 5 5 5 5 5 6 6 6 4 6 6 6 6 6 6]
I; MQ:  3,5311; MV:   11; DT:    3; SOL: [0 0 0 0 0 0 0 0 0 0 0 0 0 0 0 0 0 0 0 0 5 0 0 0 1 1 1 1 1 1 1 1 1 1 1 1 2 2 2 2 2 2 2 2 2 5 4 2 2 2 2 5 2 2 2 2 4 2 4 2 2 5 5 2 2 3 3 6 3 3 3 3 3 3 4 4 4 2 4 4 5 5 5 5 5 5 6 6 6 4 6 6 6 6 6 6]
I; MQ:  3,5834; MV:   15; DT:    4; SOL: [0 0 0 0 0 0 0 0 0 0 0 0 0 0 0 0 0 0 0 0 5 0 0 0 1 1 1 1 1 1 1 1 1 1 1 1 2 2 2 4 2 2 2 2 4 5 4 2 2 2 2 5 2 2 2 2 4 2 4 2 2 5 5 2 2 3 3 6 3 3 3 3 3 2 4 4 4 2 4 2 5 5 5 5 5 5 6 6 6 2 6 6 6 6 6 6]
I; MQ:  3,6301; MV:   14; DT:    7; SOL: [0 0 0 0 0 0 0 0 0 0 0 0 0 0 0 0 0 0 0 0 5 0 0 0 1 1 1 1 1 1 1 1 1 1 1 1 2 4 2 2 2 2 2 2 4 5 4 2 2 2 2 5 2 2 2 2 4 2 2 2 2 5 5 2 2 3 3 6 3 3 3 3 3 2 4 4 4 2 4 4 5 5 5 5 5 5 6 6 6 2 4 6 6 6 6 6]
I; MQ:  3,6737; MV:   17; DT:   10; SOL: [0 0 0 0 0 0 0 0 0 0 0 0 0 0 0 0 0 0 0 0 5 0 0 0 1 1 1 1 1 1 1 1 1 1 1 1 2 4 2 4 2 2 2 4 4 5 4 2 2 2 2 5 2 2 2 2 4 2 2 2 2 5 5 2 2 4 3 6 3 3 3 3 3 3 4 4 4 2 4 2 5 5 5 5 5 5 6 6 6 2 4 6 6 6 6 6]
I; MQ:  3,8098; MV:   22; DT:   10; SOL: [0 0 0 0 0 0 0 0 0 0 0 0 0 0 0 0 0 0 0 0 5 0 0 0 1 1 1 2 0 1 1 1 2 1 1 1 2 4 2 4 2 2 2 4 4 5 4 2 2 2 2 5 2 2 2 2 4 2 2 2 5 5 5 2 2 4 3 6 3 3 3 3 3 3 4 4 4 2 4 2 5 5 5 5 5 5 6 6 6 2 4 6 6 6 6 2]
I; MQ:  3,9845; MV:   26; DT:   11; SOL: [0 0 0 0 0 0 0 0 0 0 0 0 0 0 0 0 0 0 0 0 5 0 0 0 1 1 1 2 2 1 1 4 2 1 1 1 2 4 2 4 2 2 4 4 4 5 4 2 2 2 2 5 2 2 2 2 4 2 2 4 5 5 5 4 2 4 3 6 3 3 3 3 3 3 4 4 4 2 4 2 5 5 5 5 5 5 6 6 6 2 4 6 6 6 6 2]
I; MQ:  4,0223; MV:   28; DT:   14; SOL: [0 0 0 0 0 0 0 0 0 0 0 0 0 0 0 0 0 0 0 0 5 0 0 0 1 1 1 2 2 1 1 2 2 1 1 1 2 4 2 4 2 2 4 4 4 5 4 2 2 2 2 5 2 2 2 2 4 2 2 4 5 5 5 4 2 4 3 6 3 4 3 3 3 3 2 2 4 2 4 2 5 5 5 5 5 5 6 6 6 2 6 6 6 6 6 2]
I; MQ:  4,0275; MV:   30; DT:   15; SOL: [0 0 0 0 0 0 0 0 0 0 0 0 0 0 0 0 0 0 0 0 5 0 0 0 1 1 1 2 2 1 1 2 2 1 1 1 2 4 2 4 2 2 4 4 4 5 4 2 2 2 2 5 2 2 2 2 4 2 2 4 5 5 5 4 2 4 3 6 3 4 3 3 3 3 2 2 4 2 2 2 5 5 5 5 5 5 6 6 6 2 2 6 6 6 6 2]

Cycle #23: jpassword
S; MQ:  3,2753; MV:    0; DT:    0; SOL: [0 0 0 0 0 0 0 0 0 0 0 0 0 0 0 0 0 0 0 0 0 0 0 0 1 1 1 1 1 1 1 1 1 1 1 1 2 2 2 2 2 2 2 2 2 2 2 2 2 2 2 2 2 2 2 2 2 2 2 2 2 2 2 2 2 3 3 3 3 3 3 3 3 3 4 4 4 4 4 4 5 5 5 5 5 5 6 6 6 6 6 6 6 6 6 6]
C; MQ:  4,0155; MV:   24; DT:    0; SOL: [0 0 0 0 0 0 0 0 0 0 0 0 0 0 0 0 0 0 0 0 5 0 0 0 1 1 1 4 4 1 1 4 4 1 1 1 2 2 2 2 2 4 2 2 2 5 2 2 2 4 2 5 4 4 4 2 3 2 2 5 5 5 5 2 2 2 3 6 3 3 3 3 3 2 4 4 3 4 4 4 5 5 5 5 5 5 6 6 6 2 4 6 6 6 6 4]
I; MQ:  3,3294; MV:    5; DT:    0; SOL: [0 0 0 0 0 0 0 0 0 0 0 0 0 0 0 0 0 0 0 0 0 0 0 0 1 1 1 1 1 1 1 1 1 1 1 1 2 2 2 2 2 2 2 2 2 5 2 2 2 2 2 2 2 4 4 2 4 2 2 2 2 2 2 2 2 2 3 3 3 3 3 3 3 3 4 4 4 4 4 4 5 5 5 5 5 5 6 6 6 6 6 6 6 6 6 6]
I; MQ:  3,4481; MV:    6; DT:    2; SOL: [0 0 0 0 0 0 0 0 0 0 0 0 0 0 0 0 0 0 0 0 0 0 0 0 1 1 1 1 1 1 1 4 1 1 1 1 2 2 2 2 2 2 2 2 2 5 2 2 2 4 2 2 2 2 4 2 2 2 2 2 2 2 2 2 2 2 3 3 3 3 3 3 3 3 4 4 4 4 4 4 5 5 5 5 5 5 6 6 6 4 6 6 6 6 6 6]
I; MQ:  3,5286; MV:   10; DT:    4; SOL: [0 0 0 0 0 0 0 0 0 0 0 0 0 0 0 0 0 0 0 0 0 0 0 0 1 1 1 2 1 1 1 4 1 1 1 1 2 2 2 2 2 2 2 2 2 5 2 2 4 4 2 2 4 4 4 2 2 2 2 2 2 2 2 2 2 2 3 3 3 3 3 3 3 3 4 4 4 4 4 4 5 5 5 5 5 5 6 6 6 2 6 6 6 6 6 6]
I; MQ:  3,6806; MV:   14; DT:    5; SOL: [0 0 0 0 0 0 0 0 0 0 0 0 0 0 0 0 0 0 0 0 0 0 0 0 1 1 1 4 1 1 1 4 1 1 1 1 2 2 2 2 2 4 2 2 2 5 2 4 4 4 2 2 4 4 4 2 2 2 2 2 2 2 2 2 2 2 3 6 3 3 3 3 3 3 4 4 4 4 4 4 5 5 5 5 5 5 6 6 6 2 4 6 6 6 6 6]
I; MQ:  3,8069; MV:   17; DT:    6; SOL: [0 0 0 0 0 0 0 0 0 0 0 0 0 0 0 0 0 0 0 0 0 0 0 0 1 1 1 4 1 1 1 4 1 1 1 1 2 2 2 2 2 4 2 2 2 5 2 4 2 4 2 0 4 4 4 2 2 2 2 2 2 5 5 2 2 2 3 6 3 3 3 3 3 3 4 4 4 4 4 4 5 5 5 5 5 5 6 6 6 2 4 6 6 6 6 4]
I; MQ:  3,8507; MV:   19; DT:    9; SOL: [0 0 0 0 0 0 0 0 0 0 0 0 0 0 0 0 0 0 0 0 0 0 0 0 1 1 1 4 1 1 1 4 1 1 1 1 2 2 2 2 2 4 2 2 2 5 2 2 2 4 2 5 4 4 4 2 3 2 2 2 2 5 5 2 2 2 3 6 3 3 3 3 3 2 4 4 3 4 4 4 5 5 5 5 5 5 6 6 6 2 4 6 6 6 6 4]
I; MQ:  4,0006; MV:   24; DT:    9; SOL: [0 0 0 0 0 0 0 0 0 0 0 0 0 0 0 0 0 0 0 0 5 0 0 0 1 1 1 4 0 1 1 4 4 1 1 1 2 2 2 2 2 4 2 2 2 5 2 2 2 4 2 5 4 4 4 2 3 2 2 5 5 5 5 2 2 2 3 6 3 3 3 3 3 2 4 4 3 4 4 4 5 5 5 5 5 5 6 6 6 2 4 6 6 6 6 4]
I; MQ:  4,0155; MV:   24; DT:   10; SOL: [0 0 0 0 0 0 0 0 0 0 0 0 0 0 0 0 0 0 0 0 5 0 0 0 1 1 1 4 4 1 1 4 4 1 1 1 2 2 2 2 2 4 2 2 2 5 2 2 2 4 2 5 4 4 4 2 3 2 2 5 5 5 5 2 2 2 3 6 3 3 3 3 3 2 4 4 3 4 4 4 5 5 5 5 5 5 6 6 6 2 4 6 6 6 6 4]

Cycle #24: jpassword
S; MQ:  3,2753; MV:    0; DT:    0; SOL: [0 0 0 0 0 0 0 0 0 0 0 0 0 0 0 0 0 0 0 0 0 0 0 0 1 1 1 1 1 1 1 1 1 1 1 1 2 2 2 2 2 2 2 2 2 2 2 2 2 2 2 2 2 2 2 2 2 2 2 2 2 2 2 2 2 3 3 3 3 3 3 3 3 3 4 4 4 4 4 4 5 5 5 5 5 5 6 6 6 6 6 6 6 6 6 6]
C; MQ:  4,7265; MV:   37; DT:    0; SOL: [0 0 0 0 7 7 7 0 0 0 0 0 0 0 7 8 7 7 7 7 5 7 7 7 1 1 1 4 4 1 1 2 4 1 1 1 2 8 2 2 2 4 2 2 2 5 2 2 2 4 2 5 4 4 4 2 4 2 2 5 5 5 5 2 2 8 3 6 3 3 3 3 3 2 4 4 4 4 2 4 5 5 5 5 5 5 6 6 6 2 4 6 6 6 6 4]
I; MQ:  3,2858; MV:    5; DT:    0; SOL: [0 0 0 0 0 0 0 0 0 0 0 0 0 0 0 0 0 0 0 0 0 0 0 0 1 1 1 1 1 1 1 1 1 1 1 1 2 2 4 2 2 2 2 2 2 2 4 1 4 2 2 2 2 2 2 2 2 2 4 2 2 2 2 2 2 3 3 3 3 3 3 3 3 3 4 4 4 4 4 4 5 5 5 5 5 5 6 6 6 6 6 6 6 6 6 6]
I; MQ:  3,3098; MV:    4; DT:    4; SOL: [0 0 0 0 0 0 0 0 0 0 0 0 0 0 0 0 0 0 0 0 0 0 0 0 1 1 1 1 1 1 1 1 1 1 1 1 2 2 2 2 2 2 2 2 2 2 4 4 1 4 2 2 2 2 2 2 2 2 2 2 2 2 2 2 2 3 3 3 3 3 3 3 3 3 4 4 4 4 4 4 5 5 5 5 5 5 6 6 6 6 6 6 6 6 6 6]
I; MQ:  3,3522; MV:    3; DT:    8; SOL: [0 0 0 0 0 0 0 0 0 0 0 0 0 0 0 0 0 0 0 0 0 0 0 0 1 1 1 1 1 1 1 1 1 1 1 1 2 2 4 2 2 2 2 2 2 2 2 2 2 4 2 0 2 2 2 2 2 2 2 2 2 2 2 2 2 3 3 3 3 3 3 3 3 3 4 4 4 4 4 4 5 5 5 5 5 5 6 6 6 6 6 6 6 6 6 6]
I; MQ:  3,5154; MV:    6; DT:    9; SOL: [0 0 0 0 0 0 0 0 0 0 0 0 0 0 0 0 0 0 0 0 0 0 0 0 1 1 1 4 1 1 1 0 4 1 1 1 2 6 2 2 2 2 2 2 2 2 2 2 2 4 2 0 2 2 2 2 2 2 2 2 2 2 2 2 2 3 3 3 3 3 3 3 3 3 4 4 4 4 4 4 5 5 5 5 5 5 6 6 6 6 6 6 6 6 6 6]
I; MQ:  3,6383; MV:    8; DT:   11; SOL: [0 0 0 0 0 0 0 0 0 0 0 0 0 0 0 0 0 0 0 0 0 0 0 0 1 1 1 4 4 1 1 4 4 1 1 1 2 2 2 2 2 2 2 2 2 2 2 2 2 4 2 0 2 2 2 2 2 2 2 2 2 2 2 2 2 3 3 6 3 3 3 3 3 2 4 4 4 4 4 4 5 5 5 5 5 5 6 6 6 6 6 6 6 6 6 6]
I; MQ:  3,8086; MV:   11; DT:   13; SOL: [0 0 0 0 0 0 0 0 0 0 0 0 0 0 7 7 0 0 7 0 0 0 0 0 1 1 1 4 4 1 1 4 4 1 1 1 2 7 2 2 2 2 2 2 2 2 2 2 2 4 2 2 2 2 2 2 2 2 2 2 2 2 2 2 2 3 3 6 3 3 3 3 3 2 4 4 4 4 4 4 5 5 5 5 5 5 6 6 6 6 6 6 6 6 6 6]
I; MQ:  3,8950; MV:   14; DT:   18; SOL: [0 0 0 0 0 0 0 0 0 0 0 0 0 0 7 8 0 0 7 0 0 0 0 0 1 1 1 4 4 1 1 4 4 1 1 1 2 8 2 2 2 2 2 2 2 2 8 2 2 4 2 7 2 2 2 2 2 2 8 2 2 2 2 2 2 3 3 6 3 3 3 3 3 2 4 4 4 4 4 4 5 5 5 5 5 5 6 6 6 6 6 6 6 6 6 6]
I; MQ:  3,9734; MV:   15; DT:   20; SOL: [0 0 0 0 0 0 0 0 0 0 0 0 0 0 7 8 0 0 7 0 5 0 0 0 1 1 1 4 4 1 1 4 4 1 1 1 2 8 2 2 2 2 2 2 2 2 2 2 2 4 2 7 2 2 2 2 2 2 2 2 2 2 2 2 2 3 3 6 3 3 3 3 3 2 4 4 4 4 2 4 5 5 5 5 5 5 6 6 6 6 4 6 6 6 6 6]
I; MQ:  4,0769; MV:   18; DT:   22; SOL: [0 0 0 0 0 0 0 0 0 0 0 0 0 0 7 8 7 0 7 0 5 7 7 0 1 1 1 4 4 1 1 4 4 1 1 1 2 8 2 2 2 2 2 2 2 2 2 2 4 4 2 7 2 2 2 2 2 2 2 2 2 2 2 2 2 3 3 6 3 3 3 3 3 3 4 4 4 4 2 4 5 5 5 5 5 5 6 6 6 6 4 6 6 6 6 6]
I; MQ:  4,1604; MV:   21; DT:   24; SOL: [0 0 0 0 7 0 7 0 0 0 0 0 0 0 8 8 7 0 7 7 7 7 7 0 1 1 1 4 4 1 1 4 4 1 1 1 2 8 2 2 2 2 2 2 2 2 2 2 4 4 2 7 2 2 2 2 2 2 2 2 2 2 2 2 2 3 3 6 3 3 3 3 3 3 4 4 4 4 2 4 5 5 5 5 5 5 6 6 6 6 4 6 6 6 6 6]
I; MQ:  4,2521; MV:   23; DT:   26; SOL: [0 0 0 0 7 2 7 0 0 0 0 0 0 0 7 8 7 0 7 7 7 7 7 1 1 1 1 4 4 1 1 4 4 1 1 1 2 8 2 2 2 2 2 2 2 2 2 2 2 4 2 7 2 2 2 2 2 2 2 2 2 2 2 2 2 3 3 6 3 3 3 3 3 3 4 4 4 4 2 4 5 5 5 5 5 5 6 6 6 6 4 6 6 6 6 4]
I; MQ:  4,3440; MV:   24; DT:   30; SOL: [0 0 0 0 7 7 0 0 0 0 0 0 0 0 7 8 7 0 7 7 7 7 7 7 1 1 1 4 4 1 1 4 4 1 1 1 2 8 2 2 2 2 2 2 2 2 2 2 2 4 2 7 4 2 2 2 2 2 2 2 2 2 2 2 2 3 3 6 3 3 3 3 3 2 4 4 4 4 2 4 5 5 5 5 5 5 6 6 6 6 4 6 6 6 6 4]
I; MQ:  4,3966; MV:   28; DT:   31; SOL: [0 0 0 0 7 7 0 0 0 0 0 0 0 0 7 8 7 0 7 7 7 7 7 7 1 1 1 4 4 1 1 2 4 1 1 1 2 8 2 2 2 4 2 2 2 2 2 2 2 4 2 7 4 4 4 2 2 2 2 2 2 2 2 2 2 2 3 6 3 3 3 3 3 2 4 4 4 4 2 4 5 5 5 5 5 5 6 6 6 6 4 6 6 6 6 4]
I; MQ:  4,5814; MV:   30; DT:   33; SOL: [0 0 0 0 7 7 0 0 0 0 0 0 0 0 7 8 7 7 7 7 7 7 7 7 1 1 1 4 4 1 1 2 4 1 1 1 2 8 2 2 2 4 2 2 2 5 2 2 2 4 2 7 4 4 4 2 2 2 2 2 2 2 5 2 2 8 3 6 3 3 3 3 3 3 4 4 4 4 2 4 5 5 5 5 5 5 6 6 6 6 4 6 6 6 6 4]
I; MQ:  4,6681; MV:   33; DT:   36; SOL: [0 0 0 0 7 7 0 0 0 0 0 0 0 0 7 8 7 7 7 7 5 7 7 7 1 1 1 4 4 1 1 2 4 1 1 1 2 8 2 2 2 4 2 2 2 5 2 2 2 4 2 5 4 4 4 2 2 2 2 2 5 5 5 2 2 8 3 6 3 3 3 3 3 2 4 4 4 4 2 4 5 5 5 5 5 5 6 6 6 6 4 6 6 6 6 4]
I; MQ:  4,7265; MV:   37; DT:   37; SOL: [0 0 0 0 7 7 7 0 0 0 0 0 0 0 7 8 7 7 7 7 5 7 7 7 1 1 1 4 4 1 1 2 4 1 1 1 2 8 2 2 2 4 2 2 2 5 2 2 2 4 2 5 4 4 4 2 4 2 2 5 5 5 5 2 2 8 3 6 3 3 3 3 3 2 4 4 4 4 2 4 5 5 5 5 5 5 6 6 6 2 4 6 6 6 6 4]

Cycle #25: jpassword
S; MQ:  3,2753; MV:    0; DT:    0; SOL: [0 0 0 0 0 0 0 0 0 0 0 0 0 0 0 0 0 0 0 0 0 0 0 0 1 1 1 1 1 1 1 1 1 1 1 1 2 2 2 2 2 2 2 2 2 2 2 2 2 2 2 2 2 2 2 2 2 2 2 2 2 2 2 2 2 3 3 3 3 3 3 3 3 3 4 4 4 4 4 4 5 5 5 5 5 5 6 6 6 6 6 6 6 6 6 6]
C; MQ:  3,8623; MV:   22; DT:    0; SOL: [0 0 0 0 0 0 0 0 0 0 0 0 0 0 0 0 0 0 0 0 5 0 0 0 1 1 1 1 1 1 1 2 1 1 1 1 2 2 2 2 2 2 2 2 2 5 2 2 2 1 2 5 2 2 2 2 4 2 2 4 4 4 4 4 2 2 3 6 3 4 3 3 3 3 1 2 4 2 2 1 5 5 5 5 5 5 6 6 6 2 1 6 6 6 6 1]
I; MQ:  3,3696; MV:    5; DT:    0; SOL: [0 0 0 0 0 0 0 0 0 0 0 0 0 0 0 0 0 0 0 0 0 0 0 0 1 1 1 1 1 1 1 1 1 1 1 1 2 2 2 2 2 2 2 2 2 2 4 2 2 2 2 2 2 2 2 2 2 2 2 2 2 2 2 2 2 3 3 3 3 4 3 3 3 3 1 4 4 2 4 4 5 5 5 5 5 5 6 6 6 4 6 6 6 6 6 6]
I; MQ:  3,4255; MV:    8; DT:    1; SOL: [0 0 0 0 0 0 0 0 0 0 0 0 0 0 0 0 0 0 0 0 0 0 0 0 1 1 1 1 1 1 1 1 1 1 1 1 2 2 2 2 2 2 2 2 2 2 2 2 2 2 2 2 2 2 2 2 2 2 2 4 2 4 2 4 2 3 3 3 3 4 3 3 3 3 1 2 4 2 4 4 5 5 5 5 5 5 6 6 6 4 6 6 6 6 6 6]
I; MQ:  3,5010; MV:   13; DT:    2; SOL: [0 0 0 0 0 0 0 0 0 0 0 0 0 0 0 0 0 0 0 0 0 0 0 0 1 1 1 1 1 1 1 1 1 1 1 1 2 2 2 2 2 2 2 2 2 5 4 2 2 2 2 2 2 2 2 2 4 2 4 4 2 4 2 4 2 3 3 3 3 4 3 3 3 3 1 2 4 2 4 1 5 5 5 5 5 5 6 6 6 4 6 6 6 6 6 6]
I; MQ:  3,5958; MV:   16; DT:    4; SOL: [0 0 0 0 0 0 0 0 0 0 0 0 0 0 0 0 0 0 0 0 5 0 0 0 1 1 1 1 1 1 1 1 1 1 1 1 2 2 2 2 2 2 2 2 2 5 4 2 2 2 2 2 2 2 2 2 4 2 4 4 2 4 2 4 2 2 3 6 3 4 3 3 3 3 1 2 4 2 4 2 5 5 5 5 5 5 6 6 6 2 6 6 6 6 6 6]
I; MQ:  3,7344; MV:   20; DT:    5; SOL: [0 0 0 0 0 0 0 0 0 0 0 0 0 0 0 0 0 0 0 0 5 0 0 0 1 1 1 1 1 1 1 1 1 1 1 1 2 2 2 2 2 2 2 2 2 5 4 2 2 2 2 5 2 2 2 2 4 2 4 4 4 4 4 4 2 4 3 6 3 4 3 3 3 3 1 2 4 2 2 2 5 5 5 5 5 5 6 6 6 2 6 6 6 6 6 6]
I; MQ:  3,8350; MV:   20; DT:    8; SOL: [0 0 0 0 0 0 0 0 0 0 0 0 0 0 0 0 0 0 0 0 5 0 0 0 1 1 1 1 1 1 1 1 1 1 1 1 2 2 2 2 2 2 2 2 2 5 2 2 2 2 2 5 2 2 2 2 4 2 2 4 4 4 4 4 2 2 3 6 3 4 3 3 3 3 1 2 4 2 2 2 5 5 5 5 5 5 6 6 6 2 1 6 6 6 6 0]
I; MQ:  3,8623; MV:   22; DT:   10; SOL: [0 0 0 0 0 0 0 0 0 0 0 0 0 0 0 0 0 0 0 0 5 0 0 0 1 1 1 1 1 1 1 2 1 1 1 1 2 2 2 2 2 2 2 2 2 5 2 2 2 1 2 5 2 2 2 2 4 2 2 4 4 4 4 4 2 2 3 6 3 4 3 3 3 3 1 2 4 2 2 1 5 5 5 5 5 5 6 6 6 2 1 6 6 6 6 1]

Cycle #26: jpassword
S; MQ:  3,2753; MV:    0; DT:    0; SOL: [0 0 0 0 0 0 0 0 0 0 0 0 0 0 0 0 0 0 0 0 0 0 0 0 1 1 1 1 1 1 1 1 1 1 1 1 2 2 2 2 2 2 2 2 2 2 2 2 2 2 2 2 2 2 2 2 2 2 2 2 2 2 2 2 2 3 3 3 3 3 3 3 3 3 4 4 4 4 4 4 5 5 5 5 5 5 6 6 6 6 6 6 6 6 6 6]
C; MQ:  4,6598; MV:   31; DT:    0; SOL: [0 0 0 0 7 7 0 0 0 0 0 0 0 0 7 8 7 7 7 7 7 7 7 7 1 1 1 4 4 1 1 4 4 1 1 1 2 8 2 2 2 2 2 2 2 5 2 2 2 4 2 7 4 2 2 2 2 2 2 2 5 5 5 2 2 8 3 6 3 3 3 3 3 3 4 2 4 4 2 4 5 5 5 5 5 5 6 6 6 2 4 6 6 6 6 4]
I; MQ:  3,4091; MV:    5; DT:    0; SOL: [0 0 0 0 0 0 0 0 0 0 0 0 0 0 0 0 0 0 0 0 5 0 0 0 1 1 1 1 1 1 1 1 1 1 1 1 2 2 2 2 2 2 2 2 2 2 2 2 2 2 2 5 4 2 2 2 2 2 2 2 2 2 2 2 2 3 3 3 3 3 3 3 3 3 4 4 4 4 4 4 5 5 5 5 5 5 6 6 6 4 4 6 6 6 6 6]
I; MQ:  3,4364; MV:    9; DT:    1; SOL: [0 0 0 0 0 0 0 0 0 0 0 0 0 0 0 0 0 0 0 0 5 0 0 0 1 1 1 1 1 1 1 1 1 1 1 1 2 4 2 2 2 2 2 2 4 2 2 2 2 2 2 5 4 2 2 2 2 2 2 2 2 2 2 2 2 3 3 3 3 3 3 3 3 3 4 4 3 4 4 4 5 4 5 5 5 5 6 6 6 2 4 6 6 6 6 6]
I; MQ:  3,4585; MV:    9; DT:    4; SOL: [0 0 0 0 0 0 0 0 0 0 0 0 0 0 0 0 0 0 0 0 5 0 0 0 1 1 1 4 1 1 1 1 1 1 1 1 2 4 2 2 2 2 2 2 2 2 2 2 2 2 2 5 4 2 2 2 2 2 2 2 2 2 2 2 2 3 3 3 3 3 3 3 3 3 4 2 4 4 4 4 5 4 5 5 5 5 6 6 6 4 4 6 6 6 6 6]
I; MQ:  3,5761; MV:   13; DT:    5; SOL: [0 0 0 0 0 0 0 0 0 0 0 0 0 0 0 7 0 0 0 0 5 0 0 0 1 1 1 4 1 1 1 1 1 1 1 1 2 7 4 2 2 4 2 2 2 2 2 2 2 2 2 5 4 2 2 2 4 2 2 2 2 2 2 2 2 3 3 3 3 3 3 3 3 3 4 2 4 4 4 4 5 4 5 5 5 5 6 6 6 4 4 6 6 6 6 6]
I; MQ:  3,6701; MV:   16; DT:    6; SOL: [0 0 0 0 0 0 0 0 0 0 0 0 0 0 0 7 0 0 0 0 5 0 0 0 1 1 1 4 1 1 1 1 1 1 1 1 2 7 4 2 2 4 2 2 2 2 2 2 2 4 2 5 4 2 2 2 4 4 2 2 2 2 2 2 2 3 3 6 3 3 3 3 3 3 1 2 4 4 4 4 5 5 5 5 5 5 6 6 6 4 4 6 6 6 6 6]
I; MQ:  3,7242; MV:   16; DT:    9; SOL: [0 0 0 0 0 0 0 0 0 0 0 0 0 0 7 7 0 0 0 0 5 0 0 0 1 1 1 4 1 1 1 4 1 1 1 1 2 7 4 2 2 2 2 2 2 2 2 2 2 4 2 5 4 2 2 2 2 4 2 2 2 2 2 2 2 3 3 6 3 3 3 3 3 3 1 2 4 4 4 4 5 5 5 5 5 5 6 6 6 4 1 6 6 6 6 6]
I; MQ:  3,8861; MV:   21; DT:    9; SOL: [0 0 0 0 7 7 0 0 0 0 0 0 0 0 7 7 0 7 0 0 5 7 7 0 1 1 1 4 1 1 1 4 1 1 1 1 2 7 4 2 2 2 2 2 2 2 2 2 2 4 2 5 4 2 2 2 2 4 2 2 2 2 2 2 2 3 3 6 3 3 3 3 3 3 1 2 4 4 4 4 5 5 5 5 5 5 6 6 6 4 1 6 6 6 6 6]
I; MQ:  4,1969; MV:   23; DT:   12; SOL: [0 0 0 0 7 7 0 0 0 0 0 0 0 0 8 8 7 7 7 0 5 7 7 0 1 1 1 4 1 1 1 4 1 1 1 1 2 8 4 2 2 2 2 2 2 2 2 2 2 4 2 5 4 2 2 2 2 4 2 2 2 2 2 2 2 3 3 6 3 3 3 3 3 3 1 2 4 4 4 4 5 5 5 5 5 5 6 6 6 4 1 6 6 6 6 6]
I; MQ:  4,2388; MV:   25; DT:   15; SOL: [0 0 0 0 7 7 0 0 0 0 0 0 0 0 8 8 7 7 7 0 7 7 7 0 1 1 1 4 1 1 1 4 2 1 1 1 2 8 4 2 2 2 2 2 2 2 2 2 2 4 2 7 4 2 2 2 2 4 2 2 2 2 2 2 2 3 3 6 3 3 3 3 3 2 2 2 4 4 4 4 5 5 5 5 5 5 6 6 6 4 1 6 6 6 6 6]
I; MQ:  4,3412; MV:   23; DT:   20; SOL: [0 0 0 0 7 7 0 0 0 0 0 0 0 0 8 8 7 7 7 0 7 7 7 0 1 1 1 4 1 1 1 4 4 1 1 1 2 8 4 2 2 2 2 2 2 2 2 2 2 4 2 7 4 2 2 2 2 2 2 2 2 2 2 2 2 3 3 6 3 3 3 3 3 2 4 2 4 4 4 4 5 5 5 5 5 5 6 6 6 2 4 6 6 6 6 6]
I; MQ:  4,4676; MV:   24; DT:   22; SOL: [0 0 0 0 7 7 0 0 0 0 0 0 0 0 8 8 7 7 7 0 7 7 7 0 1 1 1 4 4 1 1 4 4 1 1 1 2 8 2 2 2 2 2 2 2 5 2 2 2 4 2 7 4 2 2 2 2 2 2 2 2 2 2 2 2 3 3 6 3 3 3 3 3 3 4 2 4 4 4 4 5 5 5 5 5 5 6 6 6 2 4 6 6 6 6 4]
I; MQ:  4,5452; MV:   29; DT:   23; SOL: [0 0 0 0 7 7 0 0 0 0 0 0 0 0 8 8 7 7 7 0 7 7 7 0 1 1 1 4 4 1 1 4 4 1 1 1 2 8 2 2 2 2 2 2 2 5 2 2 2 4 2 7 4 2 2 2 2 2 2 2 5 5 5 2 2 3 3 6 3 3 3 3 3 2 4 2 4 4 2 4 5 5 5 5 5 5 6 6 6 2 4 6 6 6 6 4]
I; MQ:  4,6598; MV:   31; DT:   25; SOL: [0 0 0 0 7 7 0 0 0 0 0 0 0 0 7 8 7 7 7 7 7 7 7 7 1 1 1 4 4 1 1 4 4 1 1 1 2 8 2 2 2 2 2 2 2 5 2 2 2 4 2 7 4 2 2 2 2 2 2 2 5 5 5 2 2 8 3 6 3 3 3 3 3 3 4 2 4 4 2 4 5 5 5 5 5 5 6 6 6 2 4 6 6 6 6 4]

Cycle #27: jpassword
S; MQ:  3,2753; MV:    0; DT:    0; SOL: [0 0 0 0 0 0 0 0 0 0 0 0 0 0 0 0 0 0 0 0 0 0 0 0 1 1 1 1 1 1 1 1 1 1 1 1 2 2 2 2 2 2 2 2 2 2 2 2 2 2 2 2 2 2 2 2 2 2 2 2 2 2 2 2 2 3 3 3 3 3 3 3 3 3 4 4 4 4 4 4 5 5 5 5 5 5 6 6 6 6 6 6 6 6 6 6]
C; MQ:  4,0070; MV:   33; DT:    0; SOL: [0 0 0 0 0 0 0 0 0 0 0 0 0 0 0 0 0 0 0 0 5 0 0 0 1 1 1 4 2 1 1 4 2 1 1 1 4 2 4 2 4 4 2 2 2 5 2 4 4 4 4 5 4 4 4 4 3 4 4 2 2 2 2 2 4 2 2 6 3 3 3 3 3 4 4 2 3 4 2 4 5 5 5 5 5 5 6 6 6 4 4 6 6 6 6 4]
I; MQ:  3,3358; MV:    5; DT:    0; SOL: [0 0 0 0 0 0 0 0 0 0 0 0 0 0 0 0 0 0 0 0 0 0 0 0 1 1 1 1 1 1 1 1 1 1 1 1 2 2 2 2 2 2 2 2 2 2 4 4 2 2 2 2 2 2 2 2 2 2 4 2 2 2 2 2 2 3 3 3 3 4 3 3 3 3 4 4 4 4 4 4 5 5 5 5 5 5 6 6 6 4 6 6 6 6 6 6]
I; MQ:  3,3535; MV:    7; DT:    2; SOL: [0 0 0 0 0 0 0 0 0 0 0 0 0 0 0 0 0 0 0 0 0 0 0 0 1 1 1 1 1 1 1 1 1 1 1 1 2 2 2 2 2 2 2 2 2 2 4 4 4 2 2 2 2 2 2 2 2 2 2 2 2 2 2 2 2 3 3 3 3 4 3 3 3 4 4 4 4 4 2 4 5 5 5 5 5 5 6 6 6 2 6 6 6 6 6 6]
I; MQ:  3,4533; MV:   11; DT:    4; SOL: [0 0 0 0 0 0 0 0 0 0 0 0 0 0 0 0 0 0 0 0 0 0 0 0 1 1 1 1 1 1 1 1 1 1 1 1 2 2 2 2 2 2 2 2 2 2 4 4 4 2 2 2 2 2 2 4 2 2 4 2 2 2 2 2 2 3 3 6 3 4 3 3 3 4 4 4 4 2 2 4 5 5 5 5 5 5 6 6 6 4 6 6 6 6 6 6]
I; MQ:  3,4830; MV:   13; DT:    6; SOL: [0 0 0 0 0 0 0 0 0 0 0 0 0 0 0 0 0 0 0 0 0 0 0 0 1 1 1 1 1 1 1 1 1 1 1 1 4 2 2 2 2 2 2 2 2 2 4 4 4 2 2 2 2 2 2 4 2 2 2 2 2 2 2 2 2 3 3 6 3 4 3 3 3 4 1 4 4 2 2 4 5 5 5 5 5 5 6 6 6 2 4 6 6 6 6 6]
I; MQ:  3,5032; MV:   13; DT:   10; SOL: [0 0 0 0 0 0 0 0 0 0 0 0 0 0 0 0 0 0 0 0 0 0 0 0 1 1 1 1 1 1 1 1 1 1 1 1 4 2 2 2 2 2 2 2 2 2 2 4 4 2 2 2 2 2 2 4 2 2 4 2 2 2 2 2 4 3 3 6 3 3 3 3 3 4 1 4 4 2 2 4 5 5 5 5 5 5 6 6 6 4 4 6 6 6 6 6]
I; MQ:  3,5474; MV:   13; DT:   13; SOL: [0 0 0 0 0 0 0 0 0 0 0 0 0 0 0 0 0 0 0 0 0 0 0 0 1 1 1 1 1 1 1 1 1 1 1 1 4 2 2 2 4 2 2 2 2 2 2 4 4 4 2 2 2 2 2 4 2 2 2 2 2 2 2 2 2 3 3 6 3 3 3 3 3 4 1 4 4 2 2 4 5 5 5 5 5 5 6 6 6 2 4 6 6 6 6 6]
I; MQ:  3,6301; MV:   14; DT:   15; SOL: [0 0 0 0 0 0 0 0 0 0 0 0 0 0 0 0 0 0 0 0 0 0 0 0 1 1 1 1 1 1 1 1 1 1 1 1 4 2 2 2 4 2 2 2 2 2 2 4 4 4 2 2 2 2 4 4 2 2 2 2 2 2 2 2 2 2 3 6 3 3 3 3 3 3 1 4 4 4 2 4 5 5 5 5 5 5 6 6 6 2 4 6 6 6 6 4]
I; MQ:  3,6795; MV:   17; DT:   18; SOL: [0 0 0 0 0 0 0 0 0 0 0 0 0 0 0 0 0 0 0 0 0 0 0 0 1 1 1 1 1 1 1 1 1 1 1 1 4 2 2 2 4 4 2 2 2 2 2 4 4 4 2 2 4 2 4 4 2 2 2 2 2 2 2 2 4 2 3 6 3 3 3 3 3 3 1 4 4 4 2 4 5 5 5 5 5 5 6 6 6 4 1 6 6 6 6 4]
I; MQ:  3,7387; MV:   22; DT:   18; SOL: [0 0 0 0 0 0 0 0 0 0 0 0 0 0 0 0 0 0 0 0 0 0 0 0 1 1 1 1 1 1 1 1 1 1 1 1 4 2 4 2 4 4 2 2 2 2 2 4 4 4 2 0 4 4 4 4 3 2 2 2 2 2 2 2 4 2 3 6 3 3 3 3 3 3 1 4 3 4 2 4 5 5 5 5 5 5 6 6 6 4 1 6 6 6 6 4]
I; MQ:  3,7830; MV:   27; DT:   20; SOL: [0 0 0 0 0 0 0 0 0 0 0 0 0 0 0 0 0 0 0 0 0 0 0 0 1 1 1 1 1 1 1 1 1 1 1 1 4 2 4 2 4 4 2 2 2 2 2 4 4 4 4 0 4 4 4 4 3 2 4 2 2 2 2 2 4 2 2 6 3 3 3 3 3 4 1 2 3 4 2 4 5 5 5 5 5 5 6 6 6 4 1 6 6 6 6 4]
I; MQ:  3,8363; MV:   29; DT:   22; SOL: [0 0 0 0 0 0 0 0 0 0 0 0 0 0 0 0 0 0 0 0 0 0 0 0 1 1 1 1 2 1 1 1 2 1 1 1 4 2 4 2 4 4 2 2 2 5 2 4 4 4 4 5 4 4 4 4 3 2 4 2 2 2 2 2 4 2 3 6 3 3 3 3 3 4 1 2 3 4 2 4 5 5 5 5 5 5 6 6 6 4 1 6 6 6 6 4]
I; MQ:  3,8882; MV:   31; DT:   24; SOL: [0 0 0 0 0 0 0 0 0 0 0 0 0 0 0 0 0 0 5 0 0 0 0 0 1 1 1 4 2 1 1 4 2 1 1 1 4 2 4 2 4 4 2 2 2 5 2 4 4 4 4 5 4 4 4 4 3 2 4 2 2 2 2 2 4 2 3 6 3 3 3 3 3 4 2 2 3 4 4 4 5 5 5 5 5 5 6 6 6 4 1 6 6 6 6 4]
I; MQ:  3,9764; MV:   32; DT:   28; SOL: [0 0 0 0 0 0 0 0 0 0 0 0 0 0 0 0 0 0 5 0 0 0 0 0 1 1 1 4 2 1 1 4 2 1 1 1 4 2 4 2 4 4 2 2 2 5 2 4 4 4 4 5 4 4 4 4 3 4 4 2 2 2 2 2 4 2 2 6 3 3 3 3 3 4 4 2 3 4 2 4 5 5 5 5 5 5 6 6 6 4 6 6 6 6 6 4]
I; MQ:  4,0070; MV:   33; DT:   30; SOL: [0 0 0 0 0 0 0 0 0 0 0 0 0 0 0 0 0 0 0 0 5 0 0 0 1 1 1 4 2 1 1 4 2 1 1 1 4 2 4 2 4 4 2 2 2 5 2 4 4 4 4 5 4 4 4 4 3 4 4 2 2 2 2 2 4 2 2 6 3 3 3 3 3 4 4 2 3 4 2 4 5 5 5 5 5 5 6 6 6 4 4 6 6 6 6 4]

Cycle #28: jpassword
S; MQ:  3,2753; MV:    0; DT:    0; SOL: [0 0 0 0 0 0 0 0 0 0 0 0 0 0 0 0 0 0 0 0 0 0 0 0 1 1 1 1 1 1 1 1 1 1 1 1 2 2 2 2 2 2 2 2 2 2 2 2 2 2 2 2 2 2 2 2 2 2 2 2 2 2 2 2 2 3 3 3 3 3 3 3 3 3 4 4 4 4 4 4 5 5 5 5 5 5 6 6 6 6 6 6 6 6 6 6]
C; MQ:  3,9907; MV:   26; DT:    0; SOL: [0 0 0 0 0 0 0 0 0 0 0 0 0 0 0 0 0 0 0 0 5 0 0 0 1 1 1 2 4 1 1 2 4 1 1 1 2 2 4 2 2 4 2 2 2 5 2 2 2 2 2 5 4 4 4 2 4 2 2 5 5 5 5 2 4 2 3 6 3 3 3 3 3 3 2 2 4 4 2 4 5 5 5 5 5 5 6 6 6 4 4 6 6 6 6 2]
I; MQ:  3,3160; MV:    5; DT:    0; SOL: [0 0 0 0 0 0 0 0 0 0 0 0 0 0 0 0 0 0 0 0 5 0 0 0 1 1 1 1 1 1 1 1 1 1 1 1 2 4 2 2 2 2 2 2 2 2 2 2 2 2 2 2 2 2 2 2 2 2 2 2 2 2 2 2 2 4 3 3 3 4 3 3 3 3 4 2 4 4 4 4 5 5 5 5 5 5 6 6 6 6 6 6 6 6 6 6]
I; MQ:  3,4629; MV:    8; DT:    1; SOL: [0 0 0 0 0 0 0 0 0 0 0 0 0 0 0 0 0 0 0 0 5 0 0 0 1 1 1 1 1 1 1 1 1 1 1 1 2 4 4 2 2 2 2 2 2 2 2 2 2 2 2 2 2 2 2 2 2 2 2 2 2 2 2 2 2 4 3 3 3 3 3 3 3 3 1 2 4 4 2 4 5 5 5 5 5 5 6 6 6 4 6 6 6 6 6 6]
I; MQ:  3,5872; MV:   13; DT:    1; SOL: [0 0 0 0 0 0 0 0 0 0 0 0 0 0 0 0 0 0 0 0 5 0 0 0 1 1 1 1 1 1 1 1 1 1 1 1 2 4 4 2 2 4 2 2 2 2 2 2 2 2 2 2 4 4 4 2 2 2 2 2 2 2 2 2 2 4 3 3 3 3 3 3 3 3 1 2 4 4 2 4 5 5 5 5 5 5 6 6 6 4 4 6 6 6 6 6]
I; MQ:  3,6416; MV:   14; DT:    4; SOL: [0 0 0 0 0 0 0 0 0 0 0 0 0 0 0 0 0 0 0 0 5 0 0 0 1 1 1 1 2 1 1 1 2 1 1 1 2 2 4 2 2 4 2 2 2 2 2 2 2 2 2 2 4 4 4 2 2 2 2 2 2 2 2 2 2 2 3 3 3 3 3 3 3 3 2 2 4 4 2 4 5 5 5 5 5 5 6 6 6 4 4 6 6 6 6 6]
I; MQ:  3,6973; MV:   15; DT:    7; SOL: [0 0 0 0 0 0 0 0 0 0 0 0 0 0 0 0 0 0 0 0 5 0 0 0 1 1 1 1 4 1 1 2 4 1 1 1 2 2 4 2 2 4 2 2 2 2 2 2 2 2 2 2 4 4 4 2 2 2 2 2 2 2 2 2 2 2 3 0 3 3 3 3 3 3 2 2 4 4 2 4 5 5 5 5 5 5 6 6 6 4 6 6 6 6 6 6]
I; MQ:  3,8174; MV:   19; DT:    9; SOL: [0 0 0 0 0 0 0 0 0 0 0 0 0 0 0 0 0 0 0 0 5 0 0 0 1 1 1 1 4 1 1 2 4 1 1 1 2 2 4 2 2 4 2 2 2 5 2 2 2 2 2 2 4 4 4 2 2 2 2 2 2 2 2 2 4 2 3 6 3 3 3 3 3 3 2 2 4 4 2 4 5 5 5 5 5 5 6 6 6 4 4 6 6 6 6 4]
I; MQ:  3,8797; MV:   21; DT:   11; SOL: [0 0 0 0 0 0 0 0 0 0 0 0 0 0 0 0 0 0 0 0 0 0 0 0 1 1 1 2 4 1 1 2 4 1 1 1 2 2 4 2 2 4 2 2 2 5 2 2 2 2 2 0 4 4 4 2 2 2 2 2 2 2 5 2 4 2 3 6 3 3 3 3 3 3 2 2 4 4 2 4 5 5 5 5 5 5 6 6 6 4 4 6 6 6 6 2]
I; MQ:  3,9861; MV:   25; DT:   13; SOL: [0 0 0 0 0 0 0 0 0 0 0 0 0 0 0 0 0 0 0 0 5 0 0 0 1 1 1 2 4 1 1 2 4 1 1 1 2 2 4 2 2 4 2 2 2 5 2 2 2 2 2 5 4 4 4 2 2 2 2 5 5 5 5 2 4 2 3 6 3 3 3 3 3 3 2 2 4 4 2 4 5 5 5 5 5 5 6 6 6 4 4 6 6 6 6 2]
I; MQ:  3,9907; MV:   26; DT:   13; SOL: [0 0 0 0 0 0 0 0 0 0 0 0 0 0 0 0 0 0 0 0 5 0 0 0 1 1 1 2 4 1 1 2 4 1 1 1 2 2 4 2 2 4 2 2 2 5 2 2 2 2 2 5 4 4 4 2 4 2 2 5 5 5 5 2 4 2 3 6 3 3 3 3 3 3 2 2 4 4 2 4 5 5 5 5 5 5 6 6 6 4 4 6 6 6 6 2]

Cycle #29: jpassword
S; MQ:  3,2753; MV:    0; DT:    0; SOL: [0 0 0 0 0 0 0 0 0 0 0 0 0 0 0 0 0 0 0 0 0 0 0 0 1 1 1 1 1 1 1 1 1 1 1 1 2 2 2 2 2 2 2 2 2 2 2 2 2 2 2 2 2 2 2 2 2 2 2 2 2 2 2 2 2 3 3 3 3 3 3 3 3 3 4 4 4 4 4 4 5 5 5 5 5 5 6 6 6 6 6 6 6 6 6 6]
C; MQ:  4,7160; MV:   39; DT:    0; SOL: [0 0 0 0 7 7 0 0 0 0 0 0 0 0 7 7 7 7 7 7 5 7 7 7 1 1 1 2 2 1 1 2 2 1 1 1 2 2 2 2 2 4 2 2 2 5 2 2 2 2 2 5 4 4 4 2 3 2 2 5 5 5 5 2 2 2 3 6 3 3 3 3 2 3 2 2 3 2 2 2 5 5 5 5 5 5 6 6 6 2 2 6 6 6 6 2]
I; MQ:  3,3869; MV:    5; DT:    0; SOL: [0 0 0 0 0 0 0 0 0 0 0 0 0 0 0 0 0 0 0 0 0 0 0 0 1 1 1 1 1 1 1 4 1 1 1 1 2 4 2 2 2 2 2 2 2 2 2 2 2 2 2 2 2 2 2 2 4 2 2 2 2 2 2 2 2 3 3 6 3 3 3 3 3 3 4 2 4 4 4 4 5 5 5 5 5 5 6 6 6 6 6 6 6 6 6 6]
I; MQ:  3,4737; MV:   10; DT:    0; SOL: [0 0 0 0 0 0 0 0 0 0 0 0 0 0 0 0 0 0 0 0 5 0 0 0 1 1 1 1 1 1 1 4 1 1 1 1 2 4 2 2 2 2 2 2 2 2 2 2 2 2 2 2 2 2 2 2 4 2 2 4 2 2 2 2 2 3 3 6 3 4 3 3 3 3 4 2 4 4 4 4 5 4 5 5 5 5 6 6 6 6 6 6 6 6 6 4]
I; MQ:  3,6118; MV:   14; DT:    1; SOL: [0 0 0 0 0 0 0 0 0 0 0 0 0 0 0 7 0 0 0 0 5 0 0 0 1 1 1 1 1 1 1 4 1 1 1 1 2 7 2 2 2 2 2 2 2 2 2 2 2 4 2 2 2 2 2 2 4 2 2 4 2 2 2 4 2 3 3 6 3 4 3 3 3 3 4 2 4 4 4 4 5 4 5 5 5 5 6 6 6 6 4 6 6 6 6 4]
I; MQ:  3,6336; MV:    9; DT:    6; SOL: [0 0 0 0 0 0 0 0 0 0 0 0 0 0 0 7 0 0 0 0 5 0 0 0 1 1 1 1 1 1 1 4 1 1 1 1 2 7 2 2 2 2 2 2 2 2 2 2 2 4 2 2 2 2 2 2 4 2 2 2 2 2 2 2 2 3 3 6 3 3 3 3 3 3 4 4 4 4 4 4 5 5 5 5 5 5 6 6 6 6 4 6 6 6 6 4]
I; MQ:  3,6594; MV:   12; DT:    8; SOL: [0 0 0 0 0 0 0 0 0 0 0 0 0 0 0 7 0 0 0 0 5 0 0 0 1 1 1 1 1 1 1 4 1 1 1 1 2 7 2 2 2 4 2 2 2 2 2 2 2 4 2 2 4 4 2 2 2 2 2 2 2 2 2 2 2 3 3 6 3 3 3 3 3 3 4 2 4 4 4 4 5 5 5 5 5 5 6 6 6 6 4 6 6 6 6 4]
I; MQ:  3,6904; MV:   16; DT:   10; SOL: [0 0 0 0 0 0 0 0 0 0 0 0 0 0 0 7 0 0 0 0 5 0 0 0 1 1 1 1 1 1 1 2 1 1 1 1 2 7 2 2 2 4 2 2 2 2 2 2 2 4 2 5 4 4 2 2 4 2 2 2 2 2 2 2 2 2 3 6 3 3 3 3 3 3 4 2 4 4 2 4 5 5 5 5 5 5 6 6 6 6 4 6 6 6 6 4]
I; MQ:  3,8093; MV:   18; DT:   12; SOL: [0 0 0 0 0 0 0 0 0 0 0 0 0 0 7 7 0 0 0 0 5 0 0 0 1 1 1 1 1 1 1 2 1 1 1 1 2 7 2 2 2 4 2 2 2 2 2 2 2 4 2 5 4 4 2 2 2 4 2 2 2 2 2 2 2 7 3 6 3 3 3 3 3 3 4 2 4 4 2 4 5 5 5 5 5 5 6 6 6 4 4 6 6 6 6 4]
I; MQ:  3,9667; MV:   23; DT:   12; SOL: [0 0 0 0 7 0 0 0 0 0 0 0 0 0 7 7 7 0 7 0 5 7 7 0 1 1 1 1 1 1 1 2 1 1 1 1 2 7 2 2 2 4 2 2 2 2 2 2 2 4 2 5 4 4 2 2 2 4 2 2 2 2 2 2 2 7 3 6 3 3 3 3 3 3 4 2 4 4 2 4 5 5 5 5 5 5 6 6 6 4 4 6 6 6 6 4]
I; MQ:  4,1234; MV:   25; DT:   14; SOL: [0 0 0 0 7 7 0 0 0 0 0 0 0 0 7 7 7 0 7 7 5 7 7 7 1 1 1 1 1 1 1 2 1 1 1 1 2 2 2 2 2 4 2 2 2 2 2 2 2 4 2 5 4 4 2 2 2 4 2 2 2 2 2 2 2 2 3 6 3 3 3 3 3 3 4 2 4 4 2 4 5 5 5 5 5 5 6 6 6 4 4 6 6 6 6 4]
I; MQ:  4,2180; MV:   30; DT:   15; SOL: [0 0 0 0 7 7 0 0 0 0 0 0 0 0 7 7 7 0 7 7 5 7 7 7 1 1 1 1 1 1 1 2 1 1 1 1 2 2 2 2 2 4 2 2 2 5 2 2 2 4 2 5 4 4 2 2 3 4 2 2 2 5 5 2 2 2 3 6 3 3 3 3 3 3 4 2 3 4 2 4 5 5 5 5 5 5 6 6 6 4 4 6 6 6 6 4]
I; MQ:  4,2721; MV:   33; DT:   17; SOL: [0 0 0 0 7 7 0 0 0 0 0 0 0 0 7 7 7 0 7 7 5 7 7 7 1 1 1 1 1 1 1 2 1 1 1 1 2 2 2 2 2 4 2 2 2 5 2 2 2 2 2 5 4 4 4 2 3 4 2 2 2 5 5 4 2 2 3 6 3 3 3 3 2 3 4 2 3 4 2 2 5 5 5 5 5 5 6 6 6 4 4 6 6 6 6 4]
I; MQ:  4,3992; MV:   33; DT:   20; SOL: [0 0 0 0 7 7 0 0 0 0 0 0 0 0 7 7 7 0 7 7 5 7 7 7 1 1 1 1 1 1 1 2 2 1 1 1 2 2 2 2 2 4 2 2 2 5 2 2 2 2 2 5 4 4 4 2 3 2 2 2 2 5 5 2 2 2 3 6 3 3 3 3 2 3 4 2 3 2 2 2 5 5 5 5 5 5 6 6 6 2 4 6 6 6 6 4]
I; MQ:  4,5794; MV:   36; DT:   22; SOL: [0 0 0 0 7 7 0 0 0 0 0 0 0 0 7 7 7 0 7 7 5 7 7 7 1 1 1 2 2 1 1 2 2 1 1 1 2 2 2 2 2 4 2 2 2 5 2 2 2 2 2 5 4 4 4 2 3 2 2 2 2 5 5 2 2 2 3 6 3 3 3 3 2 3 2 2 3 2 2 2 5 5 5 5 5 5 6 6 6 2 2 6 6 6 6 2]
I; MQ:  4,7160; MV:   39; DT:   23; SOL: [0 0 0 0 7 7 0 0 0 0 0 0 0 0 7 7 7 7 7 7 5 7 7 7 1 1 1 2 2 1 1 2 2 1 1 1 2 2 2 2 2 4 2 2 2 5 2 2 2 2 2 5 4 4 4 2 3 2 2 5 5 5 5 2 2 2 3 6 3 3 3 3 2 3 2 2 3 2 2 2 5 5 5 5 5 5 6 6 6 2 2 6 6 6 6 2]
