jstl (18 classes; 4 packages; 20 deps)

Cycle #0: jstl
S; MQ:  0,0000; MV:    0; DT:    0; SOL: [0 0 0 0 0 0 1 1 2 2 2 2 3 3 3 3 3 3]
C; MQ:  2,7692; MV:    3; DT:    0; SOL: [0 0 0 2 0 0 1 1 2 2 2 2 3 3 3 3 1 1]
I; MQ:  2,7692; MV:    3; DT:    0; SOL: [0 0 0 2 0 0 1 1 2 2 2 2 3 3 3 3 1 1]

Cycle #1: jstl
S; MQ:  0,0000; MV:    0; DT:    0; SOL: [0 0 0 0 0 0 1 1 2 2 2 2 3 3 3 3 3 3]
C; MQ:  2,6051; MV:    3; DT:    0; SOL: [0 0 0 0 1 0 1 1 2 2 2 2 3 3 3 3 2 2]
I; MQ:  2,6051; MV:    3; DT:    0; SOL: [0 0 0 0 1 0 1 1 2 2 2 2 3 3 3 3 2 2]

Cycle #2: jstl
S; MQ:  0,0000; MV:    0; DT:    0; SOL: [0 0 0 0 0 0 1 1 2 2 2 2 3 3 3 3 3 3]
C; MQ:  2,7091; MV:    2; DT:    0; SOL: [0 0 3 0 0 0 1 1 1 2 2 2 3 3 3 3 3 3]
I; MQ:  2,7091; MV:    2; DT:    0; SOL: [0 0 3 0 0 0 1 1 1 2 2 2 3 3 3 3 3 3]

Cycle #3: jstl
S; MQ:  0,0000; MV:    0; DT:    0; SOL: [0 0 0 0 0 0 1 1 2 2 2 2 3 3 3 3 3 3]
C; MQ:  2,3333; MV:    2; DT:    0; SOL: [0 0 0 0 0 3 1 1 2 2 1 2 3 3 3 3 3 3]
I; MQ:  2,3333; MV:    2; DT:    0; SOL: [0 0 0 0 0 3 1 1 2 2 1 2 3 3 3 3 3 3]

Cycle #4: jstl
S; MQ:  0,0000; MV:    0; DT:    0; SOL: [0 0 0 0 0 0 1 1 2 2 2 2 3 3 3 3 3 3]
C; MQ:  2,4000; MV:    4; DT:    0; SOL: [0 0 0 0 0 0 1 1 2 2 2 2 0 1 1 3 3 2]
I; MQ:  2,4000; MV:    4; DT:    0; SOL: [0 0 0 0 0 0 1 1 2 2 2 2 0 1 1 3 3 2]

Cycle #5: jstl
S; MQ:  0,0000; MV:    0; DT:    0; SOL: [0 0 0 0 0 0 1 1 2 2 2 2 3 3 3 3 3 3]
C; MQ:  2,6235; MV:    2; DT:    0; SOL: [0 0 0 0 0 0 1 1 2 2 1 2 3 3 3 0 3 3]
I; MQ:  2,6235; MV:    2; DT:    0; SOL: [0 0 0 0 0 0 1 1 2 2 1 2 3 3 3 0 3 3]

Cycle #6: jstl
S; MQ:  0,0000; MV:    0; DT:    0; SOL: [0 0 0 0 0 0 1 1 2 2 2 2 3 3 3 3 3 3]
C; MQ:  2,3095; MV:    2; DT:    0; SOL: [0 0 0 0 0 0 3 1 0 2 2 2 3 3 3 3 3 3]
I; MQ:  2,3095; MV:    2; DT:    0; SOL: [0 0 0 0 0 0 3 1 0 2 2 2 3 3 3 3 3 3]

Cycle #7: jstl
S; MQ:  0,0000; MV:    0; DT:    0; SOL: [0 0 0 0 0 0 1 1 2 2 2 2 3 3 3 3 3 3]
C; MQ:  2,7091; MV:    2; DT:    0; SOL: [0 0 1 0 0 0 1 1 2 2 3 2 3 3 3 3 3 3]
I; MQ:  2,7091; MV:    2; DT:    0; SOL: [0 0 1 0 0 0 1 1 2 2 3 2 3 3 3 3 3 3]

Cycle #8: jstl
S; MQ:  0,0000; MV:    0; DT:    0; SOL: [0 0 0 0 0 0 1 1 2 2 2 2 3 3 3 3 3 3]
C; MQ:  2,4807; MV:    2; DT:    0; SOL: [0 0 0 0 0 0 1 2 2 2 2 2 0 3 3 3 3 3]
I; MQ:  2,4807; MV:    2; DT:    0; SOL: [0 0 0 0 0 0 1 2 2 2 2 2 0 3 3 3 3 3]

Cycle #9: jstl
S; MQ:  0,0000; MV:    0; DT:    0; SOL: [0 0 0 0 0 0 1 1 2 2 2 2 3 3 3 3 3 3]
C; MQ:  2,5662; MV:    2; DT:    0; SOL: [0 0 3 0 0 0 1 2 2 2 2 2 3 3 3 3 3 3]
I; MQ:  2,5662; MV:    2; DT:    0; SOL: [0 0 3 0 0 0 1 2 2 2 2 2 3 3 3 3 3 3]

Cycle #10: jstl
S; MQ:  0,0000; MV:    0; DT:    0; SOL: [0 0 0 0 0 0 1 1 2 2 2 2 3 3 3 3 3 3]
C; MQ:  2,4167; MV:    4; DT:    0; SOL: [0 0 0 0 0 0 1 1 2 2 2 2 1 2 1 3 3 0]
I; MQ:  2,4167; MV:    4; DT:    0; SOL: [0 0 0 0 0 0 1 1 2 2 2 2 1 2 1 3 3 0]

Cycle #11: jstl
S; MQ:  0,0000; MV:    0; DT:    0; SOL: [0 0 0 0 0 0 1 1 2 2 2 2 3 3 3 3 3 3]
C; MQ:  2,8385; MV:    3; DT:    0; SOL: [0 0 1 0 0 0 1 1 2 2 2 2 3 2 2 3 3 3]
I; MQ:  2,8385; MV:    3; DT:    0; SOL: [0 0 1 0 0 0 1 1 2 2 2 2 3 2 2 3 3 3]

Cycle #12: jstl
S; MQ:  0,0000; MV:    0; DT:    0; SOL: [0 0 0 0 0 0 1 1 2 2 2 2 3 3 3 3 3 3]
C; MQ:  2,7692; MV:    3; DT:    0; SOL: [0 0 0 0 2 0 1 1 2 2 2 2 3 1 1 3 3 3]
I; MQ:  2,7692; MV:    3; DT:    0; SOL: [0 0 0 0 2 0 1 1 2 2 2 2 3 1 1 3 3 3]

Cycle #13: jstl
S; MQ:  0,0000; MV:    0; DT:    0; SOL: [0 0 0 0 0 0 1 1 2 2 2 2 3 3 3 3 3 3]
C; MQ:  2,8385; MV:    3; DT:    0; SOL: [0 0 1 0 0 0 1 1 2 2 2 2 2 3 2 3 3 3]
I; MQ:  2,8385; MV:    3; DT:    0; SOL: [0 0 1 0 0 0 1 1 2 2 2 2 2 3 2 3 3 3]

Cycle #14: jstl
S; MQ:  0,0000; MV:    0; DT:    0; SOL: [0 0 0 0 0 0 1 1 2 2 2 2 3 3 3 3 3 3]
C; MQ:  2,7692; MV:    3; DT:    0; SOL: [0 0 0 0 2 0 1 1 2 2 2 2 3 3 3 1 3 1]
I; MQ:  2,7692; MV:    3; DT:    0; SOL: [0 0 0 0 2 0 1 1 2 2 2 2 3 3 3 1 3 1]

Cycle #15: jstl
S; MQ:  0,0000; MV:    0; DT:    0; SOL: [0 0 0 0 0 0 1 1 2 2 2 2 3 3 3 3 3 3]
C; MQ:  2,2857; MV:    2; DT:    0; SOL: [0 0 0 0 2 0 1 3 2 2 2 2 3 3 3 3 3 3]
I; MQ:  2,2857; MV:    2; DT:    0; SOL: [0 0 0 0 2 0 1 3 2 2 2 2 3 3 3 3 3 3]

Cycle #16: jstl
S; MQ:  0,0000; MV:    0; DT:    0; SOL: [0 0 0 0 0 0 1 1 2 2 2 2 3 3 3 3 3 3]
C; MQ:  2,6235; MV:    2; DT:    0; SOL: [0 0 0 0 0 0 1 1 1 2 2 2 3 3 3 3 0 3]
I; MQ:  2,6235; MV:    2; DT:    0; SOL: [0 0 0 0 0 0 1 1 1 2 2 2 3 3 3 3 0 3]

Cycle #17: jstl
S; MQ:  0,0000; MV:    0; DT:    0; SOL: [0 0 0 0 0 0 1 1 2 2 2 2 3 3 3 3 3 3]
C; MQ:  2,4807; MV:    2; DT:    0; SOL: [0 0 0 0 0 0 2 1 2 2 2 2 3 3 3 0 3 3]
I; MQ:  2,4807; MV:    2; DT:    0; SOL: [0 0 0 0 0 0 2 1 2 2 2 2 3 3 3 0 3 3]

Cycle #18: jstl
S; MQ:  0,0000; MV:    0; DT:    0; SOL: [0 0 0 0 0 0 1 1 2 2 2 2 3 3 3 3 3 3]
C; MQ:  2,7091; MV:    2; DT:    0; SOL: [0 0 1 0 0 0 1 1 2 2 3 2 3 3 3 3 3 3]
I; MQ:  2,7091; MV:    2; DT:    0; SOL: [0 0 1 0 0 0 1 1 2 2 3 2 3 3 3 3 3 3]

Cycle #19: jstl
S; MQ:  0,0000; MV:    0; DT:    0; SOL: [0 0 0 0 0 0 1 1 2 2 2 2 3 3 3 3 3 3]
C; MQ:  2,4807; MV:    2; DT:    0; SOL: [0 0 0 0 0 0 1 2 2 2 2 2 3 3 3 3 0 3]
I; MQ:  2,4807; MV:    2; DT:    0; SOL: [0 0 0 0 0 0 1 2 2 2 2 2 3 3 3 3 0 3]

Cycle #20: jstl
S; MQ:  0,0000; MV:    0; DT:    0; SOL: [0 0 0 0 0 0 1 1 2 2 2 2 3 3 3 3 3 3]
C; MQ:  2,1905; MV:    2; DT:    0; SOL: [0 0 0 0 0 3 1 2 2 2 2 2 3 3 3 3 3 3]
I; MQ:  2,1905; MV:    2; DT:    0; SOL: [0 0 0 0 0 3 1 2 2 2 2 2 3 3 3 3 3 3]

Cycle #21: jstl
S; MQ:  0,0000; MV:    0; DT:    0; SOL: [0 0 0 0 0 0 1 1 2 2 2 2 3 3 3 3 3 3]
C; MQ:  2,2662; MV:    3; DT:    0; SOL: [0 0 0 0 0 0 1 1 1 3 0 2 3 3 3 3 3 3]
I; MQ:  2,2662; MV:    3; DT:    0; SOL: [0 0 0 0 0 0 1 1 1 3 0 2 3 3 3 3 3 3]

Cycle #22: jstl
S; MQ:  0,0000; MV:    0; DT:    0; SOL: [0 0 0 0 0 0 1 1 2 2 2 2 3 3 3 3 3 3]
C; MQ:  2,3095; MV:    2; DT:    0; SOL: [0 0 0 0 0 0 1 3 2 0 2 2 3 3 3 3 3 3]
I; MQ:  2,3095; MV:    2; DT:    0; SOL: [0 0 0 0 0 0 1 3 2 0 2 2 3 3 3 3 3 3]

Cycle #23: jstl
S; MQ:  0,0000; MV:    0; DT:    0; SOL: [0 0 0 0 0 0 1 1 2 2 2 2 3 3 3 3 3 3]
C; MQ:  2,4807; MV:    2; DT:    0; SOL: [0 0 0 0 0 0 1 2 2 2 2 2 3 3 3 3 0 3]
I; MQ:  2,4807; MV:    2; DT:    0; SOL: [0 0 0 0 0 0 1 2 2 2 2 2 3 3 3 3 0 3]

Cycle #24: jstl
S; MQ:  0,0000; MV:    0; DT:    0; SOL: [0 0 0 0 0 0 1 1 2 2 2 2 3 3 3 3 3 3]
C; MQ:  2,7692; MV:    3; DT:    0; SOL: [0 0 0 2 0 0 1 1 2 2 2 2 3 1 1 3 3 3]
I; MQ:  2,7692; MV:    3; DT:    0; SOL: [0 0 0 2 0 0 1 1 2 2 2 2 3 1 1 3 3 3]

Cycle #25: jstl
S; MQ:  0,0000; MV:    0; DT:    0; SOL: [0 0 0 0 0 0 1 1 2 2 2 2 3 3 3 3 3 3]
C; MQ:  2,7692; MV:    3; DT:    0; SOL: [0 0 0 2 0 0 1 1 2 2 2 2 3 1 1 3 3 3]
I; MQ:  2,7692; MV:    3; DT:    0; SOL: [0 0 0 2 0 0 1 1 2 2 2 2 3 1 1 3 3 3]

Cycle #26: jstl
S; MQ:  0,0000; MV:    0; DT:    0; SOL: [0 0 0 0 0 0 1 1 2 2 2 2 3 3 3 3 3 3]
C; MQ:  2,6051; MV:    3; DT:    0; SOL: [0 0 0 0 1 0 1 1 2 2 2 2 3 3 3 2 3 2]
I; MQ:  2,6051; MV:    3; DT:    0; SOL: [0 0 0 0 1 0 1 1 2 2 2 2 3 3 3 2 3 2]

Cycle #27: jstl
S; MQ:  0,0000; MV:    0; DT:    0; SOL: [0 0 0 0 0 0 1 1 2 2 2 2 3 3 3 3 3 3]
C; MQ:  2,7692; MV:    3; DT:    0; SOL: [0 0 0 0 2 0 1 1 2 2 2 2 3 3 3 3 1 1]
I; MQ:  2,7692; MV:    3; DT:    0; SOL: [0 0 0 0 2 0 1 1 2 2 2 2 3 3 3 3 1 1]

Cycle #28: jstl
S; MQ:  0,0000; MV:    0; DT:    0; SOL: [0 0 0 0 0 0 1 1 2 2 2 2 3 3 3 3 3 3]
C; MQ:  2,6235; MV:    2; DT:    0; SOL: [0 0 0 0 0 0 1 1 1 2 2 2 3 0 3 3 3 3]
I; MQ:  2,6235; MV:    2; DT:    0; SOL: [0 0 0 0 0 0 1 1 1 2 2 2 3 0 3 3 3 3]

Cycle #29: jstl
S; MQ:  0,0000; MV:    0; DT:    0; SOL: [0 0 0 0 0 0 1 1 2 2 2 2 3 3 3 3 3 3]
C; MQ:  2,3322; MV:    2; DT:    0; SOL: [0 0 0 0 0 0 1 0 2 3 2 2 3 3 3 3 3 3]
I; MQ:  2,3322; MV:    2; DT:    0; SOL: [0 0 0 0 0 0 1 0 2 3 2 2 3 3 3 3 3 3]
