junit (100 classes; 6 packages; 276 deps)

Cycle #0: junit
S; MQ:  3,0259; MV:    0; DT:    0; SOL: [0 0 0 0 0 0 0 0 0 0 0 0 0 0 0 0 1 1 1 1 1 1 1 2 2 2 2 2 2 2 2 2 2 2 2 3 3 3 3 3 3 3 3 3 3 3 3 3 3 4 4 4 4 4 4 4 4 4 4 4 4 4 4 4 4 4 4 4 4 4 4 4 4 4 4 4 4 4 4 4 4 4 4 4 4 4 4 4 4 4 4 4 4 4 4 4 4 4 5 5]
C; MQ:  4,9402; MV:   35; DT:    0; SOL: [0 0 0 0 5 0 5 0 0 0 0 0 0 0 0 0 6 6 2 1 1 1 1 2 5 2 1 1 8 1 5 8 1 8 8 5 3 4 3 5 3 3 3 5 3 3 3 5 4 4 4 4 7 4 4 4 1 1 1 7 7 4 4 1 1 4 4 4 4 4 4 1 4 7 4 7 1 4 4 4 4 4 4 4 1 4 4 4 4 4 4 3 4 4 4 4 4 4 5 5]
I; MQ:  3,1861; MV:    5; DT:    0; SOL: [0 0 0 0 0 0 2 0 0 0 0 0 0 0 0 0 1 1 2 1 1 1 1 2 2 2 2 2 2 2 5 2 2 2 2 3 3 3 3 3 3 3 3 3 3 3 3 3 3 4 4 4 4 4 4 4 4 4 4 4 4 4 4 4 2 4 4 4 4 4 4 4 4 4 4 4 4 4 4 4 4 4 4 4 4 4 4 4 4 4 4 3 4 4 4 4 4 4 5 5]
I; MQ:  3,2720; MV:   10; DT:    0; SOL: [0 0 0 0 0 0 2 0 0 0 0 0 0 0 0 0 1 1 2 1 1 1 1 2 5 5 2 2 2 5 5 2 2 2 2 2 3 3 3 3 3 3 3 5 3 3 3 3 3 4 4 4 4 4 4 4 4 4 4 4 4 4 4 4 2 4 4 4 4 4 4 4 4 4 4 4 4 4 4 4 4 4 4 4 4 4 4 4 4 4 4 3 4 4 4 4 4 4 5 5]
I; MQ:  3,3642; MV:   10; DT:    4; SOL: [0 0 0 0 0 0 5 0 0 0 0 0 0 0 0 0 1 1 2 1 1 1 1 2 5 2 2 2 2 4 5 2 2 2 2 5 3 3 3 3 3 3 3 5 3 3 3 3 3 4 4 4 4 4 4 4 4 4 4 4 4 4 4 4 2 4 4 4 4 4 4 4 4 4 4 4 2 4 4 4 4 4 4 4 4 4 4 4 4 4 4 3 4 4 4 4 4 4 5 5]
I; MQ:  3,4725; MV:   12; DT:    6; SOL: [0 0 0 0 0 0 2 0 0 0 0 0 0 0 0 0 1 1 2 1 1 1 1 2 5 2 2 4 2 4 5 2 2 2 2 5 3 3 3 5 3 3 3 5 3 3 3 5 3 4 4 4 4 4 4 4 4 4 4 4 4 4 4 4 4 4 4 4 4 4 4 4 4 4 4 4 2 4 4 4 4 4 4 4 4 4 4 4 4 4 4 3 4 4 4 4 4 4 5 5]
I; MQ:  3,6569; MV:   14; DT:    8; SOL: [0 0 0 0 0 0 5 0 0 0 0 0 0 0 0 0 1 6 2 1 1 1 1 2 5 2 2 4 2 4 5 2 1 2 6 5 3 3 3 5 3 3 3 5 3 3 3 5 3 4 4 4 4 4 4 4 4 4 4 4 4 4 4 4 4 4 4 4 4 4 4 4 4 4 4 4 4 4 4 4 4 4 4 4 4 4 4 4 4 4 4 3 4 4 4 4 4 4 5 5]
I; MQ:  4,0333; MV:   17; DT:   11; SOL: [0 0 0 0 0 0 5 0 0 0 0 0 0 0 0 0 6 6 2 1 1 1 1 2 5 2 2 7 2 4 5 2 1 2 7 5 3 3 3 5 3 3 3 5 3 3 3 5 3 4 4 4 7 4 4 4 4 4 4 4 4 4 4 4 7 4 4 4 4 4 4 4 4 4 4 4 4 4 4 4 4 4 4 4 4 4 4 4 4 4 4 3 4 4 4 4 4 4 5 5]
I; MQ:  4,0994; MV:   20; DT:   13; SOL: [0 0 0 0 0 0 7 0 0 0 0 0 0 0 0 0 6 6 2 1 1 1 1 2 5 2 2 7 2 4 5 2 1 2 8 5 3 3 3 5 3 3 3 5 3 3 3 5 3 4 4 4 7 4 4 4 4 4 4 7 7 4 4 4 7 4 4 4 4 4 4 4 4 4 4 7 4 4 4 4 4 4 4 4 4 4 4 4 4 4 4 3 4 4 4 4 4 4 5 5]
I; MQ:  4,2729; MV:   22; DT:   16; SOL: [0 0 0 0 0 0 5 0 0 0 0 0 0 0 0 0 6 6 2 1 1 1 1 2 5 2 2 1 2 4 5 2 1 2 1 5 3 3 3 5 3 3 3 5 3 3 3 5 3 4 4 4 7 4 4 4 4 4 4 7 7 4 4 7 7 4 4 4 4 4 4 4 4 7 4 7 4 4 4 4 4 4 4 4 4 4 4 4 4 4 4 3 4 4 4 4 4 4 5 5]
I; MQ:  4,4067; MV:   22; DT:   21; SOL: [0 0 0 0 0 0 1 0 0 0 0 0 0 0 0 0 6 6 2 1 1 1 1 2 5 2 2 1 2 4 5 2 1 2 8 5 3 3 3 5 3 3 3 5 3 3 3 5 3 4 4 4 7 4 4 4 4 4 4 7 7 4 4 4 1 4 4 4 4 4 4 4 4 7 4 7 1 4 4 4 4 4 4 4 4 4 4 4 4 4 4 3 4 4 4 4 4 4 5 5]
I; MQ:  4,5493; MV:   25; DT:   22; SOL: [0 0 0 0 0 0 1 0 0 0 0 0 0 0 0 0 6 6 2 1 1 1 1 2 2 2 2 1 8 4 5 8 1 8 8 5 3 3 3 5 3 3 3 5 3 3 3 5 3 4 4 4 7 4 4 4 4 4 4 7 7 4 4 4 1 4 4 4 4 4 4 4 4 7 4 7 1 4 4 4 4 4 4 4 1 4 4 4 4 4 4 3 4 4 4 4 4 4 5 5]
I; MQ:  4,7029; MV:   28; DT:   24; SOL: [0 0 0 0 0 0 5 0 0 0 0 0 0 0 0 0 6 6 2 1 1 1 1 2 2 2 2 1 8 1 5 8 1 8 8 5 3 1 3 5 3 3 3 5 3 3 3 5 4 4 4 4 7 4 4 4 4 4 4 7 7 4 4 4 1 4 4 4 4 4 4 1 4 7 4 7 1 4 4 4 4 4 4 4 1 4 4 4 4 4 4 3 4 4 4 4 4 4 5 5]
I; MQ:  4,7924; MV:   32; DT:   26; SOL: [0 0 0 0 0 0 5 0 0 0 0 0 0 0 0 0 6 6 2 1 1 1 1 2 2 2 2 1 8 1 5 8 1 8 8 5 3 4 3 5 3 3 3 5 3 3 3 5 4 4 4 4 7 4 4 4 1 1 1 7 7 4 4 1 1 4 4 4 4 4 4 1 4 7 4 7 1 4 4 4 4 4 4 4 1 4 4 4 4 4 4 3 4 4 4 4 4 4 5 5]
I; MQ:  4,9402; MV:   35; DT:   27; SOL: [0 0 0 0 5 0 5 0 0 0 0 0 0 0 0 0 6 6 2 1 1 1 1 2 5 2 1 1 8 1 5 8 1 8 8 5 3 4 3 5 3 3 3 5 3 3 3 5 4 4 4 4 7 4 4 4 1 1 1 7 7 4 4 1 1 4 4 4 4 4 4 1 4 7 4 7 1 4 4 4 4 4 4 4 1 4 4 4 4 4 4 3 4 4 4 4 4 4 5 5]

Cycle #1: junit
S; MQ:  3,0259; MV:    0; DT:    0; SOL: [0 0 0 0 0 0 0 0 0 0 0 0 0 0 0 0 1 1 1 1 1 1 1 2 2 2 2 2 2 2 2 2 2 2 2 3 3 3 3 3 3 3 3 3 3 3 3 3 3 4 4 4 4 4 4 4 4 4 4 4 4 4 4 4 4 4 4 4 4 4 4 4 4 4 4 4 4 4 4 4 4 4 4 4 4 4 4 4 4 4 4 4 4 4 4 4 4 4 5 5]
C; MQ:  4,5102; MV:   30; DT:    0; SOL: [0 0 0 0 0 0 2 0 0 0 0 0 0 0 0 0 1 1 1 2 1 1 1 1 2 1 1 2 2 2 2 2 2 2 2 6 3 5 3 6 3 3 3 6 3 3 3 6 6 4 4 4 4 5 5 5 2 2 2 4 4 2 2 2 4 4 4 4 4 4 4 2 4 4 4 4 2 4 4 4 4 4 4 4 2 4 4 4 4 4 4 3 4 4 2 2 2 2 2 6]
I; MQ:  3,1772; MV:    5; DT:    0; SOL: [0 0 0 0 0 0 0 0 0 0 0 0 0 0 0 0 1 1 1 1 1 1 1 2 5 5 2 2 2 5 2 2 2 2 2 3 3 3 3 3 3 3 3 3 3 3 3 3 3 4 4 4 4 4 4 4 4 4 4 4 4 4 4 4 4 4 4 4 4 4 4 4 4 4 4 4 4 4 4 4 4 4 4 4 4 4 4 4 4 4 4 4 4 4 4 4 4 2 5 3]
I; MQ:  3,3446; MV:   10; DT:    0; SOL: [0 0 0 0 0 0 0 0 0 0 0 0 0 0 0 0 1 1 1 1 1 1 1 2 5 5 1 2 2 5 2 2 2 2 2 3 3 3 3 3 3 3 3 3 3 3 3 3 3 4 4 4 4 4 4 4 4 4 4 4 4 2 2 4 4 4 4 4 4 4 4 4 4 4 4 4 4 4 4 4 4 4 4 4 4 4 4 4 4 4 4 4 4 4 4 2 2 2 5 3]
I; MQ:  3,3825; MV:   14; DT:    1; SOL: [0 0 0 0 0 0 0 0 0 0 0 0 0 0 0 0 1 1 1 2 1 1 1 1 5 1 1 2 2 5 2 2 2 2 2 3 3 3 3 3 3 3 3 3 3 3 3 3 3 4 4 4 4 4 4 4 4 4 4 4 4 2 2 2 4 4 4 4 4 4 4 4 4 4 4 4 2 4 4 4 4 4 4 4 4 4 4 4 4 4 4 4 4 4 4 2 2 2 5 3]
I; MQ:  3,5680; MV:   18; DT:    2; SOL: [0 0 0 6 0 0 0 0 0 0 0 0 0 0 0 0 1 1 1 2 1 1 1 1 5 1 1 2 2 5 2 2 2 2 2 6 3 3 3 3 3 3 3 3 3 3 3 6 3 4 4 4 4 4 4 4 4 4 4 4 4 2 2 2 4 4 4 4 4 4 4 4 4 4 4 4 2 4 4 4 4 4 4 4 4 4 4 4 4 4 4 4 4 4 2 2 2 2 5 6]
I; MQ:  3,7489; MV:   21; DT:    3; SOL: [0 0 0 0 0 0 0 0 0 0 0 0 0 0 0 0 1 1 1 2 1 1 1 1 5 1 1 2 2 5 2 2 2 2 2 6 3 5 3 6 3 3 3 3 3 3 3 6 3 4 4 4 4 4 4 4 4 6 4 4 4 2 2 2 4 4 4 4 4 4 4 4 4 4 4 4 2 4 4 4 4 4 4 4 2 4 4 4 4 4 4 4 4 4 2 2 2 2 5 6]
I; MQ:  3,8159; MV:   25; DT:    5; SOL: [0 0 0 6 0 0 0 0 0 0 0 0 0 0 0 0 1 1 1 2 1 1 1 1 5 1 1 2 2 5 5 2 2 2 2 6 3 5 3 6 3 3 3 3 3 3 3 6 3 4 4 4 4 4 4 4 2 2 2 4 4 2 2 2 4 4 4 4 4 4 4 4 4 4 4 4 2 4 4 4 4 4 4 4 2 4 4 4 4 4 4 4 4 4 2 2 2 2 5 6]
I; MQ:  4,0891; MV:   28; DT:    6; SOL: [0 0 0 0 0 0 0 0 0 0 0 0 0 0 0 0 1 1 1 2 1 1 1 1 5 1 1 2 2 5 5 2 2 2 2 6 3 5 3 6 3 3 3 6 3 3 3 6 3 4 4 4 4 2 5 5 2 2 2 4 4 2 2 2 4 4 4 4 4 4 4 4 4 4 4 4 2 4 4 4 4 4 4 4 2 4 4 4 4 4 4 4 4 4 2 2 2 2 5 6]
I; MQ:  4,3142; MV:   28; DT:   10; SOL: [0 0 0 0 0 0 0 0 0 0 0 0 0 0 0 0 1 1 1 2 1 1 1 1 1 1 1 2 2 1 2 2 2 2 2 6 3 5 3 6 3 3 3 6 3 3 3 6 3 4 4 4 4 5 5 5 2 2 2 4 4 2 2 2 4 4 4 4 4 4 4 4 4 4 4 4 2 4 4 4 4 4 4 4 2 4 4 4 4 4 4 4 4 4 2 2 2 2 6 6]
I; MQ:  4,4839; MV:   27; DT:   14; SOL: [0 0 0 0 0 0 0 0 0 0 0 0 0 0 0 0 1 1 1 2 1 1 1 1 2 1 1 2 2 2 2 2 2 2 2 6 3 2 3 6 3 3 3 6 3 3 3 6 2 4 4 4 4 5 5 5 2 2 2 4 4 2 2 2 4 4 4 4 4 4 4 4 4 4 4 4 2 4 4 4 4 4 4 4 2 4 4 4 4 4 4 4 4 4 2 2 2 2 2 6]
I; MQ:  4,5102; MV:   30; DT:   16; SOL: [0 0 0 0 0 0 2 0 0 0 0 0 0 0 0 0 1 1 1 2 1 1 1 1 2 1 1 2 2 2 2 2 2 2 2 6 3 5 3 6 3 3 3 6 3 3 3 6 6 4 4 4 4 5 5 5 2 2 2 4 4 2 2 2 4 4 4 4 4 4 4 2 4 4 4 4 2 4 4 4 4 4 4 4 2 4 4 4 4 4 4 3 4 4 2 2 2 2 2 6]

Cycle #2: junit
S; MQ:  3,0259; MV:    0; DT:    0; SOL: [0 0 0 0 0 0 0 0 0 0 0 0 0 0 0 0 1 1 1 1 1 1 1 2 2 2 2 2 2 2 2 2 2 2 2 3 3 3 3 3 3 3 3 3 3 3 3 3 3 4 4 4 4 4 4 4 4 4 4 4 4 4 4 4 4 4 4 4 4 4 4 4 4 4 4 4 4 4 4 4 4 4 4 4 4 4 4 4 4 4 4 4 4 4 4 4 4 4 5 5]
C; MQ:  3,9919; MV:   34; DT:    0; SOL: [0 0 0 0 0 0 5 0 0 0 0 0 0 0 0 0 1 1 1 5 1 1 1 1 5 1 1 5 5 5 5 5 5 5 5 5 3 4 3 5 3 3 3 5 3 3 3 5 4 4 4 4 4 4 4 4 5 5 5 4 4 2 2 5 4 4 4 4 4 4 4 5 4 4 4 4 5 4 4 4 4 4 4 4 5 4 4 4 4 4 4 3 4 4 2 2 2 2 5 5]
I; MQ:  3,1138; MV:    5; DT:    0; SOL: [0 0 0 0 0 0 0 0 0 0 0 0 0 0 0 0 1 1 1 1 1 1 1 2 2 2 1 2 2 2 2 2 2 2 2 3 3 3 3 3 3 3 3 3 3 3 3 3 3 4 4 4 4 4 4 4 4 2 4 4 4 4 4 4 4 4 4 4 4 4 4 2 4 4 4 4 2 4 4 4 4 4 4 4 2 4 4 4 4 4 4 4 4 4 4 4 4 4 5 5]
I; MQ:  3,1918; MV:   10; DT:    0; SOL: [0 0 0 0 0 0 0 0 0 0 0 0 0 0 0 0 1 1 1 1 1 1 1 2 2 2 1 2 5 2 2 5 2 5 5 3 3 3 3 3 3 3 3 3 3 3 3 3 3 4 4 4 4 4 4 4 4 2 4 4 4 4 4 4 4 4 4 4 4 4 4 2 4 4 4 4 2 4 4 4 4 4 4 4 2 4 4 4 4 4 4 4 4 4 4 4 4 4 5 3]
I; MQ:  3,2248; MV:   15; DT:    0; SOL: [0 0 0 0 0 0 0 0 0 0 0 0 0 0 0 0 1 1 1 1 1 1 1 2 2 2 1 2 5 2 2 5 5 5 5 3 3 3 3 3 3 3 3 3 3 3 3 3 3 4 4 4 4 4 4 4 4 2 4 4 4 4 2 2 4 4 4 4 4 4 4 2 4 4 4 4 2 4 4 4 4 4 4 4 2 4 4 4 4 4 4 4 4 4 4 2 4 2 5 3]
I; MQ:  3,3649; MV:   19; DT:    1; SOL: [0 0 0 0 2 0 2 0 0 0 0 0 0 0 0 0 1 1 1 1 1 1 1 2 2 2 1 2 5 2 2 5 5 5 5 3 3 4 3 3 3 3 3 3 3 3 3 3 3 4 4 4 4 4 4 4 4 2 4 4 4 4 2 2 4 4 4 4 4 4 4 5 4 4 4 4 2 4 4 4 4 4 4 4 2 4 4 4 4 4 4 4 4 4 4 2 2 2 5 3]
I; MQ:  3,4251; MV:   21; DT:    3; SOL: [0 0 0 0 2 0 2 0 0 0 0 0 0 0 0 0 1 1 1 1 1 1 1 2 5 2 1 2 5 5 2 5 5 5 5 3 3 5 3 3 3 3 3 3 3 3 3 3 3 4 4 4 4 4 4 4 4 4 4 4 4 2 2 2 4 4 4 4 4 4 4 5 4 4 4 4 2 4 4 4 4 4 4 4 2 4 4 4 4 4 4 4 4 4 4 2 2 2 5 3]
I; MQ:  3,4734; MV:   23; DT:    6; SOL: [0 0 0 0 2 0 2 0 0 0 0 0 0 0 0 0 1 1 1 1 1 1 1 2 5 2 1 2 5 5 2 5 5 5 5 5 3 4 3 3 3 3 3 3 3 3 3 3 3 4 4 4 4 4 4 4 4 5 4 4 4 2 2 2 4 4 4 4 4 4 4 5 4 4 4 4 2 4 4 4 4 4 4 4 2 4 4 4 4 4 4 3 4 4 4 2 2 2 5 5]
I; MQ:  3,5499; MV:   26; DT:    7; SOL: [0 0 0 0 2 0 2 0 0 0 0 0 0 0 0 0 1 1 1 1 1 1 1 2 2 2 1 2 5 5 2 5 5 5 5 5 3 4 3 5 3 3 3 5 3 3 3 5 3 4 4 4 4 4 4 4 4 5 2 4 4 2 2 2 4 4 4 4 4 4 4 5 4 4 4 4 2 4 4 4 4 4 4 4 2 4 4 4 4 4 4 3 4 4 4 2 2 2 5 5]
I; MQ:  3,6613; MV:   28; DT:   10; SOL: [0 0 0 0 0 0 2 0 0 0 0 0 0 0 0 0 1 1 1 1 1 1 1 2 5 2 1 2 5 5 2 5 5 5 5 5 3 4 3 5 3 3 3 5 3 3 3 5 3 4 4 4 4 4 4 4 2 2 2 4 4 2 2 2 4 4 4 4 4 4 4 5 4 4 4 4 2 4 4 4 4 4 4 4 2 4 4 4 4 4 4 3 4 4 2 2 2 2 5 5]
I; MQ:  3,8717; MV:   31; DT:   11; SOL: [0 0 0 0 0 0 0 0 0 0 0 0 0 0 0 0 1 1 1 1 1 1 1 1 5 1 1 2 5 5 5 5 5 5 5 5 3 4 3 5 3 3 3 5 3 3 3 5 4 4 4 4 4 4 4 4 2 2 2 4 4 2 2 2 4 4 4 4 4 4 4 5 4 4 4 4 2 4 4 4 4 4 4 4 2 4 4 4 4 4 4 3 4 4 2 2 2 2 5 5]
I; MQ:  3,9085; MV:   33; DT:   15; SOL: [0 0 0 0 0 0 5 0 0 0 0 0 0 0 0 0 1 1 1 1 1 1 1 1 5 1 1 5 5 5 5 5 5 5 5 5 3 4 3 5 3 3 3 5 3 3 3 5 4 4 4 4 4 4 4 4 2 5 2 4 4 2 2 2 4 4 4 4 4 4 4 5 4 4 4 4 5 4 4 4 4 4 4 4 5 4 4 4 4 4 4 3 4 4 2 2 2 2 5 5]
I; MQ:  3,9919; MV:   34; DT:   18; SOL: [0 0 0 0 0 0 5 0 0 0 0 0 0 0 0 0 1 1 1 5 1 1 1 1 5 1 1 5 5 5 5 5 5 5 5 5 3 4 3 5 3 3 3 5 3 3 3 5 4 4 4 4 4 4 4 4 5 5 5 4 4 2 2 5 4 4 4 4 4 4 4 5 4 4 4 4 5 4 4 4 4 4 4 4 5 4 4 4 4 4 4 3 4 4 2 2 2 2 5 5]

Cycle #3: junit
S; MQ:  3,0259; MV:    0; DT:    0; SOL: [0 0 0 0 0 0 0 0 0 0 0 0 0 0 0 0 1 1 1 1 1 1 1 2 2 2 2 2 2 2 2 2 2 2 2 3 3 3 3 3 3 3 3 3 3 3 3 3 3 4 4 4 4 4 4 4 4 4 4 4 4 4 4 4 4 4 4 4 4 4 4 4 4 4 4 4 4 4 4 4 4 4 4 4 4 4 4 4 4 4 4 4 4 4 4 4 4 4 5 5]
C; MQ:  3,9358; MV:   22; DT:    0; SOL: [0 0 0 0 0 0 2 0 0 0 0 0 0 0 0 0 1 1 2 1 1 1 1 2 2 2 1 2 2 5 2 2 2 2 2 2 3 5 3 2 3 3 3 2 3 3 3 2 4 4 4 4 4 5 5 5 5 5 5 4 4 4 4 4 4 4 4 4 4 4 4 2 4 4 4 4 2 4 4 4 4 4 4 4 2 4 4 4 4 4 4 3 4 4 4 4 4 4 2 2]
I; MQ:  3,0552; MV:    5; DT:    0; SOL: [0 0 0 0 0 0 2 0 0 0 0 0 0 0 0 0 1 1 1 1 1 1 1 2 2 2 2 2 2 2 2 2 2 2 5 3 3 3 5 3 3 3 3 3 3 3 3 3 3 4 4 4 4 4 4 4 4 4 4 4 4 4 4 4 2 4 4 4 4 4 4 4 4 4 4 4 2 4 4 4 4 4 4 4 4 4 4 4 4 4 4 4 4 4 4 4 4 4 5 5]
I; MQ:  3,1584; MV:    6; DT:    2; SOL: [0 0 0 0 0 0 2 0 0 0 0 0 0 0 0 0 1 1 1 1 1 1 1 2 5 2 2 2 2 2 2 2 2 2 2 5 3 3 3 3 3 3 3 3 3 3 3 3 3 4 4 4 4 4 4 4 4 2 4 4 4 4 4 4 2 4 4 4 4 4 4 4 4 4 4 4 2 4 4 4 4 4 4 4 4 4 4 4 4 4 4 4 4 4 4 4 4 4 5 5]
I; MQ:  3,1870; MV:    8; DT:    5; SOL: [0 0 0 0 0 0 2 0 0 0 0 0 0 0 0 0 1 1 1 1 1 1 1 2 2 2 2 2 2 2 2 2 2 2 5 5 3 3 3 3 3 3 3 3 3 3 3 3 3 4 4 4 4 4 4 4 4 5 5 4 4 4 4 5 2 4 4 4 4 4 4 4 4 4 4 4 2 4 4 4 4 4 4 4 4 4 4 4 4 4 4 4 4 4 4 4 4 4 5 5]
I; MQ:  3,2018; MV:   10; DT:    7; SOL: [0 0 0 0 0 0 2 0 0 0 0 0 0 0 0 0 1 1 0 1 1 1 1 2 2 2 2 2 2 2 2 2 2 2 2 2 3 3 3 3 3 3 3 3 3 3 3 3 3 4 4 4 4 4 4 4 4 5 5 4 4 4 4 5 2 4 4 4 4 4 4 4 4 4 4 4 2 4 4 4 4 4 4 4 4 4 4 4 4 4 4 3 4 4 4 4 4 4 5 3]
I; MQ:  3,3488; MV:    9; DT:   11; SOL: [0 0 0 0 0 0 2 0 0 0 0 0 0 0 0 0 1 1 2 1 1 1 1 2 2 2 2 2 2 5 2 2 2 2 2 2 3 3 3 3 3 3 3 3 3 3 3 3 3 4 4 4 4 4 4 4 4 5 5 4 4 4 4 5 4 4 4 4 4 4 4 4 4 4 4 4 4 4 4 4 4 4 4 4 4 4 4 4 4 4 4 3 4 4 4 4 4 4 5 2]
I; MQ:  3,5603; MV:   12; DT:   12; SOL: [0 0 0 0 0 0 2 0 0 0 0 0 0 0 0 0 1 1 2 1 1 1 1 2 2 2 2 2 2 5 2 2 2 2 2 2 3 5 3 3 3 3 3 3 3 3 3 3 3 4 4 4 4 4 5 5 5 5 5 4 4 4 4 4 4 4 4 4 4 4 4 4 4 4 4 4 4 4 4 4 4 4 4 4 4 4 4 4 4 4 4 3 4 4 4 4 4 4 5 2]
I; MQ:  3,6935; MV:   17; DT:   13; SOL: [0 0 0 0 0 0 2 0 0 0 0 0 0 0 0 0 1 1 2 1 1 1 1 2 2 2 2 2 2 5 2 2 2 2 2 2 3 5 3 3 3 3 3 2 3 3 3 2 3 4 4 4 4 5 5 5 5 5 5 4 4 4 4 4 4 4 4 4 4 4 4 4 4 4 4 4 2 4 4 4 4 4 4 4 2 4 4 4 4 4 4 3 4 4 4 4 4 4 5 2]
I; MQ:  3,9358; MV:   22; DT:   13; SOL: [0 0 0 0 0 0 2 0 0 0 0 0 0 0 0 0 1 1 2 1 1 1 1 2 2 2 1 2 2 5 2 2 2 2 2 2 3 5 3 2 3 3 3 2 3 3 3 2 4 4 4 4 4 5 5 5 5 5 5 4 4 4 4 4 4 4 4 4 4 4 4 2 4 4 4 4 2 4 4 4 4 4 4 4 2 4 4 4 4 4 4 3 4 4 4 4 4 4 2 2]

Cycle #4: junit
S; MQ:  3,0259; MV:    0; DT:    0; SOL: [0 0 0 0 0 0 0 0 0 0 0 0 0 0 0 0 1 1 1 1 1 1 1 2 2 2 2 2 2 2 2 2 2 2 2 3 3 3 3 3 3 3 3 3 3 3 3 3 3 4 4 4 4 4 4 4 4 4 4 4 4 4 4 4 4 4 4 4 4 4 4 4 4 4 4 4 4 4 4 4 4 4 4 4 4 4 4 4 4 4 4 4 4 4 4 4 4 4 5 5]
C; MQ:  3,9570; MV:   31; DT:    0; SOL: [0 0 0 0 0 0 5 0 0 0 0 0 0 0 0 0 1 1 2 1 1 1 1 2 2 2 1 5 5 5 5 1 5 5 5 5 3 4 3 5 3 3 3 5 3 3 3 5 4 4 4 4 4 4 4 4 5 5 5 4 4 5 5 5 4 4 4 4 4 4 4 5 4 4 4 4 5 4 4 4 4 4 4 4 5 4 4 4 4 4 4 3 4 4 2 2 2 2 5 5]
I; MQ:  3,1296; MV:    5; DT:    0; SOL: [0 0 0 0 0 0 0 0 0 0 0 0 0 0 0 0 1 1 1 2 1 1 1 2 2 2 1 2 2 2 2 2 2 2 2 3 3 3 3 3 3 3 3 5 3 3 3 3 3 4 4 4 4 4 4 4 4 4 4 4 4 4 4 4 4 4 4 4 4 4 4 4 4 4 4 4 4 4 4 4 4 4 4 4 4 4 4 4 4 4 4 3 4 4 4 4 4 4 2 5]
I; MQ:  3,1573; MV:    8; DT:    1; SOL: [0 0 0 0 0 0 0 0 0 0 0 0 0 0 0 0 1 1 1 2 2 1 1 2 2 2 1 2 2 2 2 2 2 2 2 3 3 3 3 3 3 3 3 5 3 3 3 3 3 4 4 4 4 4 4 4 4 4 4 4 4 4 4 4 2 4 4 4 4 4 4 4 4 4 4 4 4 4 4 4 4 4 4 4 4 4 4 4 4 4 4 3 4 4 4 4 2 2 5 5]
I; MQ:  3,3592; MV:   11; DT:    2; SOL: [0 0 0 0 0 0 0 0 0 0 0 0 0 0 0 0 1 1 2 2 2 1 1 2 2 2 1 2 2 2 5 2 2 2 2 3 3 3 3 3 3 3 3 5 3 3 3 3 3 4 4 4 4 4 4 4 4 4 4 4 4 4 4 4 4 4 4 4 4 4 4 4 4 4 4 4 4 4 4 4 4 4 4 4 4 4 4 4 4 4 4 3 4 4 2 2 2 2 5 5]
I; MQ:  3,3999; MV:   14; DT:    4; SOL: [0 0 0 0 0 0 0 0 0 0 0 0 0 0 0 0 1 1 2 2 2 1 1 2 2 2 1 2 2 4 5 1 2 2 2 3 3 4 3 3 3 3 3 3 3 3 3 3 3 4 4 4 4 4 4 4 4 4 4 4 4 4 4 4 2 4 4 4 4 4 4 4 4 4 4 4 4 4 4 4 4 4 4 4 4 4 4 4 4 4 4 3 4 4 2 2 2 2 5 5]
I; MQ:  3,5087; MV:   16; DT:    6; SOL: [0 0 0 0 0 0 0 0 0 0 0 0 0 0 0 0 1 1 2 2 2 1 1 2 5 2 1 5 2 5 5 1 5 2 2 3 3 4 3 3 3 3 3 3 3 3 3 3 3 4 4 4 4 4 4 4 4 4 4 4 4 4 4 4 4 4 4 4 4 4 4 4 4 4 4 4 4 4 4 4 4 4 4 4 4 4 4 4 4 4 4 3 4 4 2 2 2 2 5 5]
I; MQ:  3,5980; MV:   19; DT:    9; SOL: [0 0 0 0 0 0 0 0 0 0 0 0 0 0 0 0 1 1 2 5 5 1 1 2 5 2 1 5 2 5 5 1 5 2 2 3 3 4 3 3 3 3 3 3 3 3 3 3 3 4 4 4 4 4 4 4 4 5 4 4 4 4 4 4 5 4 4 4 4 4 4 4 4 4 4 4 4 4 4 4 4 4 4 4 4 4 4 4 4 4 4 3 4 4 2 2 2 2 5 3]
I; MQ:  3,6911; MV:   22; DT:   11; SOL: [0 0 0 0 0 0 5 0 0 0 0 0 0 0 0 0 1 1 2 5 5 1 1 2 5 2 1 5 2 5 5 1 5 2 2 5 3 4 3 3 3 3 3 5 3 3 3 3 3 4 4 4 4 4 4 4 4 5 5 4 4 4 4 4 5 4 4 4 4 4 4 4 4 4 4 4 4 4 4 4 4 4 4 4 4 4 4 4 4 4 4 3 4 4 2 2 2 2 5 5]
I; MQ:  3,7523; MV:   25; DT:   12; SOL: [0 0 0 0 0 0 5 0 0 0 0 0 0 0 0 0 1 1 2 5 5 1 1 2 5 2 1 5 2 5 5 1 5 2 2 5 3 4 3 3 3 3 3 5 3 3 3 3 3 4 4 4 4 4 4 4 5 5 5 4 4 4 4 5 4 4 4 4 4 4 4 5 4 4 4 4 4 4 4 4 4 4 4 4 5 4 4 4 4 4 4 3 4 4 2 2 2 2 5 5]
I; MQ:  3,7683; MV:   26; DT:   14; SOL: [0 0 0 0 0 0 5 0 0 0 0 0 0 0 0 0 1 1 2 5 1 1 1 2 5 2 1 5 5 5 5 1 5 5 5 5 3 4 3 3 3 3 3 3 3 3 3 3 3 4 4 4 4 4 4 4 5 5 5 4 4 4 4 5 4 4 4 4 4 4 4 5 4 4 4 4 4 4 4 4 4 4 4 4 5 4 4 4 4 4 4 3 4 4 2 2 2 2 5 5]
I; MQ:  3,8586; MV:   29; DT:   16; SOL: [0 0 0 0 0 0 5 0 0 0 0 0 0 0 0 0 1 1 2 5 1 1 1 2 2 2 1 5 5 5 5 1 5 5 5 5 3 4 3 3 3 3 3 5 3 3 3 3 0 4 4 4 4 4 4 4 5 5 5 4 4 5 5 5 4 4 4 4 4 4 4 5 4 4 4 4 4 4 4 4 4 4 4 4 5 4 4 4 4 4 4 3 4 4 2 2 2 2 5 5]
I; MQ:  3,9570; MV:   31; DT:   18; SOL: [0 0 0 0 0 0 5 0 0 0 0 0 0 0 0 0 1 1 2 1 1 1 1 2 2 2 1 5 5 5 5 1 5 5 5 5 3 4 3 5 3 3 3 5 3 3 3 5 4 4 4 4 4 4 4 4 5 5 5 4 4 5 5 5 4 4 4 4 4 4 4 5 4 4 4 4 5 4 4 4 4 4 4 4 5 4 4 4 4 4 4 3 4 4 2 2 2 2 5 5]

Cycle #5: junit
S; MQ:  3,0259; MV:    0; DT:    0; SOL: [0 0 0 0 0 0 0 0 0 0 0 0 0 0 0 0 1 1 1 1 1 1 1 2 2 2 2 2 2 2 2 2 2 2 2 3 3 3 3 3 3 3 3 3 3 3 3 3 3 4 4 4 4 4 4 4 4 4 4 4 4 4 4 4 4 4 4 4 4 4 4 4 4 4 4 4 4 4 4 4 4 4 4 4 4 4 4 4 4 4 4 4 4 4 4 4 4 4 5 5]
C; MQ:  3,7636; MV:   21; DT:    0; SOL: [0 0 0 0 0 0 2 0 0 0 0 0 0 0 0 0 1 1 2 1 1 1 1 2 2 2 1 2 2 2 2 1 2 2 2 2 3 4 2 5 3 3 3 5 5 3 3 5 5 4 4 4 4 4 4 4 2 2 2 4 4 4 4 2 4 4 4 4 4 4 4 2 4 4 4 4 2 4 4 4 4 4 4 4 2 4 4 4 4 4 4 3 4 4 4 4 4 4 2 5]
I; MQ:  3,1345; MV:    5; DT:    0; SOL: [0 0 0 0 0 0 0 0 0 0 0 0 0 0 0 0 1 1 2 1 1 1 1 2 2 2 2 2 2 2 2 2 2 2 2 3 3 3 3 3 3 3 3 5 3 3 3 3 0 4 4 4 4 4 4 4 4 2 4 4 4 4 4 4 4 4 4 4 4 4 4 4 4 4 4 4 4 4 4 4 4 4 4 4 4 4 4 4 4 4 4 4 4 4 4 4 4 4 2 5]
I; MQ:  3,5279; MV:    9; DT:    1; SOL: [0 0 0 0 0 0 2 0 0 0 0 0 0 0 0 0 1 1 2 1 1 1 1 2 2 2 2 2 2 2 2 2 2 2 2 2 3 3 3 5 3 3 3 5 3 3 3 5 5 4 4 4 4 4 4 4 4 2 4 4 4 4 4 4 4 4 4 4 4 4 4 4 4 4 4 4 4 4 4 4 4 4 4 4 4 4 4 4 4 4 4 4 4 4 4 4 4 4 2 5]
I; MQ:  3,6845; MV:   14; DT:    1; SOL: [0 0 0 0 0 0 2 0 0 0 0 0 0 0 0 0 1 1 2 2 1 1 1 2 2 2 1 2 2 2 2 2 2 2 2 2 3 4 3 5 3 3 3 5 3 3 3 5 5 4 4 4 4 4 4 4 4 2 2 4 4 4 4 4 4 4 4 4 4 4 4 2 4 4 4 4 4 4 4 4 4 4 4 4 4 4 4 4 4 4 4 4 4 4 4 4 4 4 2 5]
I; MQ:  3,7347; MV:   19; DT:    1; SOL: [0 0 0 0 0 0 2 0 0 0 0 0 0 0 0 0 1 1 2 2 1 1 1 2 2 2 1 2 2 2 2 1 2 2 2 2 3 4 3 5 3 3 3 5 3 3 3 5 5 4 4 4 4 4 4 4 2 2 2 4 4 4 4 2 4 4 4 4 4 4 4 2 4 4 4 4 2 4 4 4 4 4 4 4 2 4 4 4 4 4 4 4 4 4 4 4 4 4 2 5]
I; MQ:  3,7636; MV:   21; DT:    2; SOL: [0 0 0 0 0 0 2 0 0 0 0 0 0 0 0 0 1 1 2 1 1 1 1 2 2 2 1 2 2 2 2 1 2 2 2 2 3 4 2 5 3 3 3 5 5 3 3 5 5 4 4 4 4 4 4 4 2 2 2 4 4 4 4 2 4 4 4 4 4 4 4 2 4 4 4 4 2 4 4 4 4 4 4 4 2 4 4 4 4 4 4 3 4 4 4 4 4 4 2 5]

Cycle #6: junit
S; MQ:  3,0259; MV:    0; DT:    0; SOL: [0 0 0 0 0 0 0 0 0 0 0 0 0 0 0 0 1 1 1 1 1 1 1 2 2 2 2 2 2 2 2 2 2 2 2 3 3 3 3 3 3 3 3 3 3 3 3 3 3 4 4 4 4 4 4 4 4 4 4 4 4 4 4 4 4 4 4 4 4 4 4 4 4 4 4 4 4 4 4 4 4 4 4 4 4 4 4 4 4 4 4 4 4 4 4 4 4 4 5 5]
C; MQ:  3,9443; MV:   25; DT:    0; SOL: [0 0 0 0 0 0 2 0 0 0 0 0 0 0 0 0 1 1 2 2 2 1 1 2 2 2 1 2 2 2 2 1 2 2 2 2 3 4 3 3 3 3 3 3 3 3 3 3 4 4 4 4 4 4 4 4 2 2 2 4 4 2 2 2 4 4 4 4 4 4 4 2 4 4 4 4 2 4 4 4 4 4 4 4 2 4 4 4 4 4 4 3 4 4 5 5 5 5 2 2]
I; MQ:  3,1015; MV:    5; DT:    0; SOL: [0 0 0 0 0 0 0 0 0 0 0 0 0 0 0 0 1 1 2 1 1 1 1 2 2 2 2 2 2 2 2 2 2 2 2 3 3 3 3 3 3 3 3 3 3 3 3 3 3 4 4 4 4 4 4 4 4 2 4 4 4 4 4 4 2 4 4 4 4 4 4 2 4 4 4 4 2 4 4 4 4 4 4 4 4 4 4 4 4 4 4 4 4 4 4 4 4 4 5 5]
I; MQ:  3,2258; MV:    8; DT:    1; SOL: [0 0 0 0 0 0 0 0 0 0 0 0 0 0 0 0 1 1 2 1 1 1 1 2 2 2 1 2 2 2 2 2 2 2 2 3 3 2 3 3 3 3 3 3 3 3 3 3 3 4 4 4 4 4 4 4 4 2 2 4 4 4 4 4 4 4 4 4 4 4 4 2 4 4 4 4 2 4 4 4 4 4 4 4 2 4 4 4 4 4 4 4 4 4 4 4 4 4 5 5]
I; MQ:  3,2820; MV:   12; DT:    2; SOL: [0 0 0 0 0 0 0 0 0 0 0 0 0 0 0 0 1 1 2 2 1 1 1 2 2 2 1 2 2 2 2 2 2 5 5 3 3 4 3 3 3 3 3 3 3 3 3 3 3 4 4 4 4 4 4 4 4 2 2 4 4 4 4 4 4 4 4 4 4 4 4 2 4 4 4 4 2 4 4 4 4 4 4 4 2 4 4 4 4 4 4 3 4 4 4 4 4 4 5 5]
I; MQ:  3,4225; MV:   17; DT:    2; SOL: [0 0 0 0 0 0 0 0 0 0 0 0 0 0 0 0 1 1 2 2 1 1 1 2 2 2 1 2 2 2 2 2 2 5 5 3 3 4 3 3 3 3 3 3 3 3 3 3 3 4 4 4 4 4 4 4 4 2 2 4 4 4 4 4 4 4 4 4 4 4 4 2 4 4 4 4 2 4 4 4 4 4 4 4 2 4 4 4 4 4 4 3 4 4 5 5 4 5 2 3]
I; MQ:  3,4672; MV:   20; DT:    3; SOL: [0 0 0 0 0 0 0 0 0 0 0 0 0 0 0 0 1 1 2 2 2 1 1 2 2 2 1 2 2 2 2 1 2 5 5 3 3 4 3 3 3 3 3 3 3 3 3 3 4 4 4 4 4 4 4 4 2 2 2 4 4 4 4 4 4 4 4 4 4 4 4 2 4 4 4 4 2 4 4 4 4 4 4 4 2 4 4 4 4 4 4 4 4 4 5 5 4 5 2 3]
I; MQ:  3,8305; MV:   21; DT:    5; SOL: [0 0 0 0 0 0 0 0 0 0 0 0 0 0 0 0 1 1 2 2 2 1 1 2 2 2 1 2 2 2 2 1 2 2 2 3 3 4 3 3 3 3 3 3 3 3 3 3 4 4 4 4 4 4 4 4 2 2 2 4 4 2 2 4 4 4 4 4 4 4 4 2 4 4 4 4 2 4 4 4 4 4 4 4 2 4 4 4 4 4 4 4 4 4 5 5 5 5 2 3]
I; MQ:  3,9443; MV:   25; DT:    7; SOL: [0 0 0 0 0 0 2 0 0 0 0 0 0 0 0 0 1 1 2 2 2 1 1 2 2 2 1 2 2 2 2 1 2 2 2 2 3 4 3 3 3 3 3 3 3 3 3 3 4 4 4 4 4 4 4 4 2 2 2 4 4 2 2 2 4 4 4 4 4 4 4 2 4 4 4 4 2 4 4 4 4 4 4 4 2 4 4 4 4 4 4 3 4 4 5 5 5 5 2 2]

Cycle #7: junit
S; MQ:  3,0259; MV:    0; DT:    0; SOL: [0 0 0 0 0 0 0 0 0 0 0 0 0 0 0 0 1 1 1 1 1 1 1 2 2 2 2 2 2 2 2 2 2 2 2 3 3 3 3 3 3 3 3 3 3 3 3 3 3 4 4 4 4 4 4 4 4 4 4 4 4 4 4 4 4 4 4 4 4 4 4 4 4 4 4 4 4 4 4 4 4 4 4 4 4 4 4 4 4 4 4 4 4 4 4 4 4 4 5 5]
C; MQ:  3,9080; MV:   31; DT:    0; SOL: [0 0 0 0 5 0 5 0 0 0 0 0 0 0 0 0 1 1 5 2 2 1 1 5 5 5 1 2 2 2 5 1 2 2 2 5 3 4 3 5 3 3 3 5 3 3 3 5 4 4 4 4 4 4 4 4 2 2 2 4 4 2 2 2 4 4 4 4 4 4 4 2 4 4 4 4 2 4 4 4 4 4 4 4 2 4 4 4 4 4 4 3 4 4 2 2 2 2 5 5]
I; MQ:  3,1702; MV:    5; DT:    0; SOL: [0 0 0 0 0 0 0 0 0 0 0 0 0 0 0 0 1 1 1 2 1 1 1 2 2 2 1 2 2 2 5 2 2 2 2 3 3 3 3 3 3 3 3 3 3 3 3 3 3 4 4 4 4 4 4 4 4 4 2 4 4 4 4 4 4 4 4 4 4 4 4 4 4 4 4 4 4 4 4 4 4 4 4 4 2 4 4 4 4 4 4 4 4 4 4 4 4 4 5 5]
I; MQ:  3,2093; MV:    6; DT:    2; SOL: [0 0 0 0 0 0 0 0 0 0 0 0 0 0 0 0 1 1 1 2 2 1 1 2 5 2 1 4 2 2 5 2 2 2 2 3 3 3 3 3 3 3 3 3 3 3 3 3 3 4 4 4 4 4 4 4 4 4 4 4 4 4 4 4 4 4 4 4 4 4 4 4 4 4 4 4 4 4 4 4 4 4 4 4 4 4 4 4 4 4 4 4 4 4 4 4 4 4 5 5]
I; MQ:  3,2467; MV:    9; DT:    3; SOL: [0 0 0 0 0 0 0 0 0 0 0 0 0 0 0 0 1 1 1 2 2 1 1 2 5 2 1 2 2 2 5 1 2 2 2 3 3 3 3 3 3 3 3 3 3 3 3 3 3 4 4 4 4 4 4 4 4 4 4 4 4 4 4 4 2 4 4 4 4 4 4 2 4 4 4 4 4 4 4 4 4 4 4 4 4 4 4 4 4 4 4 4 4 4 4 4 4 2 5 5]
I; MQ:  3,3949; MV:   12; DT:    4; SOL: [0 0 0 0 0 0 0 0 0 0 0 0 0 0 0 0 1 1 2 2 2 1 1 5 5 5 1 2 2 2 5 2 2 2 2 3 3 4 3 3 3 3 3 3 3 3 3 3 3 4 4 4 4 4 4 4 4 4 4 4 4 4 4 4 2 4 4 4 4 4 4 2 4 4 4 4 4 4 4 4 4 4 4 4 4 4 4 4 4 4 4 4 4 4 4 4 4 2 5 5]
I; MQ:  3,5407; MV:   16; DT:    5; SOL: [0 0 0 0 5 0 5 0 0 0 0 0 0 0 0 0 1 1 5 2 2 1 1 5 5 5 1 2 2 2 5 2 2 2 2 5 3 4 3 3 3 3 3 3 3 3 3 3 4 4 4 4 4 4 4 4 4 4 4 4 4 4 4 4 2 4 4 4 4 4 4 2 4 4 4 4 4 4 4 4 4 4 4 4 4 4 4 4 4 4 4 4 4 4 4 4 4 2 5 5]
I; MQ:  3,5992; MV:   21; DT:    6; SOL: [0 0 0 0 5 0 5 0 0 0 0 0 0 0 0 0 1 1 5 2 2 1 1 5 5 5 1 2 2 2 5 2 2 2 2 5 3 4 3 3 3 3 3 3 3 3 3 3 4 4 4 4 4 4 4 4 4 4 4 4 4 2 2 4 2 4 4 4 4 4 4 2 4 4 4 4 2 4 4 4 4 4 4 4 2 4 4 4 4 4 4 4 4 4 4 2 4 2 5 5]
I; MQ:  3,6472; MV:   24; DT:    9; SOL: [0 0 0 0 5 0 5 0 0 0 0 0 0 0 0 0 1 1 5 2 2 1 1 5 5 5 1 2 2 2 5 1 2 2 2 5 3 4 3 3 3 3 3 3 3 3 3 3 4 4 4 4 4 4 4 4 2 4 2 4 4 2 2 2 4 4 4 4 4 4 4 2 4 4 4 4 2 4 4 4 4 4 4 4 2 4 4 4 4 4 4 4 4 4 4 2 4 2 5 5]
I; MQ:  3,7583; MV:   29; DT:    9; SOL: [0 0 0 0 5 0 5 0 0 0 0 0 0 0 0 0 1 1 5 2 2 1 1 5 5 5 1 2 2 2 5 1 2 2 2 5 3 4 3 3 3 3 3 5 3 3 3 0 4 4 4 4 4 4 4 4 2 2 2 4 4 2 2 2 4 4 4 4 4 4 4 2 4 4 4 4 2 4 4 4 4 4 4 4 2 4 4 4 4 4 4 3 4 4 4 2 2 2 5 5]
I; MQ:  3,9080; MV:   31; DT:   10; SOL: [0 0 0 0 5 0 5 0 0 0 0 0 0 0 0 0 1 1 5 2 2 1 1 5 5 5 1 2 2 2 5 1 2 2 2 5 3 4 3 5 3 3 3 5 3 3 3 5 4 4 4 4 4 4 4 4 2 2 2 4 4 2 2 2 4 4 4 4 4 4 4 2 4 4 4 4 2 4 4 4 4 4 4 4 2 4 4 4 4 4 4 3 4 4 2 2 2 2 5 5]

Cycle #8: junit
S; MQ:  3,0259; MV:    0; DT:    0; SOL: [0 0 0 0 0 0 0 0 0 0 0 0 0 0 0 0 1 1 1 1 1 1 1 2 2 2 2 2 2 2 2 2 2 2 2 3 3 3 3 3 3 3 3 3 3 3 3 3 3 4 4 4 4 4 4 4 4 4 4 4 4 4 4 4 4 4 4 4 4 4 4 4 4 4 4 4 4 4 4 4 4 4 4 4 4 4 4 4 4 4 4 4 4 4 4 4 4 4 5 5]
C; MQ:  3,9062; MV:   23; DT:    0; SOL: [0 0 0 0 0 0 5 0 0 0 0 0 0 0 0 0 1 1 2 1 1 1 1 2 5 2 1 5 2 5 5 2 5 2 5 5 3 4 3 5 3 3 3 5 3 3 3 5 4 4 4 4 4 4 4 4 5 5 5 4 4 4 4 5 4 4 4 4 4 4 4 5 4 4 4 4 5 4 4 4 4 4 4 4 5 4 4 4 4 4 4 3 4 4 4 4 4 4 5 5]
I; MQ:  3,1553; MV:    5; DT:    0; SOL: [0 0 0 0 0 0 0 0 0 0 0 0 0 0 0 0 1 1 1 5 1 1 1 2 2 2 2 5 2 5 2 2 5 2 2 3 3 3 3 3 3 3 3 3 3 3 3 3 3 4 4 4 4 4 4 4 4 4 4 4 4 4 4 4 4 4 4 4 4 4 4 4 4 4 4 4 5 4 4 4 4 4 4 4 4 4 4 4 4 4 4 4 4 4 4 4 4 4 5 5]
I; MQ:  3,3718; MV:    8; DT:    1; SOL: [0 0 0 0 0 0 0 0 0 0 0 0 0 0 0 0 1 1 1 1 1 1 1 2 2 2 2 5 2 5 5 2 5 2 2 5 3 3 3 3 3 3 3 3 3 3 3 3 5 4 4 4 4 4 4 4 4 5 4 4 4 4 4 4 4 4 4 4 4 4 4 4 4 4 4 4 5 4 4 4 4 4 4 4 4 4 4 4 4 4 4 4 4 4 4 4 4 4 5 5]
I; MQ:  3,4567; MV:   12; DT:    2; SOL: [0 0 0 0 0 0 5 0 0 0 0 0 0 0 0 0 1 1 0 1 1 1 1 2 2 2 2 5 2 5 5 2 5 2 2 5 3 3 3 3 3 3 3 3 3 3 3 3 4 4 4 4 4 4 4 4 4 5 4 4 4 4 4 4 4 4 4 4 4 4 4 5 4 4 4 4 5 4 4 4 4 4 4 4 5 4 4 4 4 4 4 4 4 4 4 4 4 4 5 5]
I; MQ:  3,6271; MV:   16; DT:    3; SOL: [0 0 0 0 0 0 5 0 0 0 0 0 0 0 0 0 1 1 2 1 1 1 1 2 2 2 2 5 2 5 5 2 5 2 2 5 3 0 3 3 3 3 3 5 3 3 3 5 4 4 4 4 4 4 4 4 4 5 4 4 4 4 4 4 5 4 4 4 4 4 4 5 4 4 4 4 5 4 4 4 4 4 4 4 5 4 4 4 4 4 4 4 4 4 4 4 4 4 5 5]
I; MQ:  3,7458; MV:   20; DT:    5; SOL: [0 0 0 0 0 0 5 0 0 0 0 0 0 0 0 0 1 1 2 5 5 1 1 2 2 2 1 5 2 5 5 1 5 2 2 5 3 4 3 3 3 3 3 5 3 3 3 5 4 4 4 4 4 4 4 4 4 5 4 4 4 4 4 4 5 4 4 4 4 4 4 5 4 4 4 4 5 4 4 4 4 4 4 4 5 4 4 4 4 4 4 4 4 4 4 4 4 4 5 5]
I; MQ:  3,8555; MV:   23; DT:    6; SOL: [0 0 0 0 0 0 5 0 0 0 0 0 0 0 0 0 1 1 2 5 5 1 1 2 5 2 1 5 2 5 5 1 5 2 5 5 3 4 3 5 3 3 3 5 3 3 3 5 4 4 4 4 4 4 4 4 4 5 4 4 4 4 4 4 4 4 4 4 4 4 4 5 4 4 4 4 5 4 4 4 4 4 4 4 5 4 4 4 4 4 4 3 4 4 4 4 4 4 5 5]
I; MQ:  3,9059; MV:   24; DT:    8; SOL: [0 0 0 0 0 0 5 0 0 0 0 0 0 0 0 0 1 1 2 1 1 1 1 2 5 2 1 5 2 5 5 1 5 2 5 5 3 4 3 5 3 3 3 5 3 3 3 5 4 4 4 4 4 4 4 4 5 5 5 4 4 4 4 5 4 4 4 4 4 4 4 5 4 4 4 4 5 4 4 4 4 4 4 4 5 4 4 4 4 4 4 3 4 4 4 4 4 4 5 5]
I; MQ:  3,9062; MV:   23; DT:    9; SOL: [0 0 0 0 0 0 5 0 0 0 0 0 0 0 0 0 1 1 2 1 1 1 1 2 5 2 1 5 2 5 5 2 5 2 5 5 3 4 3 5 3 3 3 5 3 3 3 5 4 4 4 4 4 4 4 4 5 5 5 4 4 4 4 5 4 4 4 4 4 4 4 5 4 4 4 4 5 4 4 4 4 4 4 4 5 4 4 4 4 4 4 3 4 4 4 4 4 4 5 5]

Cycle #9: junit
S; MQ:  3,0259; MV:    0; DT:    0; SOL: [0 0 0 0 0 0 0 0 0 0 0 0 0 0 0 0 1 1 1 1 1 1 1 2 2 2 2 2 2 2 2 2 2 2 2 3 3 3 3 3 3 3 3 3 3 3 3 3 3 4 4 4 4 4 4 4 4 4 4 4 4 4 4 4 4 4 4 4 4 4 4 4 4 4 4 4 4 4 4 4 4 4 4 4 4 4 4 4 4 4 4 4 4 4 4 4 4 4 5 5]
C; MQ:  3,9622; MV:   26; DT:    0; SOL: [0 0 0 0 0 0 5 0 0 0 0 0 0 0 0 0 1 1 2 1 1 1 1 2 5 2 1 5 2 5 5 2 5 2 5 5 3 4 3 3 3 3 3 3 3 3 3 3 4 4 4 4 4 4 4 4 5 5 5 4 4 5 5 5 4 4 4 4 4 4 4 5 4 4 4 4 5 4 4 4 4 4 4 4 5 4 4 4 4 4 4 3 4 4 5 5 5 5 5 5]
I; MQ:  3,1385; MV:    5; DT:    0; SOL: [0 0 0 0 0 0 0 0 0 0 0 0 0 0 0 0 1 1 1 2 1 1 1 2 5 2 1 2 2 5 2 2 2 2 2 3 3 3 3 3 3 3 3 3 3 3 3 3 3 4 4 4 4 4 4 4 4 4 4 4 4 4 4 4 4 4 4 4 4 4 4 4 4 4 4 4 4 4 4 4 4 4 4 4 4 4 4 4 4 4 4 3 4 4 4 4 4 4 5 5]
I; MQ:  3,2843; MV:    8; DT:    1; SOL: [0 0 0 0 0 0 0 0 0 0 0 0 0 0 0 0 1 1 1 1 1 1 1 2 5 2 1 4 2 5 5 2 2 2 2 3 3 3 3 3 3 3 3 3 3 3 3 3 5 4 4 4 4 4 4 4 4 4 4 4 4 4 4 4 2 4 4 4 4 4 4 4 4 4 4 4 4 4 4 4 4 4 4 4 4 4 4 4 4 4 4 3 4 4 4 4 4 4 5 5]
I; MQ:  3,3795; MV:   10; DT:    4; SOL: [0 0 0 0 0 0 0 0 0 0 0 0 0 0 0 0 1 1 1 5 1 1 1 2 5 2 1 5 2 5 5 2 5 2 2 3 3 3 3 3 3 3 3 3 3 3 3 3 5 4 4 4 4 4 4 4 4 4 4 4 4 4 4 4 4 4 4 4 4 4 4 4 4 4 4 4 4 4 4 4 4 4 4 4 4 4 4 4 4 4 4 3 4 4 4 4 5 4 5 5]
I; MQ:  3,4551; MV:   14; DT:    5; SOL: [0 0 0 0 0 0 0 0 0 0 0 0 0 0 0 0 1 1 1 5 1 1 1 2 5 2 1 5 2 5 5 2 5 2 2 3 3 3 3 3 3 3 3 3 3 3 3 3 4 4 4 4 4 4 4 4 4 4 4 4 4 5 5 5 4 4 4 4 4 4 4 4 4 4 4 4 4 4 4 4 4 4 4 4 4 4 4 4 4 4 4 3 4 4 4 5 5 4 5 5]
I; MQ:  3,5111; MV:   19; DT:    6; SOL: [0 0 0 0 0 0 0 0 0 0 0 0 0 0 0 0 1 1 1 5 1 1 1 2 5 2 1 5 2 5 5 2 5 2 2 3 3 3 3 3 3 3 3 3 3 3 3 3 4 4 4 4 4 4 4 4 5 4 5 4 4 5 5 5 5 4 4 4 4 4 4 4 4 4 4 4 4 4 4 4 4 4 4 4 5 4 4 4 4 4 4 3 4 4 4 5 5 4 5 3]
I; MQ:  3,5727; MV:   20; DT:    8; SOL: [0 0 0 0 0 0 0 0 0 0 0 0 0 0 0 0 1 1 0 5 5 1 1 2 5 2 1 5 2 5 5 2 5 2 2 3 3 3 3 3 3 3 3 3 3 3 3 3 4 4 4 4 4 4 4 4 5 4 5 4 4 5 5 5 4 4 4 4 4 4 4 4 4 4 4 4 4 4 4 4 4 4 4 4 5 4 4 4 4 4 4 4 4 4 4 5 5 5 5 3]
I; MQ:  3,7478; MV:   24; DT:    9; SOL: [0 0 0 0 0 0 0 0 0 0 0 0 0 0 0 0 1 1 2 5 5 1 1 2 5 2 1 5 2 5 5 2 5 2 2 5 3 3 3 3 3 3 3 3 3 3 3 3 4 4 4 4 4 4 4 4 5 5 5 4 4 5 5 5 4 4 4 4 4 4 4 5 4 4 4 4 5 4 4 4 4 4 4 4 5 4 4 4 4 4 4 4 4 4 4 5 5 5 5 3]
I; MQ:  3,8299; MV:   23; DT:   13; SOL: [0 0 0 0 0 0 0 0 0 0 0 0 0 0 0 0 1 1 2 1 1 1 1 2 5 2 1 5 2 5 5 2 5 2 2 5 3 3 3 3 3 3 3 3 3 3 3 3 4 4 4 4 4 4 4 4 5 5 5 4 4 5 5 5 4 4 4 4 4 4 4 5 4 4 4 4 5 4 4 4 4 4 4 4 5 4 4 4 4 4 4 3 4 4 5 5 5 5 5 5]
I; MQ:  3,9622; MV:   26; DT:   13; SOL: [0 0 0 0 0 0 5 0 0 0 0 0 0 0 0 0 1 1 2 1 1 1 1 2 5 2 1 5 2 5 5 2 5 2 5 5 3 4 3 3 3 3 3 3 3 3 3 3 4 4 4 4 4 4 4 4 5 5 5 4 4 5 5 5 4 4 4 4 4 4 4 5 4 4 4 4 5 4 4 4 4 4 4 4 5 4 4 4 4 4 4 3 4 4 5 5 5 5 5 5]

Cycle #10: junit
S; MQ:  3,0259; MV:    0; DT:    0; SOL: [0 0 0 0 0 0 0 0 0 0 0 0 0 0 0 0 1 1 1 1 1 1 1 2 2 2 2 2 2 2 2 2 2 2 2 3 3 3 3 3 3 3 3 3 3 3 3 3 3 4 4 4 4 4 4 4 4 4 4 4 4 4 4 4 4 4 4 4 4 4 4 4 4 4 4 4 4 4 4 4 4 4 4 4 4 4 4 4 4 4 4 4 4 4 4 4 4 4 5 5]
C; MQ:  3,9289; MV:   21; DT:    0; SOL: [0 0 0 0 0 0 2 0 0 0 0 0 0 0 0 0 1 1 2 2 2 1 1 2 2 2 1 2 2 2 2 1 2 2 2 2 3 4 3 2 3 3 3 2 3 3 3 2 4 4 4 4 4 4 4 4 4 2 4 4 4 4 4 4 4 4 4 4 4 4 4 2 4 4 4 4 4 4 4 4 4 4 4 4 4 4 4 4 4 4 4 3 4 4 5 5 5 5 2 2]
I; MQ:  3,1741; MV:    5; DT:    0; SOL: [0 0 0 0 0 0 5 0 0 0 0 0 0 0 0 0 1 1 1 1 1 1 1 2 2 2 2 2 2 2 5 2 2 2 2 3 3 2 3 3 3 3 3 3 3 3 3 3 3 4 4 4 4 4 4 4 4 2 4 4 4 4 4 4 4 4 4 4 4 4 4 2 4 4 4 4 4 4 4 4 4 4 4 4 4 4 4 4 4 4 4 4 4 4 4 4 4 4 5 5]
I; MQ:  3,2566; MV:    9; DT:    1; SOL: [0 0 0 0 0 0 5 0 0 0 0 0 0 0 0 0 1 1 1 2 2 1 1 2 5 2 1 2 2 2 5 2 2 2 2 3 3 4 3 3 3 3 3 3 3 3 3 3 3 4 4 4 4 4 4 4 4 2 4 4 4 4 4 4 4 4 4 4 4 4 4 2 4 4 4 4 4 4 4 4 4 4 4 4 4 4 4 4 4 4 4 4 4 4 4 4 4 4 5 5]
I; MQ:  3,3717; MV:   13; DT:    2; SOL: [0 0 0 0 2 0 2 0 0 0 0 0 0 0 0 0 1 1 1 2 2 1 1 2 5 2 1 2 2 2 5 2 2 2 2 3 3 4 3 3 3 3 3 3 3 3 3 3 5 4 4 4 4 4 4 4 4 2 4 4 4 4 4 4 4 4 4 4 4 4 4 2 4 4 4 4 4 4 4 4 4 4 4 4 4 4 4 4 4 4 4 4 4 4 4 5 5 4 5 5]
I; MQ:  3,4170; MV:   16; DT:    3; SOL: [0 0 0 0 0 0 2 0 0 0 0 0 0 0 0 0 1 1 0 2 2 1 1 2 5 2 1 2 2 2 5 2 2 2 2 3 3 4 3 3 3 3 3 3 3 3 3 3 5 4 4 4 4 4 4 4 4 2 4 4 4 4 4 4 2 4 4 4 4 4 4 2 4 4 4 4 4 4 4 4 4 4 4 4 4 4 4 4 4 4 4 3 4 4 4 5 5 5 5 5]
I; MQ:  3,5941; MV:   20; DT:    4; SOL: [0 0 0 0 0 0 2 0 0 0 0 0 0 0 0 0 1 1 2 2 2 1 1 2 5 2 1 2 2 2 5 2 2 2 2 2 3 4 3 2 3 3 3 2 3 3 3 2 5 4 4 4 4 4 4 4 4 2 4 4 4 4 4 4 2 4 4 4 4 4 4 2 4 4 4 4 4 4 4 4 4 4 4 4 4 4 4 4 4 4 4 3 4 4 4 5 5 5 5 5]
I; MQ:  3,6255; MV:   23; DT:    5; SOL: [0 0 0 0 0 0 2 0 0 0 0 0 0 0 0 0 1 1 2 2 2 1 1 2 5 2 1 2 2 2 5 1 2 2 2 2 3 4 3 2 3 3 3 2 3 3 3 2 5 4 4 4 4 4 4 4 4 2 4 4 4 4 5 4 4 4 4 4 4 4 4 2 4 4 4 4 4 4 4 4 4 4 4 4 4 4 4 4 4 4 4 3 4 4 4 5 5 5 2 2]
I; MQ:  3,7180; MV:   22; DT:    9; SOL: [0 0 0 0 0 0 2 0 0 0 0 0 0 0 0 0 1 1 2 2 2 1 1 2 2 2 1 2 2 2 2 1 2 2 2 2 3 4 3 2 3 3 3 2 3 3 3 2 4 4 4 4 4 4 4 4 4 2 4 4 4 4 2 4 4 4 4 4 4 4 4 2 4 4 4 4 4 4 4 4 4 4 4 4 2 4 4 4 4 4 4 3 4 4 4 5 5 5 2 2]
I; MQ:  3,9289; MV:   21; DT:   11; SOL: [0 0 0 0 0 0 2 0 0 0 0 0 0 0 0 0 1 1 2 2 2 1 1 2 2 2 1 2 2 2 2 1 2 2 2 2 3 4 3 2 3 3 3 2 3 3 3 2 4 4 4 4 4 4 4 4 4 2 4 4 4 4 4 4 4 4 4 4 4 4 4 2 4 4 4 4 4 4 4 4 4 4 4 4 4 4 4 4 4 4 4 3 4 4 5 5 5 5 2 2]

Cycle #11: junit
S; MQ:  3,0259; MV:    0; DT:    0; SOL: [0 0 0 0 0 0 0 0 0 0 0 0 0 0 0 0 1 1 1 1 1 1 1 2 2 2 2 2 2 2 2 2 2 2 2 3 3 3 3 3 3 3 3 3 3 3 3 3 3 4 4 4 4 4 4 4 4 4 4 4 4 4 4 4 4 4 4 4 4 4 4 4 4 4 4 4 4 4 4 4 4 4 4 4 4 4 4 4 4 4 4 4 4 4 4 4 4 4 5 5]
C; MQ:  3,8976; MV:   29; DT:    0; SOL: [0 0 0 0 5 0 5 0 0 0 0 0 0 0 0 0 1 1 2 2 2 1 1 2 5 2 1 2 2 2 5 1 2 2 2 5 3 4 3 5 3 3 3 5 3 3 3 5 4 4 4 4 4 4 4 4 2 2 2 4 4 2 2 2 4 4 4 4 4 4 4 2 4 4 4 4 2 4 4 4 4 4 4 4 2 4 4 4 4 4 4 3 4 4 2 2 2 2 5 5]
I; MQ:  3,1753; MV:    5; DT:    0; SOL: [0 0 0 0 0 0 5 0 0 0 0 0 0 0 0 0 1 1 1 1 1 1 1 2 2 2 2 2 2 2 5 2 2 2 2 3 3 4 3 3 3 3 3 3 3 3 3 3 3 4 4 4 4 4 4 4 4 2 4 4 4 4 4 4 4 4 4 4 4 4 4 2 4 4 4 4 4 4 4 4 4 4 4 4 4 4 4 4 4 4 4 4 4 4 4 4 4 4 5 5]
I; MQ:  3,2891; MV:   10; DT:    0; SOL: [0 0 0 0 0 0 5 0 0 0 0 0 0 0 0 0 1 1 2 2 1 1 1 2 2 2 1 2 2 2 5 2 2 2 2 3 3 4 3 3 3 3 3 3 3 3 3 3 3 4 4 4 4 4 4 4 4 2 4 4 4 4 4 4 2 4 4 4 4 4 4 2 4 4 4 4 2 4 4 4 4 4 4 4 4 4 4 4 4 4 4 4 4 4 4 4 4 4 5 5]
I; MQ:  3,3440; MV:   13; DT:    1; SOL: [0 0 0 0 0 0 0 0 0 0 0 0 0 0 0 0 1 1 2 2 1 1 1 2 5 2 1 2 2 2 5 2 2 2 2 3 3 4 3 3 3 3 3 3 3 3 3 3 3 4 4 4 4 4 4 4 4 2 4 4 4 4 4 4 2 4 4 4 4 4 4 2 4 4 4 4 2 4 4 4 4 4 4 4 2 4 4 4 4 4 4 4 4 4 4 4 5 2 5 5]
I; MQ:  3,4132; MV:   14; DT:    3; SOL: [0 0 0 0 0 0 0 0 0 0 0 0 0 0 0 0 1 1 2 2 1 1 1 2 5 2 1 2 2 2 5 2 2 2 2 3 3 4 3 3 3 3 3 3 3 3 3 3 3 4 4 4 4 4 4 4 4 4 4 4 4 2 2 4 4 4 4 4 4 4 4 2 4 4 4 4 2 4 4 4 4 4 4 4 2 4 4 4 4 4 4 4 4 4 4 4 5 2 5 3]
I; MQ:  3,4806; MV:   17; DT:    5; SOL: [0 0 0 0 0 0 0 0 0 0 0 0 0 0 0 0 1 1 2 2 1 1 1 2 5 2 1 2 2 2 5 2 2 2 2 3 3 4 3 3 3 3 3 3 3 3 3 3 4 4 4 4 4 4 4 4 4 2 2 4 4 2 2 2 4 4 4 4 4 4 4 2 4 4 4 4 2 4 4 4 4 4 4 4 2 4 4 4 4 4 4 4 4 4 4 4 5 2 5 5]
I; MQ:  3,5604; MV:   21; DT:    7; SOL: [0 0 0 0 0 0 2 0 0 0 0 0 0 0 0 0 1 1 2 2 1 1 1 2 5 2 1 2 2 2 5 1 2 2 2 2 3 4 3 3 3 3 3 5 3 3 3 3 5 4 4 4 4 4 4 4 4 2 2 4 4 2 2 2 4 4 4 4 4 4 4 2 4 4 4 4 2 4 4 4 4 4 4 4 2 4 4 4 4 4 4 4 4 4 4 4 5 2 5 5]
I; MQ:  3,6727; MV:   22; DT:   11; SOL: [0 0 0 0 0 0 5 0 0 0 0 0 0 0 0 0 1 1 2 2 1 1 1 2 5 2 1 2 2 2 5 1 2 2 2 5 3 4 3 3 3 3 3 5 3 3 3 3 4 4 4 4 4 4 4 4 4 2 2 4 4 2 2 2 4 4 4 4 4 4 4 2 4 4 4 4 2 4 4 4 4 4 4 4 2 4 4 4 4 4 4 4 4 4 4 2 2 2 5 5]
I; MQ:  3,8263; MV:   27; DT:   11; SOL: [0 0 0 0 5 0 5 0 0 0 0 0 0 0 0 0 1 1 2 2 2 1 1 2 5 2 1 2 2 2 5 1 2 2 2 5 3 4 3 3 3 3 3 5 3 3 3 5 4 4 4 4 4 4 4 4 2 2 2 4 4 2 2 2 4 4 4 4 4 4 4 2 4 4 4 4 2 4 4 4 4 4 4 4 2 4 4 4 4 4 4 3 4 4 4 2 2 2 5 5]
I; MQ:  3,8976; MV:   29; DT:   11; SOL: [0 0 0 0 5 0 5 0 0 0 0 0 0 0 0 0 1 1 2 2 2 1 1 2 5 2 1 2 2 2 5 1 2 2 2 5 3 4 3 5 3 3 3 5 3 3 3 5 4 4 4 4 4 4 4 4 2 2 2 4 4 2 2 2 4 4 4 4 4 4 4 2 4 4 4 4 2 4 4 4 4 4 4 4 2 4 4 4 4 4 4 3 4 4 2 2 2 2 5 5]

Cycle #12: junit
S; MQ:  3,0259; MV:    0; DT:    0; SOL: [0 0 0 0 0 0 0 0 0 0 0 0 0 0 0 0 1 1 1 1 1 1 1 2 2 2 2 2 2 2 2 2 2 2 2 3 3 3 3 3 3 3 3 3 3 3 3 3 3 4 4 4 4 4 4 4 4 4 4 4 4 4 4 4 4 4 4 4 4 4 4 4 4 4 4 4 4 4 4 4 4 4 4 4 4 4 4 4 4 4 4 4 4 4 4 4 4 4 5 5]
C; MQ:  4,9991; MV:   36; DT:    0; SOL: [0 0 0 0 5 0 5 0 0 0 0 0 0 0 0 0 1 1 6 7 7 1 1 6 5 6 1 7 8 2 5 8 7 8 8 5 3 2 3 5 3 3 3 5 3 3 3 5 4 4 4 4 4 4 4 4 2 2 2 4 4 7 7 7 4 4 4 4 4 4 4 7 4 4 4 4 7 4 4 4 4 4 4 4 7 4 4 4 4 4 4 3 4 4 7 7 7 7 5 5]
I; MQ:  3,2980; MV:    5; DT:    0; SOL: [0 0 0 0 0 0 0 0 0 0 0 0 0 0 0 0 1 1 1 1 1 1 1 2 2 2 1 4 2 2 5 2 2 2 2 3 3 2 3 3 3 3 3 3 3 3 3 3 5 4 4 4 4 4 4 4 4 4 4 4 4 4 4 4 4 4 4 4 4 4 4 4 4 4 4 4 4 4 4 4 4 4 4 4 4 4 4 4 4 4 4 4 4 4 4 4 4 4 5 5]
I; MQ:  3,5101; MV:   10; DT:    0; SOL: [0 0 0 0 5 0 5 0 0 0 0 0 0 0 0 0 1 1 2 1 1 1 1 2 2 2 1 4 2 2 5 2 2 2 2 5 3 2 3 3 3 3 3 3 3 3 3 5 5 4 4 4 4 4 4 4 4 4 4 4 4 4 4 4 4 4 4 4 4 4 4 4 4 4 4 4 4 4 4 4 4 4 4 4 4 4 4 4 4 4 4 4 4 4 4 4 4 4 5 5]
I; MQ:  3,6529; MV:   15; DT:    0; SOL: [0 0 0 0 5 0 5 0 0 0 0 0 0 0 0 0 1 6 2 1 1 1 1 2 2 2 1 4 6 2 5 2 1 6 6 5 3 2 3 3 3 3 3 3 3 3 3 5 5 4 4 4 4 4 4 4 4 4 4 4 4 4 4 4 4 4 4 4 4 4 4 4 4 4 4 4 4 4 4 4 4 4 4 4 4 4 4 4 4 4 4 4 4 4 4 4 4 4 5 5]
I; MQ:  3,7714; MV:   16; DT:    3; SOL: [0 0 0 0 5 0 5 0 0 0 0 0 0 0 0 0 1 1 6 1 1 1 1 2 2 2 1 4 6 2 5 2 7 6 6 5 3 2 3 3 3 3 3 3 3 3 3 5 5 4 4 4 4 4 4 4 4 4 4 4 4 4 7 7 4 4 4 4 4 4 4 4 4 4 4 4 4 4 4 4 4 4 4 4 4 4 4 4 4 4 4 4 4 4 4 4 4 4 5 5]
I; MQ:  4,0105; MV:   20; DT:    4; SOL: [0 0 0 0 5 0 5 0 0 0 0 0 0 0 0 0 1 1 6 1 1 1 1 2 2 2 1 7 6 2 5 2 7 6 6 5 3 2 3 3 3 3 3 3 3 3 3 5 5 4 4 4 4 4 4 4 4 4 7 4 4 4 7 7 4 4 4 4 4 4 4 7 4 4 4 4 7 4 4 4 4 4 4 4 7 4 4 4 4 4 4 4 4 4 4 4 4 4 5 5]
I; MQ:  4,0951; MV:   24; DT:    5; SOL: [0 0 0 0 5 0 5 0 0 0 0 0 0 0 0 0 1 1 6 7 7 1 1 6 2 2 1 7 6 2 5 2 7 6 6 5 3 2 3 3 3 3 3 3 3 3 3 5 5 4 4 4 4 4 4 4 4 2 2 4 4 4 7 7 4 4 4 4 4 4 4 7 4 4 4 4 7 4 4 4 4 4 4 4 7 4 4 4 4 4 4 4 4 4 4 4 4 4 5 5]
I; MQ:  4,1448; MV:   25; DT:    9; SOL: [0 0 0 0 5 0 5 0 0 0 0 0 0 0 0 0 1 1 6 7 7 1 1 6 5 2 1 7 8 2 5 2 7 8 8 5 3 2 3 3 3 3 3 3 3 3 3 5 4 4 4 4 4 4 4 4 4 2 2 4 4 4 7 7 4 4 4 4 4 4 4 7 4 4 4 4 7 4 4 4 4 4 4 4 7 4 4 4 4 4 4 4 4 4 4 4 4 4 5 5]
I; MQ:  4,4877; MV:   27; DT:   11; SOL: [0 0 0 0 5 0 5 0 0 0 0 0 0 0 0 0 1 1 6 7 7 1 1 6 5 6 1 7 8 2 5 2 7 8 8 5 3 2 3 3 3 3 3 3 3 3 3 3 5 4 4 4 4 4 4 4 4 2 2 4 4 4 7 7 7 4 4 4 4 4 4 7 4 4 4 4 7 4 4 4 4 4 4 4 7 4 4 4 4 4 4 4 4 4 4 4 4 7 5 5]
I; MQ:  4,5713; MV:   30; DT:   13; SOL: [0 0 0 0 5 0 5 0 0 0 0 0 0 0 0 0 1 1 6 7 7 1 1 6 5 6 1 7 8 2 5 2 7 8 8 5 3 2 3 3 3 3 3 3 3 3 3 3 4 4 4 4 4 4 4 4 4 2 2 4 4 4 7 7 7 4 4 4 4 4 4 7 4 4 4 4 7 4 4 4 4 4 4 4 7 4 4 4 4 4 4 4 4 4 5 5 5 5 5 5]
I; MQ:  4,8231; MV:   35; DT:   13; SOL: [0 0 0 0 5 0 5 0 0 0 0 0 0 0 0 0 1 1 6 7 7 1 1 6 5 6 1 7 8 2 5 8 7 8 8 5 3 2 3 3 3 3 3 5 3 3 3 3 4 4 4 4 4 4 4 4 2 2 2 4 4 7 7 7 7 4 4 4 4 4 4 7 4 4 4 4 7 4 4 4 4 4 4 4 7 4 4 4 4 4 4 3 4 4 5 5 5 5 5 5]
I; MQ:  4,9240; MV:   37; DT:   17; SOL: [0 0 0 0 5 0 5 0 0 0 0 0 0 0 0 0 1 1 6 7 7 1 1 6 5 6 1 7 8 2 5 8 7 8 8 5 3 2 3 5 3 3 3 5 3 3 3 5 4 4 4 4 4 4 4 4 2 2 2 4 4 7 7 7 7 4 4 4 4 4 4 7 4 4 4 4 7 4 4 4 4 4 4 4 7 4 4 4 4 4 4 3 4 4 5 7 7 7 5 5]
I; MQ:  4,9991; MV:   36; DT:   19; SOL: [0 0 0 0 5 0 5 0 0 0 0 0 0 0 0 0 1 1 6 7 7 1 1 6 5 6 1 7 8 2 5 8 7 8 8 5 3 2 3 5 3 3 3 5 3 3 3 5 4 4 4 4 4 4 4 4 2 2 2 4 4 7 7 7 4 4 4 4 4 4 4 7 4 4 4 4 7 4 4 4 4 4 4 4 7 4 4 4 4 4 4 3 4 4 7 7 7 7 5 5]

Cycle #13: junit
S; MQ:  3,0259; MV:    0; DT:    0; SOL: [0 0 0 0 0 0 0 0 0 0 0 0 0 0 0 0 1 1 1 1 1 1 1 2 2 2 2 2 2 2 2 2 2 2 2 3 3 3 3 3 3 3 3 3 3 3 3 3 3 4 4 4 4 4 4 4 4 4 4 4 4 4 4 4 4 4 4 4 4 4 4 4 4 4 4 4 4 4 4 4 4 4 4 4 4 4 4 4 4 4 4 4 4 4 4 4 4 4 5 5]
C; MQ:  3,8976; MV:   29; DT:    0; SOL: [0 0 0 0 5 0 5 0 0 0 0 0 0 0 0 0 1 1 2 2 2 1 1 2 5 2 1 2 2 2 5 1 2 2 2 5 3 4 3 5 3 3 3 5 3 3 3 5 4 4 4 4 4 4 4 4 2 2 2 4 4 2 2 2 4 4 4 4 4 4 4 2 4 4 4 4 2 4 4 4 4 4 4 4 2 4 4 4 4 4 4 3 4 4 2 2 2 2 5 5]
I; MQ:  3,1706; MV:    5; DT:    0; SOL: [0 0 0 0 0 0 2 0 0 0 0 0 0 0 0 0 1 1 1 1 1 1 1 2 2 2 2 2 2 2 2 2 2 5 5 5 3 3 3 3 3 3 3 3 3 3 3 3 3 4 4 4 4 4 4 4 4 4 4 4 4 4 4 4 4 4 4 4 4 4 4 2 4 4 4 4 4 4 4 4 4 4 4 4 4 4 4 4 4 4 4 4 4 4 4 4 4 4 5 5]
I; MQ:  3,2115; MV:    9; DT:    1; SOL: [0 0 0 0 2 0 2 0 0 0 0 0 0 0 0 0 1 1 1 1 1 1 1 2 2 2 2 2 2 2 2 2 2 5 5 5 3 3 3 3 3 3 3 3 3 3 3 3 3 4 4 4 4 4 4 4 4 2 2 4 4 4 4 4 4 4 4 4 4 4 4 5 4 4 4 4 4 4 4 4 4 4 4 4 4 4 4 4 4 4 4 3 4 4 4 4 4 4 5 5]
I; MQ:  3,3234; MV:   13; DT:    2; SOL: [0 0 0 0 2 0 2 0 0 0 0 0 0 0 0 0 1 1 2 1 1 1 1 2 2 2 1 2 2 2 2 2 2 5 5 5 3 3 3 3 3 3 3 3 3 3 3 5 3 4 4 4 4 4 4 4 4 2 2 4 4 4 4 4 4 4 4 4 4 4 4 2 4 4 4 4 2 4 4 4 4 4 4 4 4 4 4 4 4 4 4 3 4 4 4 4 4 4 5 5]
I; MQ:  3,4737; MV:   10; DT:    6; SOL: [0 0 0 0 0 0 2 0 0 0 0 0 0 0 0 0 1 1 2 1 1 1 1 2 2 2 1 2 2 2 2 2 2 2 2 5 3 3 3 3 3 3 3 5 3 3 3 5 3 4 4 4 4 4 4 4 4 2 2 4 4 4 4 4 4 4 4 4 4 4 4 2 4 4 4 4 4 4 4 4 4 4 4 4 4 4 4 4 4 4 4 3 4 4 4 4 4 4 5 5]
I; MQ:  3,5178; MV:   13; DT:    7; SOL: [0 0 0 0 0 0 0 0 0 0 0 0 0 0 0 0 1 1 2 2 2 1 1 2 2 2 1 2 2 2 5 1 2 2 2 5 3 3 3 3 3 3 3 5 3 3 3 5 3 4 4 4 4 4 4 4 4 2 2 4 4 4 4 4 4 4 4 4 4 4 4 2 4 4 4 4 4 4 4 4 4 4 4 4 4 4 4 4 4 4 4 3 4 4 4 4 4 4 5 5]
I; MQ:  3,6288; MV:   18; DT:   10; SOL: [0 0 0 0 5 0 5 0 0 0 0 0 0 0 0 0 1 1 2 2 2 1 1 2 2 2 1 2 2 2 5 1 2 2 2 5 3 4 3 3 3 3 3 5 3 3 3 5 3 4 4 4 4 4 4 4 4 2 2 4 4 4 4 4 4 4 4 4 4 4 4 2 4 4 4 4 2 4 4 4 4 4 4 4 2 4 4 4 4 4 4 3 4 4 4 4 4 4 5 5]
I; MQ:  3,7728; MV:   23; DT:   10; SOL: [0 0 0 0 5 0 5 0 0 0 0 0 0 0 0 0 1 1 2 2 2 1 1 2 2 2 1 2 2 2 5 1 2 2 2 5 3 4 3 5 3 3 3 5 3 3 3 5 4 4 4 4 4 4 4 4 2 2 2 4 4 4 4 4 4 4 4 4 4 4 4 2 4 4 4 4 2 4 4 4 4 4 4 4 2 4 4 4 4 4 4 3 4 4 2 4 4 2 5 5]
I; MQ:  3,8749; MV:   28; DT:   10; SOL: [0 0 0 0 5 0 5 0 0 0 0 0 0 0 0 0 1 1 2 2 2 1 1 2 5 2 1 2 2 2 5 1 2 2 2 5 3 4 3 5 3 3 3 5 3 3 3 5 4 4 4 4 4 4 4 4 2 2 2 4 4 4 2 2 4 4 4 4 4 4 4 2 4 4 4 4 2 4 4 4 4 4 4 4 2 4 4 4 4 4 4 3 4 4 2 2 2 2 5 5]
I; MQ:  3,8976; MV:   29; DT:   10; SOL: [0 0 0 0 5 0 5 0 0 0 0 0 0 0 0 0 1 1 2 2 2 1 1 2 5 2 1 2 2 2 5 1 2 2 2 5 3 4 3 5 3 3 3 5 3 3 3 5 4 4 4 4 4 4 4 4 2 2 2 4 4 2 2 2 4 4 4 4 4 4 4 2 4 4 4 4 2 4 4 4 4 4 4 4 2 4 4 4 4 4 4 3 4 4 2 2 2 2 5 5]

Cycle #14: junit
S; MQ:  3,0259; MV:    0; DT:    0; SOL: [0 0 0 0 0 0 0 0 0 0 0 0 0 0 0 0 1 1 1 1 1 1 1 2 2 2 2 2 2 2 2 2 2 2 2 3 3 3 3 3 3 3 3 3 3 3 3 3 3 4 4 4 4 4 4 4 4 4 4 4 4 4 4 4 4 4 4 4 4 4 4 4 4 4 4 4 4 4 4 4 4 4 4 4 4 4 4 4 4 4 4 4 4 4 4 4 4 4 5 5]
C; MQ:  3,8328; MV:   27; DT:    0; SOL: [0 0 0 0 0 0 2 0 0 0 0 0 0 0 0 0 1 1 2 2 2 1 1 2 2 2 1 2 2 4 2 1 2 2 2 2 3 4 5 5 3 3 3 5 5 3 3 5 5 4 4 4 4 4 4 4 4 4 4 4 4 2 2 2 4 4 4 4 4 4 4 2 4 4 4 4 2 4 4 4 4 4 4 4 2 4 4 4 4 4 4 3 4 4 2 2 2 2 2 5]
I; MQ:  3,1196; MV:    5; DT:    0; SOL: [0 0 0 0 0 0 0 0 0 0 0 0 0 0 0 0 1 1 1 2 1 1 1 2 2 2 1 2 2 2 2 2 2 2 2 3 3 3 3 3 3 3 3 5 3 3 3 3 3 4 4 4 4 4 4 3 4 4 4 4 4 4 4 4 4 4 4 4 4 4 4 4 4 4 4 4 2 4 4 4 4 4 4 4 4 4 4 4 4 4 4 4 4 4 4 4 4 4 5 5]
I; MQ:  3,2219; MV:    8; DT:    1; SOL: [0 0 0 0 0 0 0 0 0 0 0 0 0 0 0 0 1 1 1 2 2 1 1 2 2 2 1 2 2 2 2 1 2 2 2 3 3 3 3 3 3 3 3 5 3 3 3 3 5 4 4 4 4 4 4 4 4 4 4 4 4 4 4 4 4 4 4 4 4 4 4 4 4 4 4 4 2 4 4 4 4 4 4 4 4 4 4 4 4 4 4 4 4 4 4 4 4 2 5 5]
I; MQ:  3,2969; MV:   11; DT:    2; SOL: [0 0 0 0 0 0 0 0 0 0 0 0 0 0 0 0 1 1 1 2 2 1 1 2 2 2 1 2 2 2 2 1 2 2 2 3 3 4 3 3 3 3 3 5 3 3 3 3 5 4 4 4 4 4 4 4 4 4 4 4 4 4 4 4 4 4 4 4 4 4 4 4 4 4 4 4 4 4 4 4 4 4 4 4 4 4 4 4 4 4 4 4 4 4 2 2 4 2 2 5]
I; MQ:  3,5645; MV:   16; DT:    2; SOL: [0 0 0 0 0 0 2 0 0 0 0 0 0 0 0 0 1 1 2 2 2 1 1 2 2 2 1 2 2 2 2 1 2 2 2 2 3 4 3 3 3 3 3 5 3 3 3 3 5 4 4 4 4 4 4 4 4 4 4 4 4 4 4 4 4 4 4 4 4 4 4 4 4 4 4 4 4 4 4 4 4 4 4 4 4 4 4 4 4 4 4 3 4 4 2 2 2 2 2 5]
I; MQ:  3,6049; MV:   21; DT:    2; SOL: [0 0 0 0 0 0 2 0 0 0 0 0 0 0 0 0 1 1 2 2 2 1 1 2 2 2 1 2 2 4 2 1 2 2 2 2 3 4 3 3 3 3 3 5 3 3 3 3 5 4 4 4 4 4 4 4 4 4 4 4 4 2 2 2 4 4 4 4 4 4 4 2 4 4 4 4 4 4 4 4 4 4 4 4 4 4 4 4 4 4 4 3 4 4 2 2 2 2 2 5]
I; MQ:  3,8155; MV:   26; DT:    3; SOL: [0 0 0 0 0 0 2 0 0 0 0 0 0 0 0 0 1 1 2 2 2 1 1 2 2 2 1 2 2 4 2 1 2 2 2 2 3 4 3 5 3 3 3 5 5 3 3 5 5 4 4 4 4 4 4 4 4 4 4 4 4 2 2 2 4 4 4 4 4 4 4 2 4 4 4 4 2 4 4 4 4 4 4 4 2 4 4 4 4 4 4 3 4 4 2 2 2 2 2 5]
I; MQ:  3,8328; MV:   27; DT:    3; SOL: [0 0 0 0 0 0 2 0 0 0 0 0 0 0 0 0 1 1 2 2 2 1 1 2 2 2 1 2 2 4 2 1 2 2 2 2 3 4 5 5 3 3 3 5 5 3 3 5 5 4 4 4 4 4 4 4 4 4 4 4 4 2 2 2 4 4 4 4 4 4 4 2 4 4 4 4 2 4 4 4 4 4 4 4 2 4 4 4 4 4 4 3 4 4 2 2 2 2 2 5]

Cycle #15: junit
S; MQ:  3,0259; MV:    0; DT:    0; SOL: [0 0 0 0 0 0 0 0 0 0 0 0 0 0 0 0 1 1 1 1 1 1 1 2 2 2 2 2 2 2 2 2 2 2 2 3 3 3 3 3 3 3 3 3 3 3 3 3 3 4 4 4 4 4 4 4 4 4 4 4 4 4 4 4 4 4 4 4 4 4 4 4 4 4 4 4 4 4 4 4 4 4 4 4 4 4 4 4 4 4 4 4 4 4 4 4 4 4 5 5]
C; MQ:  3,8611; MV:   27; DT:    0; SOL: [0 0 0 0 5 0 5 0 0 0 0 0 0 0 0 0 1 1 2 2 2 1 1 2 5 2 1 2 2 4 5 1 2 2 2 5 3 4 3 5 3 3 3 5 3 3 3 5 4 4 4 4 4 4 4 4 4 4 4 4 4 2 2 2 4 4 4 4 4 4 4 2 4 4 4 4 2 4 4 4 4 4 4 4 2 4 4 4 4 4 4 3 4 4 2 2 2 2 5 5]
I; MQ:  3,2086; MV:    5; DT:    0; SOL: [0 0 0 0 0 0 2 0 0 0 0 0 0 0 0 0 1 1 1 2 1 1 1 2 2 2 1 2 2 2 2 2 2 2 2 3 3 3 3 3 3 3 3 5 3 3 3 3 5 4 4 4 4 4 4 4 4 4 4 4 4 4 4 4 4 4 4 4 4 4 4 4 4 4 4 4 4 4 4 4 4 4 4 4 4 4 4 4 4 4 4 4 4 4 4 4 4 4 5 5]
I; MQ:  3,3750; MV:    8; DT:    1; SOL: [0 0 0 0 0 0 0 0 0 0 0 0 0 0 0 0 1 1 1 2 1 1 1 2 2 2 1 2 2 2 2 2 2 2 2 0 3 4 3 3 3 3 3 5 3 3 3 5 5 4 4 4 4 4 4 4 4 4 4 4 4 4 4 4 2 4 4 4 4 4 4 4 4 4 4 4 4 4 4 4 4 4 4 4 4 4 4 4 4 4 4 4 4 4 4 4 4 4 5 5]
I; MQ:  3,5795; MV:   12; DT:    3; SOL: [0 0 0 0 0 0 5 0 0 0 0 0 0 0 0 0 1 1 1 2 1 1 1 2 2 2 1 2 2 2 5 2 2 2 2 5 3 4 3 3 3 3 3 5 3 3 3 5 5 4 4 4 4 4 4 4 4 4 4 4 4 4 4 4 2 4 4 4 4 4 4 4 4 4 4 4 2 4 4 4 4 4 4 4 2 4 4 4 4 4 4 4 4 4 4 4 4 4 5 5]
I; MQ:  3,6845; MV:   16; DT:    4; SOL: [0 0 0 0 5 0 5 0 0 0 0 0 0 0 0 0 1 1 2 2 1 1 1 2 2 2 1 2 2 2 5 2 2 2 2 5 3 4 3 5 3 3 3 5 3 3 3 5 4 4 4 4 4 4 4 4 4 4 4 4 4 4 4 4 2 4 4 4 4 4 4 2 4 4 4 4 2 4 4 4 4 4 4 4 2 4 4 4 4 4 4 4 4 4 4 4 4 4 5 5]
I; MQ:  3,7151; MV:   21; DT:    4; SOL: [0 0 0 0 5 0 5 0 0 0 0 0 0 0 0 0 1 1 2 2 2 1 1 2 2 2 1 2 2 4 5 1 2 2 2 5 3 4 3 5 3 3 3 5 3 3 3 5 4 4 4 4 4 4 4 4 4 4 4 4 4 4 4 4 2 4 4 4 4 4 4 2 4 4 4 4 2 4 4 4 4 4 4 4 2 4 4 4 4 4 4 3 4 4 4 4 4 2 5 5]
I; MQ:  3,7884; MV:   24; DT:    5; SOL: [0 0 0 0 5 0 5 0 0 0 0 0 0 0 0 0 1 1 2 2 2 1 1 2 2 2 1 2 2 4 5 1 2 2 2 5 3 4 3 5 3 3 3 5 3 3 3 5 4 4 4 4 4 4 4 4 4 4 4 4 4 4 2 2 4 4 4 4 4 4 4 2 4 4 4 4 2 4 4 4 4 4 4 4 2 4 4 4 4 4 4 3 4 4 2 4 2 2 5 5]
I; MQ:  3,8611; MV:   27; DT:    5; SOL: [0 0 0 0 5 0 5 0 0 0 0 0 0 0 0 0 1 1 2 2 2 1 1 2 5 2 1 2 2 4 5 1 2 2 2 5 3 4 3 5 3 3 3 5 3 3 3 5 4 4 4 4 4 4 4 4 4 4 4 4 4 2 2 2 4 4 4 4 4 4 4 2 4 4 4 4 2 4 4 4 4 4 4 4 2 4 4 4 4 4 4 3 4 4 2 2 2 2 5 5]

Cycle #16: junit
S; MQ:  3,0259; MV:    0; DT:    0; SOL: [0 0 0 0 0 0 0 0 0 0 0 0 0 0 0 0 1 1 1 1 1 1 1 2 2 2 2 2 2 2 2 2 2 2 2 3 3 3 3 3 3 3 3 3 3 3 3 3 3 4 4 4 4 4 4 4 4 4 4 4 4 4 4 4 4 4 4 4 4 4 4 4 4 4 4 4 4 4 4 4 4 4 4 4 4 4 4 4 4 4 4 4 4 4 4 4 4 4 5 5]
C; MQ:  3,8611; MV:   27; DT:    0; SOL: [0 0 0 0 5 0 5 0 0 0 0 0 0 0 0 0 1 1 2 2 2 1 1 2 5 2 1 2 2 4 5 1 2 2 2 5 3 4 3 5 3 3 3 5 3 3 3 5 4 4 4 4 4 4 4 4 4 4 4 4 4 2 2 2 4 4 4 4 4 4 4 2 4 4 4 4 2 4 4 4 4 4 4 4 2 4 4 4 4 4 4 3 4 4 2 2 2 2 5 5]
I; MQ:  3,2406; MV:    5; DT:    0; SOL: [0 0 0 0 0 0 0 0 0 0 0 0 0 0 0 0 1 1 1 1 1 1 1 2 2 2 2 2 2 2 2 2 2 2 2 5 3 3 3 3 3 3 3 3 3 3 3 5 5 4 4 5 4 4 4 4 4 4 4 4 4 4 4 4 4 4 4 4 4 4 4 2 4 4 4 4 4 4 4 4 4 4 4 4 4 4 4 4 4 4 4 4 4 4 4 4 4 4 5 5]
I; MQ:  3,3805; MV:    8; DT:    1; SOL: [0 0 0 0 0 0 0 0 0 0 0 0 0 0 0 0 1 1 1 1 1 1 1 2 2 2 1 2 2 2 5 2 2 2 2 5 3 3 3 5 3 3 3 0 3 3 3 5 5 4 4 4 4 4 4 4 4 4 4 4 4 4 4 4 4 4 4 4 4 4 4 2 4 4 4 4 4 4 4 4 4 4 4 4 4 4 4 4 4 4 4 4 4 4 4 4 4 4 5 5]
I; MQ:  3,5184; MV:   10; DT:    3; SOL: [0 0 0 0 2 0 2 0 0 0 0 0 0 0 0 0 1 1 1 1 1 1 1 2 2 2 1 2 2 2 2 2 2 2 2 5 3 3 3 5 3 3 3 5 3 3 3 5 5 4 4 4 4 4 4 4 4 4 4 4 4 4 4 4 4 4 4 4 4 4 4 2 4 4 4 4 4 4 4 4 4 4 4 4 4 4 4 4 4 4 4 3 4 4 4 4 4 4 5 5]
I; MQ:  3,5383; MV:   14; DT:    5; SOL: [0 0 0 0 2 0 2 0 0 0 0 0 0 0 0 0 1 1 1 2 2 1 1 2 2 2 1 2 2 2 5 1 2 2 2 5 3 3 3 5 3 3 3 5 3 3 3 5 4 4 4 4 4 4 4 4 4 4 4 4 4 4 4 4 4 4 4 4 4 4 4 2 4 4 4 4 4 4 4 4 4 4 4 4 4 4 4 4 4 4 4 3 4 4 4 4 4 4 5 5]
I; MQ:  3,5920; MV:   16; DT:    7; SOL: [0 0 0 0 2 0 2 0 0 0 0 0 0 0 0 0 1 1 1 2 2 1 1 2 2 2 1 2 2 2 2 1 2 2 2 5 3 3 3 5 3 3 3 5 3 3 3 5 5 4 4 4 4 4 4 4 4 4 4 4 4 4 4 4 4 4 4 4 4 4 4 2 4 4 4 4 4 4 4 4 4 4 4 4 4 4 4 4 4 4 4 3 4 4 4 2 2 2 5 5]
I; MQ:  3,6558; MV:   19; DT:    8; SOL: [0 0 0 0 0 0 2 0 0 0 0 0 0 0 0 0 1 1 1 2 2 1 1 2 2 2 1 2 2 4 2 1 2 2 2 5 3 3 3 5 3 3 3 5 3 3 3 5 5 4 4 4 4 4 4 4 4 4 4 4 4 4 2 4 4 4 4 4 4 4 4 2 4 4 4 4 4 4 4 4 4 4 4 4 2 4 4 4 4 4 4 3 4 4 2 2 2 2 5 5]
I; MQ:  3,7708; MV:   22; DT:    9; SOL: [0 0 0 0 0 0 0 0 0 0 0 0 0 0 0 0 1 1 2 2 2 1 1 2 2 2 1 2 2 4 2 1 2 2 2 5 3 0 3 5 3 3 3 5 3 3 3 5 5 4 4 4 4 4 4 4 4 4 4 4 4 2 2 4 4 4 4 4 4 4 4 2 4 4 4 4 2 4 4 4 4 4 4 4 2 4 4 4 4 4 4 3 4 4 2 2 2 2 5 5]
I; MQ:  3,8178; MV:   25; DT:   14; SOL: [0 0 0 0 5 0 5 0 0 0 0 0 0 0 0 0 1 1 2 2 2 1 1 2 2 2 1 2 2 4 5 1 2 2 2 5 3 2 3 5 3 3 3 5 3 3 3 5 4 4 4 4 4 4 4 4 4 4 4 4 4 2 2 4 4 4 4 4 4 4 4 2 4 4 4 4 2 4 4 4 4 4 4 4 2 4 4 4 4 4 4 3 4 4 2 2 2 2 5 5]
I; MQ:  3,8611; MV:   27; DT:   15; SOL: [0 0 0 0 5 0 5 0 0 0 0 0 0 0 0 0 1 1 2 2 2 1 1 2 5 2 1 2 2 4 5 1 2 2 2 5 3 4 3 5 3 3 3 5 3 3 3 5 4 4 4 4 4 4 4 4 4 4 4 4 4 2 2 2 4 4 4 4 4 4 4 2 4 4 4 4 2 4 4 4 4 4 4 4 2 4 4 4 4 4 4 3 4 4 2 2 2 2 5 5]

Cycle #17: junit
S; MQ:  3,0259; MV:    0; DT:    0; SOL: [0 0 0 0 0 0 0 0 0 0 0 0 0 0 0 0 1 1 1 1 1 1 1 2 2 2 2 2 2 2 2 2 2 2 2 3 3 3 3 3 3 3 3 3 3 3 3 3 3 4 4 4 4 4 4 4 4 4 4 4 4 4 4 4 4 4 4 4 4 4 4 4 4 4 4 4 4 4 4 4 4 4 4 4 4 4 4 4 4 4 4 4 4 4 4 4 4 4 5 5]
C; MQ:  3,6033; MV:   21; DT:    0; SOL: [0 0 0 0 5 0 5 0 0 0 0 0 0 0 0 0 1 1 2 1 1 1 1 2 2 2 1 2 2 2 2 1 2 2 2 2 3 4 3 2 3 3 3 2 3 3 3 2 4 4 4 4 4 4 4 4 2 2 2 4 4 4 4 2 4 4 4 4 4 4 4 2 4 4 4 4 2 4 4 4 4 4 4 4 2 4 4 4 4 4 4 3 4 4 4 4 4 4 2 2]
I; MQ:  3,1691; MV:    5; DT:    0; SOL: [0 0 0 0 0 0 5 0 0 0 0 0 0 0 0 0 1 1 1 1 1 1 1 2 2 2 2 2 2 2 5 2 2 2 2 3 3 3 3 3 3 3 3 3 3 3 3 3 3 4 4 4 4 4 4 4 4 2 2 4 4 4 4 4 4 4 4 4 4 4 4 2 4 4 4 4 4 4 4 4 4 4 4 4 4 4 4 4 4 4 4 4 4 4 4 4 4 4 5 5]
I; MQ:  3,3018; MV:   10; DT:    0; SOL: [0 0 0 0 5 0 5 0 0 0 0 0 0 0 0 0 1 1 2 1 1 1 1 2 2 2 2 2 2 2 5 2 2 2 2 3 3 3 3 3 3 3 3 3 3 3 3 3 3 4 4 4 4 4 4 4 2 2 2 4 4 4 4 4 4 4 4 4 4 4 4 2 4 4 4 4 4 4 4 4 4 4 4 4 4 4 4 4 4 4 4 4 4 4 4 4 4 4 2 3]
I; MQ:  3,4375; MV:   13; DT:    1; SOL: [0 0 0 0 5 0 5 0 0 0 0 0 0 0 0 0 1 1 2 1 1 1 1 2 2 2 1 2 2 2 2 2 2 2 2 2 3 3 3 3 3 3 3 3 3 3 3 3 3 4 4 4 4 4 4 4 2 2 2 4 4 4 4 4 4 4 4 4 4 4 4 2 4 4 4 4 2 4 4 4 4 4 4 4 2 4 4 4 4 4 4 4 4 4 4 4 4 4 2 3]
I; MQ:  3,5169; MV:   17; DT:    2; SOL: [0 0 0 0 5 0 5 0 0 0 0 0 0 0 0 0 1 1 2 1 1 1 1 2 2 2 1 2 2 2 2 1 2 2 2 2 3 4 3 3 3 3 3 3 3 3 3 3 0 4 4 4 4 4 4 4 2 2 2 4 4 4 4 4 4 4 4 4 4 4 4 2 4 4 4 4 2 4 4 4 4 4 4 4 2 4 4 4 4 4 4 3 4 4 4 4 4 4 2 2]
I; MQ:  3,6033; MV:   21; DT:    3; SOL: [0 0 0 0 5 0 5 0 0 0 0 0 0 0 0 0 1 1 2 1 1 1 1 2 2 2 1 2 2 2 2 1 2 2 2 2 3 4 3 2 3 3 3 2 3 3 3 2 4 4 4 4 4 4 4 4 2 2 2 4 4 4 4 2 4 4 4 4 4 4 4 2 4 4 4 4 2 4 4 4 4 4 4 4 2 4 4 4 4 4 4 3 4 4 4 4 4 4 2 2]

Cycle #18: junit
S; MQ:  3,0259; MV:    0; DT:    0; SOL: [0 0 0 0 0 0 0 0 0 0 0 0 0 0 0 0 1 1 1 1 1 1 1 2 2 2 2 2 2 2 2 2 2 2 2 3 3 3 3 3 3 3 3 3 3 3 3 3 3 4 4 4 4 4 4 4 4 4 4 4 4 4 4 4 4 4 4 4 4 4 4 4 4 4 4 4 4 4 4 4 4 4 4 4 4 4 4 4 4 4 4 4 4 4 4 4 4 4 5 5]
C; MQ:  3,8796; MV:   26; DT:    0; SOL: [0 0 0 0 5 0 5 0 0 0 0 0 0 0 0 0 1 1 2 1 1 1 1 2 5 2 1 2 2 2 5 2 2 2 2 5 3 4 3 5 3 3 3 5 3 3 3 5 4 4 4 4 4 4 4 4 2 2 2 4 4 2 2 2 4 4 4 4 4 4 4 2 4 4 4 4 2 4 4 4 4 4 4 4 2 4 4 4 4 4 4 3 4 4 2 2 2 2 5 5]
I; MQ:  3,2754; MV:    5; DT:    0; SOL: [0 0 0 0 0 0 5 0 0 0 0 0 0 0 0 0 1 1 1 1 1 1 1 2 2 2 2 2 2 2 5 2 2 2 2 5 3 3 3 3 3 3 3 3 3 3 3 3 0 4 4 4 4 4 4 4 4 4 4 4 4 4 4 4 4 4 4 4 4 4 4 2 4 4 4 4 4 4 4 4 4 4 4 4 4 4 4 4 4 4 4 4 4 4 4 4 4 4 5 5]
I; MQ:  3,3743; MV:    9; DT:    1; SOL: [0 0 0 0 0 0 5 0 0 0 0 0 0 0 0 0 1 1 1 1 1 1 1 2 5 2 1 2 2 2 5 2 2 2 2 5 3 3 3 3 3 3 3 3 3 3 3 3 5 4 4 4 4 4 4 4 4 2 4 4 4 4 4 4 4 4 4 4 4 4 4 2 4 4 4 4 4 4 4 4 4 4 4 4 4 4 4 4 4 4 4 4 4 4 4 4 4 2 5 5]
I; MQ:  3,4593; MV:   14; DT:    1; SOL: [0 0 0 0 0 0 5 0 0 0 0 0 0 0 0 0 1 1 1 1 1 1 1 2 5 2 1 2 2 2 5 2 2 2 2 5 3 3 3 3 3 3 3 3 3 3 3 3 5 4 4 4 4 4 4 4 2 2 2 4 4 4 4 2 4 4 4 4 4 4 4 2 4 4 4 4 4 4 4 4 4 4 4 4 2 4 4 4 4 4 4 4 4 4 4 2 4 2 5 5]
I; MQ:  3,5592; MV:   17; DT:    2; SOL: [0 0 0 0 0 0 5 0 0 0 0 0 0 0 0 0 1 1 2 1 1 1 1 2 5 2 1 2 2 2 5 2 2 2 2 5 3 3 3 3 3 3 3 3 3 3 3 3 5 4 4 4 4 4 4 4 2 2 2 4 4 2 2 2 4 4 4 4 4 4 4 2 4 4 4 4 4 4 4 4 4 4 4 4 2 4 4 4 4 4 4 3 4 4 4 4 4 2 5 5]
I; MQ:  3,6413; MV:   22; DT:    2; SOL: [0 0 0 0 5 0 5 0 0 0 0 0 0 0 0 0 1 1 2 2 1 1 1 2 5 2 1 2 2 2 5 2 2 2 2 5 3 4 3 3 3 3 3 3 3 3 3 5 5 4 4 4 4 4 4 4 2 2 2 4 4 2 2 2 4 4 4 4 4 4 4 2 4 4 4 4 2 4 4 4 4 4 4 4 2 4 4 4 4 4 4 3 4 4 4 4 4 2 5 5]
I; MQ:  3,8165; MV:   24; DT:    4; SOL: [0 0 0 0 5 0 5 0 0 0 0 0 0 0 0 0 1 1 2 1 1 1 1 2 5 2 1 2 2 2 5 2 2 2 2 5 3 4 3 3 3 3 3 5 3 3 3 5 4 4 4 4 4 4 4 4 2 2 2 4 4 2 2 2 4 4 4 4 4 4 4 2 4 4 4 4 2 4 4 4 4 4 4 4 2 4 4 4 4 4 4 3 4 4 2 4 2 2 5 5]
I; MQ:  3,8796; MV:   26; DT:    5; SOL: [0 0 0 0 5 0 5 0 0 0 0 0 0 0 0 0 1 1 2 1 1 1 1 2 5 2 1 2 2 2 5 2 2 2 2 5 3 4 3 5 3 3 3 5 3 3 3 5 4 4 4 4 4 4 4 4 2 2 2 4 4 2 2 2 4 4 4 4 4 4 4 2 4 4 4 4 2 4 4 4 4 4 4 4 2 4 4 4 4 4 4 3 4 4 2 2 2 2 5 5]

Cycle #19: junit
S; MQ:  3,0259; MV:    0; DT:    0; SOL: [0 0 0 0 0 0 0 0 0 0 0 0 0 0 0 0 1 1 1 1 1 1 1 2 2 2 2 2 2 2 2 2 2 2 2 3 3 3 3 3 3 3 3 3 3 3 3 3 3 4 4 4 4 4 4 4 4 4 4 4 4 4 4 4 4 4 4 4 4 4 4 4 4 4 4 4 4 4 4 4 4 4 4 4 4 4 4 4 4 4 4 4 4 4 4 4 4 4 5 5]
C; MQ:  3,8534; MV:   24; DT:    0; SOL: [0 0 0 0 0 0 2 0 0 0 0 0 0 0 0 0 1 1 2 2 2 1 1 2 2 2 1 2 2 2 2 1 2 2 2 2 3 4 3 5 3 3 3 5 3 3 3 5 5 5 5 5 4 4 4 4 2 2 2 4 4 4 4 2 4 4 4 4 4 4 4 2 4 4 4 4 2 4 4 4 4 4 4 4 2 4 4 4 4 4 4 3 4 4 4 4 4 4 2 5]
I; MQ:  3,3191; MV:    5; DT:    0; SOL: [0 0 0 0 0 0 0 0 0 0 0 0 0 0 0 0 1 1 2 1 1 1 1 2 2 2 2 2 2 2 2 2 2 2 2 5 3 4 3 3 3 3 3 3 3 3 3 3 5 4 4 5 4 4 4 4 4 4 4 4 4 4 4 4 4 4 4 4 4 4 4 4 4 4 4 4 4 4 4 4 4 4 4 4 4 4 4 4 4 4 4 4 4 4 4 4 4 4 5 5]
I; MQ:  3,5171; MV:   10; DT:    0; SOL: [0 0 0 0 0 0 0 0 0 0 0 0 0 0 0 0 1 1 2 1 1 1 1 2 2 2 1 2 2 2 2 2 2 2 2 5 3 4 3 5 3 3 3 3 3 3 3 5 5 5 4 5 4 4 4 4 4 4 4 4 4 4 4 4 4 4 4 4 4 4 4 4 4 4 4 4 4 4 4 4 4 4 4 4 4 4 4 4 4 4 4 4 4 4 4 4 4 4 2 5]
I; MQ:  3,5928; MV:   15; DT:    0; SOL: [0 0 0 0 0 0 0 0 0 0 0 0 0 0 0 0 1 1 2 1 1 1 1 2 2 2 1 2 2 2 2 2 2 2 2 5 3 4 3 5 3 3 3 3 3 3 3 5 5 5 4 5 4 4 4 4 2 2 2 4 4 4 4 4 4 4 4 4 4 4 4 4 4 4 4 4 2 4 4 4 4 4 4 4 2 4 4 4 4 4 4 4 4 4 4 4 4 4 2 5]
I; MQ:  3,6443; MV:   20; DT:    0; SOL: [0 0 0 0 0 0 0 0 0 0 0 0 0 0 0 0 1 1 2 2 2 1 1 2 2 2 1 2 2 2 2 1 2 2 2 5 3 4 3 5 3 3 3 0 3 3 3 5 5 5 4 5 4 4 4 4 2 2 2 4 4 4 4 4 4 4 4 4 4 4 4 4 4 4 4 4 2 4 4 4 4 4 4 4 2 4 4 4 4 4 4 3 4 4 4 4 4 4 2 5]
I; MQ:  3,7845; MV:   24; DT:    1; SOL: [0 0 0 0 0 0 2 0 0 0 0 0 0 0 0 0 1 1 2 2 2 1 1 2 2 2 1 2 2 2 2 1 2 2 2 5 3 4 3 5 3 3 3 5 3 3 3 5 5 5 2 5 4 4 4 4 2 2 2 4 4 4 4 2 4 4 4 4 4 4 4 2 4 4 4 4 2 4 4 4 4 4 4 4 2 4 4 4 4 4 4 3 4 4 4 4 4 4 2 5]
I; MQ:  3,8534; MV:   24; DT:    3; SOL: [0 0 0 0 0 0 2 0 0 0 0 0 0 0 0 0 1 1 2 2 2 1 1 2 2 2 1 2 2 2 2 1 2 2 2 2 3 4 3 5 3 3 3 5 3 3 3 5 5 5 5 5 4 4 4 4 2 2 2 4 4 4 4 2 4 4 4 4 4 4 4 2 4 4 4 4 2 4 4 4 4 4 4 4 2 4 4 4 4 4 4 3 4 4 4 4 4 4 2 5]

Cycle #20: junit
S; MQ:  3,0259; MV:    0; DT:    0; SOL: [0 0 0 0 0 0 0 0 0 0 0 0 0 0 0 0 1 1 1 1 1 1 1 2 2 2 2 2 2 2 2 2 2 2 2 3 3 3 3 3 3 3 3 3 3 3 3 3 3 4 4 4 4 4 4 4 4 4 4 4 4 4 4 4 4 4 4 4 4 4 4 4 4 4 4 4 4 4 4 4 4 4 4 4 4 4 4 4 4 4 4 4 4 4 4 4 4 4 5 5]
C; MQ:  4,3446; MV:   25; DT:    0; SOL: [0 0 0 0 0 0 2 0 0 0 0 0 0 0 0 0 1 1 2 2 2 1 1 2 2 2 1 2 2 2 2 1 2 2 2 6 3 4 3 6 3 3 3 6 3 3 3 6 6 5 5 5 4 4 4 4 2 2 2 4 4 4 4 2 4 4 4 4 4 4 4 2 4 4 4 4 2 4 4 4 4 4 4 4 2 4 4 4 4 4 4 3 4 4 4 4 4 4 2 6]
I; MQ:  3,3021; MV:    5; DT:    0; SOL: [0 0 0 0 0 0 0 0 0 0 0 0 0 0 0 0 1 1 1 1 1 1 1 2 2 2 2 2 2 2 2 2 2 2 2 3 3 3 3 3 3 3 3 3 3 3 3 3 5 4 5 5 4 4 4 4 4 4 4 4 4 4 4 4 4 4 4 4 4 4 4 4 4 4 4 4 4 4 4 4 4 4 4 4 4 4 4 4 4 4 4 3 4 4 4 4 4 4 2 5]
I; MQ:  3,7889; MV:    9; DT:    1; SOL: [0 0 0 0 0 0 0 0 0 0 0 0 0 0 0 0 1 1 1 1 1 1 1 2 2 2 2 2 2 2 2 2 2 2 2 3 3 4 3 3 3 3 3 3 3 3 3 3 6 5 5 5 4 4 4 4 4 4 4 4 4 4 4 4 4 4 4 4 4 4 4 2 4 4 4 4 4 4 4 4 4 4 4 4 4 4 4 4 4 4 4 3 4 4 4 4 4 4 2 6]
I; MQ:  4,1928; MV:   14; DT:    1; SOL: [0 0 0 0 0 0 2 0 0 0 0 0 0 0 0 0 1 1 2 1 1 1 1 2 2 2 2 2 2 2 2 2 2 2 2 2 3 4 3 3 3 3 3 6 3 3 3 6 6 5 5 5 4 4 4 4 4 4 4 4 4 4 4 4 4 4 4 4 4 4 4 2 4 4 4 4 4 4 4 4 4 4 4 4 4 4 4 4 4 4 4 3 4 4 4 4 4 4 2 6]
I; MQ:  4,2678; MV:   19; DT:    1; SOL: [0 0 0 0 0 0 2 0 0 0 0 0 0 0 0 0 1 1 2 2 2 1 1 2 2 2 1 2 2 2 2 1 2 2 2 2 3 4 3 3 3 3 3 6 3 3 3 6 6 5 5 5 4 4 4 4 4 2 4 4 4 4 4 4 4 4 4 4 4 4 4 2 4 4 4 4 4 4 4 4 4 4 4 4 4 4 4 4 4 4 4 3 4 4 4 4 4 4 2 6]
I; MQ:  4,3153; MV:   24; DT:    1; SOL: [0 0 0 0 0 0 2 0 0 0 0 0 0 0 0 0 1 1 2 2 2 1 1 2 2 2 1 2 2 2 2 1 2 2 2 2 3 4 3 3 3 3 3 6 3 3 3 6 6 5 5 5 4 4 4 4 2 2 2 4 4 4 4 2 4 4 4 4 4 4 4 2 4 4 4 4 2 4 4 4 4 4 4 4 2 4 4 4 4 4 4 3 4 4 4 4 4 4 2 6]
I; MQ:  4,3446; MV:   25; DT:    2; SOL: [0 0 0 0 0 0 2 0 0 0 0 0 0 0 0 0 1 1 2 2 2 1 1 2 2 2 1 2 2 2 2 1 2 2 2 6 3 4 3 6 3 3 3 6 3 3 3 6 6 5 5 5 4 4 4 4 2 2 2 4 4 4 4 2 4 4 4 4 4 4 4 2 4 4 4 4 2 4 4 4 4 4 4 4 2 4 4 4 4 4 4 3 4 4 4 4 4 4 2 6]

Cycle #21: junit
S; MQ:  3,0259; MV:    0; DT:    0; SOL: [0 0 0 0 0 0 0 0 0 0 0 0 0 0 0 0 1 1 1 1 1 1 1 2 2 2 2 2 2 2 2 2 2 2 2 3 3 3 3 3 3 3 3 3 3 3 3 3 3 4 4 4 4 4 4 4 4 4 4 4 4 4 4 4 4 4 4 4 4 4 4 4 4 4 4 4 4 4 4 4 4 4 4 4 4 4 4 4 4 4 4 4 4 4 4 4 4 4 5 5]
C; MQ:  3,6544; MV:   26; DT:    0; SOL: [0 0 0 0 5 0 5 0 0 0 0 0 0 0 0 0 1 1 2 2 2 1 1 2 2 2 1 2 2 2 2 1 2 2 2 2 3 4 3 3 3 3 3 3 3 3 3 3 4 4 4 4 4 4 4 4 2 2 2 4 4 2 2 2 4 4 4 4 4 4 4 2 4 4 4 4 2 4 4 4 4 4 4 4 2 4 4 4 4 4 4 3 4 4 2 2 2 2 2 2]
I; MQ:  3,1288; MV:    5; DT:    0; SOL: [0 0 0 0 2 0 2 0 0 0 0 0 0 0 0 0 1 1 2 1 1 1 1 2 2 2 2 2 2 2 2 2 2 2 2 3 3 4 3 3 3 3 3 3 3 3 3 3 3 4 4 4 4 4 4 4 4 4 4 4 4 4 4 4 2 4 4 4 4 4 4 4 4 4 4 4 4 4 4 4 4 4 4 4 4 4 4 4 4 4 4 4 4 4 4 4 4 4 5 5]
I; MQ:  3,2369; MV:    8; DT:    1; SOL: [0 0 0 0 0 0 2 0 0 0 0 0 0 0 0 0 1 1 2 1 1 1 1 2 2 2 2 2 2 2 5 2 2 2 2 3 3 4 3 3 3 3 3 3 3 3 3 3 3 4 4 4 4 4 4 4 4 4 4 4 4 4 4 4 2 4 4 4 4 4 4 4 4 4 4 4 2 4 4 4 4 4 4 4 2 4 4 4 4 4 4 3 4 4 4 4 4 4 5 5]
I; MQ:  3,3268; MV:   10; DT:    4; SOL: [0 0 0 0 5 0 5 0 0 0 0 0 0 0 0 0 1 1 2 1 1 1 1 2 2 2 2 2 2 2 2 2 2 2 2 3 3 4 3 3 3 3 3 3 3 3 3 3 3 4 4 4 4 4 4 4 4 4 4 4 4 4 4 4 2 4 4 4 4 4 4 4 4 4 4 4 2 4 4 4 4 4 4 4 2 4 4 4 4 4 4 3 4 4 4 4 4 4 2 3]
I; MQ:  3,3944; MV:   13; DT:    5; SOL: [0 0 0 0 5 0 5 0 0 0 0 0 0 0 0 0 1 1 2 2 2 1 1 2 2 2 1 2 2 2 2 1 2 2 2 3 3 4 3 3 3 3 3 3 3 3 3 3 3 4 4 4 4 4 4 4 4 4 4 4 4 4 4 4 4 4 4 4 4 4 4 4 4 4 4 4 2 4 4 4 4 4 4 4 2 4 4 4 4 4 4 3 4 4 4 4 4 4 2 3]
I; MQ:  3,4347; MV:   18; DT:    5; SOL: [0 0 0 0 5 0 5 0 0 0 0 0 0 0 0 0 1 1 2 2 2 1 1 2 2 2 1 2 2 2 2 1 2 2 2 3 3 4 3 3 3 3 3 3 3 4 3 3 3 4 4 4 4 4 4 4 4 4 4 4 4 2 2 2 4 4 4 4 4 4 4 4 4 4 4 4 2 4 4 4 4 4 4 4 2 4 4 4 4 4 4 3 4 4 4 4 4 2 2 3]
I; MQ:  3,4956; MV:   21; DT:    6; SOL: [0 0 0 0 5 0 5 0 0 0 0 0 0 0 0 0 1 1 2 2 2 1 1 2 2 2 1 2 2 2 2 1 2 2 2 3 3 4 3 3 3 3 3 3 3 4 3 3 3 4 4 4 4 4 4 4 2 2 2 4 4 2 2 2 4 4 4 4 4 4 4 2 4 4 4 4 2 4 4 4 4 4 4 4 2 4 4 4 4 4 4 4 4 4 4 4 4 2 2 3]
I; MQ:  3,6029; MV:   24; DT:    7; SOL: [0 0 0 0 5 0 5 0 0 0 0 0 0 0 0 0 1 1 2 2 2 1 1 2 2 2 1 2 2 2 2 1 2 2 2 2 3 4 3 3 3 3 3 3 3 3 3 3 3 4 4 4 4 4 4 4 2 2 2 4 4 2 2 2 4 4 4 4 4 4 4 2 4 4 4 4 2 4 4 4 4 4 4 4 2 4 4 4 4 4 4 4 4 4 2 2 2 2 2 3]
I; MQ:  3,6544; MV:   26; DT:    9; SOL: [0 0 0 0 5 0 5 0 0 0 0 0 0 0 0 0 1 1 2 2 2 1 1 2 2 2 1 2 2 2 2 1 2 2 2 2 3 4 3 3 3 3 3 3 3 3 3 3 4 4 4 4 4 4 4 4 2 2 2 4 4 2 2 2 4 4 4 4 4 4 4 2 4 4 4 4 2 4 4 4 4 4 4 4 2 4 4 4 4 4 4 3 4 4 2 2 2 2 2 2]

Cycle #22: junit
S; MQ:  3,0259; MV:    0; DT:    0; SOL: [0 0 0 0 0 0 0 0 0 0 0 0 0 0 0 0 1 1 1 1 1 1 1 2 2 2 2 2 2 2 2 2 2 2 2 3 3 3 3 3 3 3 3 3 3 3 3 3 3 4 4 4 4 4 4 4 4 4 4 4 4 4 4 4 4 4 4 4 4 4 4 4 4 4 4 4 4 4 4 4 4 4 4 4 4 4 4 4 4 4 4 4 4 4 4 4 4 4 5 5]
C; MQ:  5,8492; MV:   42; DT:    0; SOL: [0 0 0 0 0 0 7 0 0 0 0 0 0 0 0 0 1 1 2 1 1 1 1 2 7 2 1 7 10 7 7 10 7 10 10 7 3 4 8 8 3 3 3 9 8 3 3 9 9 4 4 4 6 4 4 4 7 7 7 6 6 7 7 7 7 4 4 4 4 4 4 7 4 6 4 6 7 4 4 4 4 4 4 4 7 4 4 4 4 4 4 3 4 4 5 5 5 5 7 9]
I; MQ:  3,1894; MV:    5; DT:    0; SOL: [0 0 0 0 2 0 2 0 0 0 0 0 0 0 0 0 1 1 2 1 1 1 1 2 2 2 2 2 2 2 5 2 2 2 2 3 3 3 3 3 3 3 3 3 3 3 3 3 3 4 4 4 4 4 4 4 4 4 4 4 4 4 4 4 4 4 4 4 4 4 4 2 4 4 4 4 4 4 4 4 4 4 4 4 4 4 4 4 4 4 4 4 4 4 4 4 4 4 5 5]
I; MQ:  3,3487; MV:    8; DT:    2; SOL: [0 0 0 0 5 0 5 0 0 0 0 0 0 0 0 0 1 1 2 1 1 1 1 2 5 2 2 4 2 2 5 2 2 2 2 5 3 3 3 3 3 3 3 3 3 3 3 3 3 4 4 4 4 4 4 4 4 4 4 4 4 4 4 4 4 4 4 4 4 4 4 2 4 4 4 4 4 4 4 4 4 4 4 4 4 4 4 4 4 4 4 4 4 4 4 4 4 4 5 5]
I; MQ:  3,4257; MV:   11; DT:    3; SOL: [0 0 0 0 5 0 5 0 0 0 0 0 0 0 0 0 1 1 2 1 1 1 1 2 5 2 2 4 2 2 5 6 6 2 2 5 3 2 3 3 3 3 3 3 3 3 3 3 3 4 4 4 4 4 4 4 4 4 4 4 4 4 4 4 4 4 4 4 4 4 4 4 4 4 4 4 4 4 4 4 4 4 4 4 4 4 4 4 4 4 4 3 4 4 4 4 4 4 5 5]
I; MQ:  3,5191; MV:   14; DT:    5; SOL: [0 0 0 0 5 0 5 0 0 0 0 0 0 0 0 0 1 1 2 1 1 1 1 2 5 2 2 4 2 2 5 2 6 2 2 5 3 2 3 3 3 3 3 3 3 3 3 3 3 4 4 4 6 4 4 4 4 4 4 4 4 4 4 4 4 4 4 4 4 4 4 6 4 6 4 6 4 4 4 4 4 4 4 4 4 4 4 4 4 4 4 3 4 4 4 4 4 4 5 5]
I; MQ:  3,9119; MV:   17; DT:    7; SOL: [0 0 0 0 5 0 5 0 0 0 0 0 0 0 0 0 1 1 2 1 1 1 1 2 5 2 2 4 2 2 5 2 7 2 2 5 3 2 3 3 3 3 3 3 3 3 3 3 3 4 4 4 6 4 4 4 4 4 4 6 6 4 4 4 4 4 4 4 4 4 4 7 4 6 4 6 4 4 4 4 4 4 4 4 7 4 4 4 4 4 4 3 4 4 4 4 4 4 5 5]
I; MQ:  4,0693; MV:   21; DT:    8; SOL: [0 0 0 0 5 0 5 0 0 0 0 0 0 0 0 0 1 1 2 1 1 1 1 2 5 2 2 7 2 2 5 2 7 2 2 5 3 2 3 3 3 3 3 3 3 3 3 3 3 4 4 4 6 4 4 4 4 4 4 6 6 4 7 4 7 4 4 4 4 4 4 7 4 6 4 6 4 4 4 4 4 4 4 4 7 4 4 4 4 4 4 3 4 4 4 7 4 7 5 5]
I; MQ:  4,1714; MV:   26; DT:    8; SOL: [0 0 0 0 5 0 5 0 0 0 0 0 0 0 0 0 1 1 2 7 7 1 1 2 5 2 2 7 2 2 5 2 7 2 2 5 3 2 3 3 3 3 3 3 3 3 3 3 3 4 4 4 6 4 4 4 4 4 4 6 6 4 7 4 7 4 4 4 4 4 4 7 4 6 4 6 7 4 4 4 4 4 4 4 7 4 4 4 4 4 4 3 4 4 7 7 5 7 5 5]
I; MQ:  4,2103; MV:   26; DT:   12; SOL: [0 0 0 0 5 0 5 0 0 0 0 0 0 0 0 0 1 1 2 7 1 1 1 2 5 2 2 7 2 2 5 2 7 2 2 5 3 2 3 3 3 3 3 3 3 3 3 3 3 4 4 4 6 4 4 4 4 4 4 6 6 4 7 4 7 4 4 4 4 4 4 7 4 6 4 6 7 4 4 4 4 4 4 4 7 4 4 4 4 4 4 3 4 4 5 5 5 5 5 3]
I; MQ:  4,3265; MV:   29; DT:   14; SOL: [0 0 0 0 5 0 5 0 0 0 0 0 0 0 0 0 1 1 2 7 1 1 1 2 5 2 2 7 2 2 5 2 7 2 2 8 3 2 3 8 3 3 3 3 8 4 3 3 3 4 4 4 6 4 4 4 4 4 4 6 6 4 7 4 7 4 4 4 4 4 4 8 4 6 4 6 7 4 4 4 4 4 4 4 7 4 4 4 4 4 4 3 4 4 5 5 5 5 5 3]
I; MQ:  4,3949; MV:   29; DT:   18; SOL: [0 0 0 8 7 0 7 0 0 0 0 0 0 0 0 0 1 1 2 7 1 1 1 2 5 2 2 7 2 2 7 2 7 2 2 8 3 2 3 8 3 3 3 3 8 3 3 3 3 4 4 4 6 4 4 4 4 4 4 6 6 4 7 4 7 4 4 4 4 4 4 8 4 6 4 6 7 4 4 4 4 4 4 4 7 4 4 4 4 4 4 3 4 4 5 5 5 5 5 3]
I; MQ:  4,6126; MV:   30; DT:   21; SOL: [0 0 0 8 7 0 7 0 0 0 0 0 0 0 0 0 1 1 2 7 1 1 1 2 2 2 2 7 2 2 7 2 7 2 2 8 3 4 3 8 3 3 3 3 8 3 3 8 3 4 4 4 6 4 4 4 4 4 4 6 6 4 7 4 7 4 4 4 4 4 4 7 4 6 4 6 7 4 4 4 4 4 4 4 7 4 4 4 4 4 4 3 4 4 5 5 5 5 7 3]
I; MQ:  4,6820; MV:   29; DT:   25; SOL: [0 0 0 0 7 0 7 0 0 0 0 0 0 0 0 0 1 1 2 1 1 1 1 2 2 2 2 7 2 2 7 2 7 2 2 2 3 4 8 8 3 3 3 3 8 3 3 8 3 4 4 4 6 4 4 4 4 4 4 6 6 4 7 4 7 4 4 4 4 4 4 7 4 6 4 6 7 4 4 4 4 4 4 4 7 4 4 4 4 4 4 3 4 4 5 5 5 5 7 7]
I; MQ:  4,9335; MV:   29; DT:   29; SOL: [0 0 0 0 0 0 7 0 0 0 0 0 0 0 0 0 1 1 2 1 1 1 1 2 2 2 2 7 2 2 7 2 7 2 2 7 3 4 8 9 3 3 3 0 8 3 3 9 3 4 4 4 6 4 4 4 4 4 4 6 6 4 7 4 7 4 4 4 4 4 4 7 4 6 4 6 7 4 4 4 4 4 4 4 7 4 4 4 4 4 4 3 4 4 5 5 5 5 7 7]
I; MQ:  5,1540; MV:   31; DT:   33; SOL: [0 0 0 0 7 0 7 0 0 0 0 0 0 0 0 0 1 1 2 1 1 1 1 2 2 2 2 7 2 2 7 2 7 2 2 7 3 4 8 8 3 3 3 9 8 3 3 9 3 4 4 4 6 4 4 4 4 7 4 6 6 4 7 4 7 4 4 4 4 4 4 7 4 6 4 6 7 4 4 4 4 4 4 4 7 4 4 4 4 4 4 3 4 4 5 5 5 5 7 9]
I; MQ:  5,2668; MV:   34; DT:   35; SOL: [0 0 0 0 0 0 7 0 0 0 0 0 0 0 0 0 1 1 2 7 1 1 1 2 2 2 1 7 2 2 7 2 7 2 2 7 3 4 8 8 3 3 3 9 8 3 3 9 3 4 4 4 6 4 4 4 7 7 7 6 6 4 7 4 7 4 4 4 4 4 4 7 4 6 4 6 7 4 4 4 4 4 4 4 7 4 4 4 4 4 4 3 4 4 5 5 5 5 7 9]
I; MQ:  5,4567; MV:   39; DT:   37; SOL: [0 0 0 0 0 0 7 0 0 0 0 0 0 0 0 0 1 1 2 7 7 1 1 2 2 2 1 7 2 2 7 1 7 2 7 7 3 4 8 8 3 3 3 9 8 3 3 9 9 4 4 4 6 4 4 4 7 7 7 6 6 4 7 7 7 4 4 4 4 4 4 7 4 6 4 6 7 4 4 4 4 4 4 4 7 4 4 4 4 4 4 3 4 4 5 5 5 5 7 9]
I; MQ:  5,5279; MV:   39; DT:   41; SOL: [0 0 0 0 0 0 7 0 0 0 0 0 0 0 0 0 1 1 2 7 1 1 1 2 7 2 1 7 2 7 7 2 7 2 7 7 3 2 8 8 3 3 3 9 8 3 3 9 9 4 4 4 6 4 4 4 7 7 7 6 6 4 7 7 7 4 4 4 4 4 4 7 4 6 4 6 7 4 4 4 4 4 4 4 7 4 4 4 4 4 4 3 4 4 5 5 5 5 7 9]
I; MQ:  5,8232; MV:   42; DT:   44; SOL: [0 0 0 0 0 0 7 0 0 0 0 0 0 0 0 0 1 1 2 7 1 1 1 2 7 2 1 7 10 7 7 10 7 10 10 7 3 4 8 8 3 3 3 9 8 3 3 9 9 4 4 4 6 4 4 4 7 7 7 6 6 4 7 7 7 4 4 4 4 4 4 7 4 6 4 6 7 4 4 4 4 4 4 4 7 4 4 4 4 4 4 3 4 4 5 5 5 5 7 9]
I; MQ:  5,8492; MV:   42; DT:   45; SOL: [0 0 0 0 0 0 7 0 0 0 0 0 0 0 0 0 1 1 2 1 1 1 1 2 7 2 1 7 10 7 7 10 7 10 10 7 3 4 8 8 3 3 3 9 8 3 3 9 9 4 4 4 6 4 4 4 7 7 7 6 6 7 7 7 7 4 4 4 4 4 4 7 4 6 4 6 7 4 4 4 4 4 4 4 7 4 4 4 4 4 4 3 4 4 5 5 5 5 7 9]

Cycle #23: junit
S; MQ:  3,0259; MV:    0; DT:    0; SOL: [0 0 0 0 0 0 0 0 0 0 0 0 0 0 0 0 1 1 1 1 1 1 1 2 2 2 2 2 2 2 2 2 2 2 2 3 3 3 3 3 3 3 3 3 3 3 3 3 3 4 4 4 4 4 4 4 4 4 4 4 4 4 4 4 4 4 4 4 4 4 4 4 4 4 4 4 4 4 4 4 4 4 4 4 4 4 4 4 4 4 4 4 4 4 4 4 4 4 5 5]
C; MQ:  4,0597; MV:   22; DT:    0; SOL: [0 0 0 0 0 0 2 0 0 0 0 0 0 0 0 0 1 1 2 1 1 1 1 2 2 2 1 2 2 2 2 1 2 2 2 2 3 5 3 3 3 3 3 2 3 3 3 2 4 4 4 4 4 5 5 5 2 2 2 4 4 4 4 2 4 4 4 4 4 4 4 2 4 4 4 4 2 4 4 4 4 4 4 4 2 4 4 4 4 4 4 3 4 4 4 4 4 4 2 2]
I; MQ:  3,0831; MV:    5; DT:    0; SOL: [0 0 0 0 0 0 2 0 0 0 0 0 0 0 0 0 1 1 0 1 1 1 1 2 2 2 2 2 2 2 2 2 2 2 2 3 3 4 3 3 3 3 3 3 3 3 3 3 3 4 4 4 4 4 4 4 4 2 4 4 4 4 4 4 2 4 4 4 4 4 4 4 4 4 4 4 4 4 4 4 4 4 4 4 4 4 4 4 4 4 4 4 4 4 4 4 4 4 5 5]
I; MQ:  3,3005; MV:    8; DT:    2; SOL: [0 0 0 0 0 0 2 0 0 0 0 0 0 0 0 0 1 1 2 1 1 1 1 2 5 2 2 2 2 5 2 2 2 2 2 3 3 5 3 3 3 3 3 3 3 3 3 3 3 4 4 4 4 4 4 4 4 2 4 4 4 4 4 4 2 4 4 4 4 4 4 4 4 4 4 4 4 4 4 4 4 4 4 4 4 4 4 4 4 4 4 4 4 4 4 4 4 4 5 3]
I; MQ:  3,3600; MV:    7; DT:    5; SOL: [0 0 0 0 0 0 2 0 0 0 0 0 0 0 0 0 1 1 2 1 1 1 1 2 2 2 2 4 2 5 2 2 2 2 2 3 3 5 3 3 3 3 3 3 3 3 3 3 3 4 4 4 4 4 4 5 4 4 4 4 4 4 4 4 4 4 4 4 4 4 4 4 4 4 4 4 4 4 4 4 4 4 4 4 4 4 4 4 4 4 4 4 4 4 4 4 4 4 5 3]
I; MQ:  3,5989; MV:   12; DT:    5; SOL: [0 0 0 0 2 0 2 0 0 0 0 0 0 0 0 0 1 1 2 1 1 1 1 2 2 2 1 4 2 5 2 2 2 2 2 3 3 5 3 3 3 3 3 3 3 3 3 3 4 4 4 4 4 4 5 5 4 4 4 4 4 4 4 4 4 4 4 4 4 4 4 4 4 4 4 4 4 4 4 4 4 4 4 4 4 4 4 4 4 4 4 4 4 4 4 4 4 4 2 3]
I; MQ:  3,7149; MV:   12; DT:    8; SOL: [0 0 0 0 2 0 2 0 0 0 0 0 0 0 0 0 1 1 2 1 1 1 1 2 2 2 1 2 2 2 2 2 2 2 2 2 3 5 3 3 3 3 3 3 3 3 3 3 4 4 4 4 4 4 5 5 4 4 4 4 4 4 4 4 4 4 4 4 4 4 4 4 4 4 4 4 4 4 4 4 4 4 4 4 4 4 4 4 4 4 4 3 4 4 4 4 4 4 2 2]
I; MQ:  3,7528; MV:   15; DT:   10; SOL: [0 0 0 0 0 0 2 0 0 0 0 0 0 0 0 0 1 1 2 1 1 1 1 2 2 2 1 2 2 2 2 2 2 2 2 2 3 5 3 3 3 3 3 3 3 3 3 3 4 4 4 4 4 4 5 5 4 2 2 4 4 4 4 4 4 4 4 4 4 4 4 4 4 4 4 4 2 4 4 4 4 4 4 4 2 4 4 4 4 4 4 3 4 4 4 4 4 4 2 2]
I; MQ:  3,8333; MV:   20; DT:   10; SOL: [0 0 0 0 0 0 2 0 0 0 0 0 0 0 0 0 1 1 2 1 1 1 1 2 2 2 1 2 2 2 2 1 2 2 2 2 3 5 3 2 3 3 3 2 3 3 3 2 4 4 4 4 4 4 5 5 2 2 2 4 4 4 4 4 4 4 4 4 4 4 4 4 4 4 4 4 2 4 4 4 4 4 4 4 2 4 4 4 4 4 4 3 4 4 4 4 4 4 2 2]
I; MQ:  4,0597; MV:   22; DT:   11; SOL: [0 0 0 0 0 0 2 0 0 0 0 0 0 0 0 0 1 1 2 1 1 1 1 2 2 2 1 2 2 2 2 1 2 2 2 2 3 5 3 3 3 3 3 2 3 3 3 2 4 4 4 4 4 5 5 5 2 2 2 4 4 4 4 2 4 4 4 4 4 4 4 2 4 4 4 4 2 4 4 4 4 4 4 4 2 4 4 4 4 4 4 3 4 4 4 4 4 4 2 2]

Cycle #24: junit
S; MQ:  3,0259; MV:    0; DT:    0; SOL: [0 0 0 0 0 0 0 0 0 0 0 0 0 0 0 0 1 1 1 1 1 1 1 2 2 2 2 2 2 2 2 2 2 2 2 3 3 3 3 3 3 3 3 3 3 3 3 3 3 4 4 4 4 4 4 4 4 4 4 4 4 4 4 4 4 4 4 4 4 4 4 4 4 4 4 4 4 4 4 4 4 4 4 4 4 4 4 4 4 4 4 4 4 4 4 4 4 4 5 5]
C; MQ:  4,0158; MV:   29; DT:    0; SOL: [0 0 0 0 0 0 2 0 0 0 0 0 0 0 0 0 1 1 5 1 1 1 1 5 2 5 1 2 5 2 2 5 2 5 2 2 3 4 3 3 3 3 3 2 3 3 3 2 4 4 4 4 4 4 4 4 2 2 2 4 4 2 2 2 4 4 4 4 4 4 4 2 4 4 4 4 2 4 4 4 4 4 4 4 2 4 4 4 4 4 4 3 4 4 2 2 2 2 2 2]
I; MQ:  3,2056; MV:    5; DT:    0; SOL: [0 0 0 0 0 0 0 0 0 0 0 0 0 0 0 0 1 1 2 1 1 1 1 2 5 5 2 2 2 2 5 2 2 2 2 3 3 3 3 3 3 3 3 3 3 3 3 3 3 4 4 4 4 4 4 4 4 4 4 4 4 4 4 4 4 4 4 4 4 4 4 4 4 4 4 4 4 4 4 4 4 4 4 4 4 4 4 4 4 4 4 3 4 4 4 4 4 4 5 5]
I; MQ:  3,4496; MV:    7; DT:    2; SOL: [0 0 0 0 0 0 0 0 0 0 0 0 0 0 0 0 1 1 5 1 1 1 1 5 5 5 2 2 2 2 2 2 2 2 2 3 3 3 3 3 3 3 3 3 3 3 3 3 3 4 4 4 4 4 4 4 4 4 4 4 4 4 4 4 4 4 4 4 4 4 4 4 4 4 4 4 4 4 4 4 4 4 4 4 4 4 4 4 4 4 4 3 4 4 4 4 4 4 2 3]
I; MQ:  3,5182; MV:    9; DT:    4; SOL: [0 0 0 0 0 0 0 0 0 0 0 0 0 0 0 0 1 1 5 1 1 1 1 5 2 5 2 2 2 2 2 2 2 2 2 3 3 3 3 3 3 3 3 3 3 3 3 3 4 4 4 4 4 4 4 4 4 2 4 4 4 4 4 4 4 4 4 4 4 4 4 4 4 4 4 4 2 4 4 4 4 4 4 4 4 4 4 4 4 4 4 3 4 4 4 4 4 4 2 2]
I; MQ:  3,6952; MV:   14; DT:    4; SOL: [0 0 0 0 0 0 0 0 0 0 0 0 0 0 0 0 1 1 5 1 1 1 1 5 2 5 2 2 2 2 2 2 2 5 2 2 3 4 3 3 3 3 3 2 3 3 3 3 4 4 4 4 4 4 4 4 4 2 4 4 4 4 4 4 4 4 4 4 4 4 4 2 4 4 4 4 2 4 4 4 4 4 4 4 4 4 4 4 4 4 4 3 4 4 4 4 4 4 2 2]
I; MQ:  3,7738; MV:   17; DT:    5; SOL: [0 0 0 0 0 0 0 0 0 0 0 0 0 0 0 0 1 1 5 1 1 1 1 5 2 5 2 2 5 2 2 2 2 5 2 2 3 4 3 2 3 3 3 2 3 3 3 2 4 4 4 4 4 4 4 4 4 2 2 4 4 4 4 4 4 4 4 4 4 4 4 2 4 4 4 4 4 4 4 4 4 4 4 4 4 4 4 4 4 4 4 3 4 4 4 4 4 4 2 2]
I; MQ:  3,8679; MV:   22; DT:    5; SOL: [0 0 0 0 0 0 0 0 0 0 0 0 0 0 0 0 1 1 5 2 1 1 1 5 2 5 1 2 5 2 2 1 2 5 2 2 3 4 3 2 3 3 3 2 3 3 3 2 4 4 4 4 4 4 4 4 2 2 2 4 4 4 4 2 4 4 4 4 4 4 4 2 4 4 4 4 4 4 4 4 4 4 4 4 4 4 4 4 4 4 4 3 4 4 4 4 4 4 2 2]
I; MQ:  3,9203; MV:   27; DT:    5; SOL: [0 0 0 0 0 0 0 0 0 0 0 0 0 0 0 0 1 1 5 2 1 1 1 5 2 5 1 2 5 2 2 1 2 5 2 2 3 4 3 2 3 3 3 2 3 3 3 2 4 4 4 4 4 4 4 4 2 2 2 4 4 2 2 2 4 4 4 4 4 4 4 2 4 4 4 4 4 4 4 4 4 4 4 4 2 4 4 4 4 4 4 3 4 4 4 4 2 2 2 2]
I; MQ:  4,0072; MV:   28; DT:    8; SOL: [0 0 0 0 0 0 0 0 0 0 0 0 0 0 0 0 1 1 5 1 1 1 1 5 2 5 1 2 5 2 2 1 2 5 2 2 3 4 3 3 3 3 3 2 3 3 3 2 4 4 4 4 4 4 4 4 2 2 2 4 4 2 2 2 4 4 4 4 4 4 4 2 4 4 4 4 2 4 4 4 4 4 4 4 2 4 4 4 4 4 4 3 4 4 2 2 2 2 2 2]
I; MQ:  4,0158; MV:   29; DT:    9; SOL: [0 0 0 0 0 0 2 0 0 0 0 0 0 0 0 0 1 1 5 1 1 1 1 5 2 5 1 2 5 2 2 5 2 5 2 2 3 4 3 3 3 3 3 2 3 3 3 2 4 4 4 4 4 4 4 4 2 2 2 4 4 2 2 2 4 4 4 4 4 4 4 2 4 4 4 4 2 4 4 4 4 4 4 4 2 4 4 4 4 4 4 3 4 4 2 2 2 2 2 2]

Cycle #25: junit
S; MQ:  3,0259; MV:    0; DT:    0; SOL: [0 0 0 0 0 0 0 0 0 0 0 0 0 0 0 0 1 1 1 1 1 1 1 2 2 2 2 2 2 2 2 2 2 2 2 3 3 3 3 3 3 3 3 3 3 3 3 3 3 4 4 4 4 4 4 4 4 4 4 4 4 4 4 4 4 4 4 4 4 4 4 4 4 4 4 4 4 4 4 4 4 4 4 4 4 4 4 4 4 4 4 4 4 4 4 4 4 4 5 5]
C; MQ:  3,9090; MV:   29; DT:    0; SOL: [0 0 0 0 0 0 0 0 0 0 0 0 0 0 0 0 1 1 5 2 2 1 1 5 5 5 1 2 2 2 5 1 2 2 2 5 3 4 3 5 3 3 3 5 3 3 3 5 4 4 4 4 4 4 4 4 2 2 2 4 4 2 2 2 4 4 4 4 4 4 4 2 4 4 4 4 2 4 4 4 4 4 4 4 2 4 4 4 4 4 4 3 4 4 2 2 2 2 5 5]
I; MQ:  3,0693; MV:    5; DT:    0; SOL: [0 0 0 0 0 0 0 0 0 0 0 0 0 0 0 0 1 1 1 1 1 1 1 2 2 2 2 2 2 2 2 2 2 2 5 3 3 3 3 3 3 3 3 3 3 3 3 3 3 4 4 4 4 4 4 4 4 2 4 4 4 4 4 4 4 4 4 4 4 4 4 2 4 4 4 4 2 4 4 4 4 4 4 4 2 4 4 4 4 4 4 4 4 4 4 4 4 4 5 5]
I; MQ:  3,2727; MV:   10; DT:    0; SOL: [0 0 0 0 0 0 0 0 0 0 0 0 0 0 0 0 1 1 1 1 1 1 1 2 2 2 1 2 2 2 5 2 2 2 5 3 3 3 3 3 3 3 3 3 3 3 3 3 5 4 4 4 4 4 4 4 4 2 2 4 4 4 4 4 4 4 4 4 4 4 4 2 4 4 4 4 2 4 4 4 4 4 4 4 2 4 4 4 4 4 4 4 4 4 4 4 4 5 5 5]
I; MQ:  3,3754; MV:   11; DT:    2; SOL: [0 0 0 0 0 0 0 0 0 0 0 0 0 0 0 0 1 1 2 2 1 1 1 2 2 2 1 2 2 2 5 2 2 2 2 3 3 3 3 3 3 3 3 3 3 3 3 3 5 4 4 4 4 4 4 4 4 2 2 4 4 4 4 4 4 4 4 4 4 4 4 2 4 4 4 4 2 4 4 4 4 4 4 4 2 4 4 4 4 4 4 3 4 4 4 4 4 4 5 5]
I; MQ:  3,4429; MV:   16; DT:    3; SOL: [0 0 0 0 0 0 0 0 0 0 0 0 0 0 0 0 1 1 2 2 2 1 1 2 2 2 1 2 2 2 5 1 2 2 2 3 3 2 3 3 3 3 3 3 3 3 3 3 5 4 4 4 4 4 4 4 2 2 2 4 4 4 4 4 4 4 4 4 4 4 4 2 4 4 4 4 2 4 4 4 4 4 4 4 2 4 4 4 4 4 4 3 4 4 4 4 4 2 5 5]
I; MQ:  3,5512; MV:   19; DT:    5; SOL: [0 0 0 0 0 0 0 0 0 0 0 0 0 0 0 0 1 1 5 2 2 1 1 5 5 5 1 2 2 2 5 1 2 2 2 3 3 4 3 3 3 3 3 3 3 3 3 3 5 4 4 4 4 4 4 4 2 2 2 4 4 4 4 4 4 4 4 4 4 4 4 2 4 4 4 4 2 4 4 4 4 4 4 4 2 4 4 4 4 4 4 3 4 4 4 4 4 2 5 5]
I; MQ:  3,6648; MV:   24; DT:    5; SOL: [0 0 0 0 0 0 0 0 0 0 0 0 0 0 0 0 1 1 5 2 2 1 1 5 5 5 1 2 2 2 5 1 2 2 2 2 3 4 3 3 3 3 3 3 3 3 3 3 5 4 4 4 4 4 4 4 2 2 2 4 4 2 2 2 4 4 4 4 4 4 4 2 4 4 4 4 2 4 4 4 4 4 4 4 2 4 4 4 4 4 4 3 4 4 2 4 4 2 5 5]
I; MQ:  3,6760; MV:   28; DT:    6; SOL: [0 0 0 0 0 0 2 0 0 0 0 0 0 0 0 0 1 1 5 2 2 1 1 5 5 5 1 2 2 2 5 1 2 5 2 2 3 4 3 3 3 3 3 5 3 3 3 0 4 4 4 4 4 4 4 4 2 2 2 4 4 2 2 2 4 4 4 4 4 4 4 2 4 4 4 4 2 4 4 4 4 4 4 4 2 4 4 4 4 4 4 3 4 4 2 4 4 2 5 5]
I; MQ:  3,8277; MV:   27; DT:   10; SOL: [0 0 0 0 0 0 0 0 0 0 0 0 0 0 0 0 1 1 5 2 2 1 1 5 5 5 1 2 2 2 5 1 2 2 2 5 3 4 3 5 3 3 3 5 3 3 3 5 4 4 4 4 4 4 4 4 2 2 2 4 4 2 2 2 4 4 4 4 4 4 4 2 4 4 4 4 2 4 4 4 4 4 4 4 2 4 4 4 4 4 4 3 4 4 2 4 4 2 5 5]
I; MQ:  3,9090; MV:   29; DT:   10; SOL: [0 0 0 0 0 0 0 0 0 0 0 0 0 0 0 0 1 1 5 2 2 1 1 5 5 5 1 2 2 2 5 1 2 2 2 5 3 4 3 5 3 3 3 5 3 3 3 5 4 4 4 4 4 4 4 4 2 2 2 4 4 2 2 2 4 4 4 4 4 4 4 2 4 4 4 4 2 4 4 4 4 4 4 4 2 4 4 4 4 4 4 3 4 4 2 2 2 2 5 5]

Cycle #26: junit
S; MQ:  3,0259; MV:    0; DT:    0; SOL: [0 0 0 0 0 0 0 0 0 0 0 0 0 0 0 0 1 1 1 1 1 1 1 2 2 2 2 2 2 2 2 2 2 2 2 3 3 3 3 3 3 3 3 3 3 3 3 3 3 4 4 4 4 4 4 4 4 4 4 4 4 4 4 4 4 4 4 4 4 4 4 4 4 4 4 4 4 4 4 4 4 4 4 4 4 4 4 4 4 4 4 4 4 4 4 4 4 4 5 5]
C; MQ:  4,0033; MV:   20; DT:    0; SOL: [0 0 0 0 0 0 2 0 0 0 0 0 0 0 0 0 1 1 2 1 1 1 1 2 2 2 1 2 2 2 2 1 2 2 2 2 3 2 3 3 3 3 3 3 3 3 3 3 4 4 4 4 4 5 5 5 2 2 2 4 4 4 4 2 4 4 4 4 4 4 4 2 4 4 4 4 2 4 4 4 4 4 4 4 2 4 4 4 4 4 4 3 4 4 4 4 4 4 2 2]
I; MQ:  3,1487; MV:    5; DT:    0; SOL: [0 0 0 0 0 0 0 0 0 0 0 0 0 0 0 0 1 1 1 1 1 1 1 2 2 2 2 4 2 2 2 2 2 2 2 3 3 3 3 3 3 3 3 5 3 3 3 3 3 4 4 4 4 3 4 3 4 4 4 4 4 4 4 4 4 4 4 4 4 4 4 4 4 4 4 4 4 4 4 4 4 4 4 4 4 4 4 4 4 4 4 3 4 4 4 4 4 4 5 5]
I; MQ:  3,2147; MV:    6; DT:    2; SOL: [0 0 0 0 0 0 0 0 0 0 0 0 0 0 0 0 1 1 1 1 1 1 1 2 5 2 2 4 2 5 2 2 2 2 2 3 3 3 3 3 3 3 3 3 3 3 3 3 3 4 4 4 4 3 4 3 4 4 4 4 4 4 4 4 4 4 4 4 4 4 4 4 4 4 4 4 4 4 4 4 4 4 4 4 4 4 4 4 4 4 4 4 4 4 4 4 4 4 5 3]
I; MQ:  3,3918; MV:    7; DT:    5; SOL: [0 0 0 0 0 0 0 0 0 0 0 0 0 0 0 0 1 1 1 1 1 1 1 2 2 2 2 4 2 5 2 2 2 2 2 3 3 5 3 3 3 3 3 3 3 3 3 3 3 4 4 4 4 5 4 5 4 5 4 4 4 4 4 4 4 4 4 4 4 4 4 4 4 4 4 4 4 4 4 4 4 4 4 4 4 4 4 4 4 4 4 4 4 4 4 4 4 4 5 3]
I; MQ:  3,7261; MV:    8; DT:    8; SOL: [0 0 0 0 0 0 0 0 0 0 0 0 0 0 0 0 1 1 1 1 1 1 1 2 2 2 2 4 2 2 2 2 2 2 2 3 3 5 3 3 3 3 3 3 3 3 3 3 3 4 4 4 4 5 5 5 4 4 4 4 4 4 4 4 4 4 4 4 4 4 4 4 4 4 4 4 4 4 4 4 4 4 4 4 4 4 4 4 4 4 4 3 4 4 4 4 4 4 2 3]
I; MQ:  3,7906; MV:   11; DT:   10; SOL: [0 0 0 0 0 0 0 0 0 0 0 0 0 0 0 0 1 1 0 1 1 1 1 2 2 2 1 4 2 2 2 2 2 2 2 3 3 2 3 3 3 3 3 3 3 3 3 3 4 4 4 4 4 5 5 5 4 4 4 4 4 4 4 4 4 4 4 4 4 4 4 4 4 4 4 4 4 4 4 4 4 4 4 4 4 4 4 4 4 4 4 3 4 4 4 4 4 4 2 2]
I; MQ:  3,9333; MV:   13; DT:   13; SOL: [0 0 0 0 0 0 2 0 0 0 0 0 0 0 0 0 1 1 2 1 1 1 1 2 2 2 1 2 2 2 2 2 2 2 2 2 3 2 3 3 3 3 3 2 3 3 3 3 4 4 4 4 4 5 5 5 4 4 4 4 4 4 4 4 4 4 4 4 4 4 4 4 4 4 4 4 4 4 4 4 4 4 4 4 4 4 4 4 4 4 4 3 4 4 4 4 4 4 2 2]
I; MQ:  3,9852; MV:   18; DT:   14; SOL: [0 0 0 0 0 0 2 0 0 0 0 0 0 0 0 0 1 1 2 1 1 1 1 2 2 2 1 2 2 2 2 2 2 2 2 2 3 2 3 3 3 3 3 2 3 3 3 3 4 4 4 4 4 5 5 5 2 2 2 4 4 4 4 2 4 4 4 4 4 4 4 2 4 4 4 4 4 4 4 4 4 4 4 4 4 4 4 4 4 4 4 3 4 4 4 4 4 4 2 2]
I; MQ:  4,0033; MV:   20; DT:   15; SOL: [0 0 0 0 0 0 2 0 0 0 0 0 0 0 0 0 1 1 2 1 1 1 1 2 2 2 1 2 2 2 2 1 2 2 2 2 3 2 3 3 3 3 3 3 3 3 3 3 4 4 4 4 4 5 5 5 2 2 2 4 4 4 4 2 4 4 4 4 4 4 4 2 4 4 4 4 2 4 4 4 4 4 4 4 2 4 4 4 4 4 4 3 4 4 4 4 4 4 2 2]

Cycle #27: junit
S; MQ:  3,0259; MV:    0; DT:    0; SOL: [0 0 0 0 0 0 0 0 0 0 0 0 0 0 0 0 1 1 1 1 1 1 1 2 2 2 2 2 2 2 2 2 2 2 2 3 3 3 3 3 3 3 3 3 3 3 3 3 3 4 4 4 4 4 4 4 4 4 4 4 4 4 4 4 4 4 4 4 4 4 4 4 4 4 4 4 4 4 4 4 4 4 4 4 4 4 4 4 4 4 4 4 4 4 4 4 4 4 5 5]
C; MQ:  3,6674; MV:   14; DT:    0; SOL: [0 0 0 0 2 0 2 0 0 0 0 0 0 0 0 0 1 1 2 1 1 1 1 2 2 2 1 4 2 4 2 2 2 2 2 5 3 4 3 5 3 3 3 5 3 3 3 5 5 4 4 4 4 4 4 4 4 4 4 4 4 4 4 4 4 4 4 4 4 4 4 4 4 4 4 4 4 4 4 4 4 4 4 4 4 4 4 4 4 4 4 3 4 4 4 4 4 4 2 5]
I; MQ:  3,2298; MV:    5; DT:    0; SOL: [0 0 0 0 0 0 0 0 0 0 0 0 0 0 0 0 1 1 1 1 1 1 1 2 2 2 2 4 2 4 2 2 2 2 2 5 3 3 3 3 3 3 3 5 3 3 3 3 3 4 4 4 4 4 4 4 4 4 4 4 4 4 4 4 4 4 4 4 4 4 4 5 4 4 4 4 4 4 4 4 4 4 4 4 4 4 4 4 4 4 4 4 4 4 4 4 4 4 5 5]
I; MQ:  3,3932; MV:    8; DT:    1; SOL: [0 0 0 0 2 0 2 0 0 0 0 0 0 0 0 0 1 1 1 1 1 1 1 2 2 2 2 4 2 4 2 2 2 2 2 5 3 3 3 5 3 3 3 5 3 3 3 5 3 4 4 4 4 4 4 4 4 4 4 4 4 4 4 4 4 4 4 4 4 4 4 4 4 4 4 4 4 4 4 4 4 4 4 4 4 4 4 4 4 4 4 4 4 4 4 4 4 4 5 5]
I; MQ:  3,5210; MV:   11; DT:    2; SOL: [0 0 0 0 2 0 2 0 0 0 0 0 0 0 0 0 1 1 2 1 1 1 1 2 2 2 1 4 2 2 2 2 2 2 2 5 3 3 3 5 3 3 3 5 3 3 3 5 3 4 4 4 4 4 4 4 4 4 4 4 4 4 4 4 4 4 4 4 4 4 4 4 4 4 4 4 4 4 4 4 4 4 4 4 4 4 4 4 4 4 4 3 4 4 4 4 4 4 2 5]
I; MQ:  3,6674; MV:   14; DT:    3; SOL: [0 0 0 0 2 0 2 0 0 0 0 0 0 0 0 0 1 1 2 1 1 1 1 2 2 2 1 4 2 4 2 2 2 2 2 5 3 4 3 5 3 3 3 5 3 3 3 5 5 4 4 4 4 4 4 4 4 4 4 4 4 4 4 4 4 4 4 4 4 4 4 4 4 4 4 4 4 4 4 4 4 4 4 4 4 4 4 4 4 4 4 3 4 4 4 4 4 4 2 5]

Cycle #28: junit
S; MQ:  3,0259; MV:    0; DT:    0; SOL: [0 0 0 0 0 0 0 0 0 0 0 0 0 0 0 0 1 1 1 1 1 1 1 2 2 2 2 2 2 2 2 2 2 2 2 3 3 3 3 3 3 3 3 3 3 3 3 3 3 4 4 4 4 4 4 4 4 4 4 4 4 4 4 4 4 4 4 4 4 4 4 4 4 4 4 4 4 4 4 4 4 4 4 4 4 4 4 4 4 4 4 4 4 4 4 4 4 4 5 5]
C; MQ:  3,8976; MV:   29; DT:    0; SOL: [0 0 0 0 5 0 5 0 0 0 0 0 0 0 0 0 1 1 2 2 2 1 1 2 5 2 1 2 2 2 5 1 2 2 2 5 3 4 3 5 3 3 3 5 3 3 3 5 4 4 4 4 4 4 4 4 2 2 2 4 4 2 2 2 4 4 4 4 4 4 4 2 4 4 4 4 2 4 4 4 4 4 4 4 2 4 4 4 4 4 4 3 4 4 2 2 2 2 5 5]
I; MQ:  3,2827; MV:    5; DT:    0; SOL: [0 0 0 0 0 0 0 0 0 0 0 0 0 0 0 0 1 1 1 1 1 1 1 2 2 2 2 2 2 2 2 2 2 2 2 5 3 0 3 3 3 3 3 5 3 3 3 3 5 4 4 4 4 4 4 4 4 4 4 4 4 4 4 4 4 4 4 4 4 4 4 4 4 4 4 4 4 4 4 4 4 4 4 4 4 4 4 4 4 4 4 3 4 4 4 4 4 4 5 5]
I; MQ:  3,5488; MV:    9; DT:    1; SOL: [0 0 0 0 0 0 0 0 0 0 0 0 0 0 0 0 1 1 2 1 1 1 1 2 2 2 2 2 2 2 5 2 2 2 2 5 3 4 3 3 3 3 3 5 3 3 3 5 5 4 4 4 4 4 4 4 4 4 4 4 4 4 4 4 2 4 4 4 4 4 4 4 4 4 4 4 4 4 4 4 4 4 4 4 4 4 4 4 4 4 4 3 4 4 4 4 4 4 5 5]
I; MQ:  3,6343; MV:   14; DT:    1; SOL: [0 0 0 0 0 0 0 0 0 0 0 0 0 0 0 0 1 1 2 1 1 1 1 2 2 2 1 2 2 2 5 2 2 2 2 5 3 4 3 3 3 3 3 5 3 3 3 5 5 4 4 4 4 4 4 4 4 2 2 4 4 4 4 4 2 4 4 4 4 4 4 2 4 4 4 4 2 4 4 4 4 4 4 4 4 4 4 4 4 4 4 3 4 4 4 4 4 4 5 5]
I; MQ:  3,6836; MV:   17; DT:    2; SOL: [0 0 0 0 0 0 0 0 0 0 0 0 0 0 0 0 1 1 2 2 2 1 1 2 2 2 1 2 2 2 5 2 2 2 2 5 3 4 3 3 3 3 3 5 3 3 3 5 5 4 4 4 4 4 4 4 2 2 2 4 4 4 4 2 4 4 4 4 4 4 4 2 4 4 4 4 2 4 4 4 4 4 4 4 4 4 4 4 4 4 4 3 4 4 4 4 4 4 5 5]
I; MQ:  3,7623; MV:   20; DT:    3; SOL: [0 0 0 0 0 0 0 0 0 0 0 0 0 0 0 0 1 1 2 2 2 1 1 2 2 2 1 2 2 2 5 2 2 2 2 5 3 4 3 3 3 3 3 5 3 3 3 5 5 4 4 4 4 4 4 4 2 2 2 4 4 4 4 2 4 4 4 4 4 4 4 2 4 4 4 4 4 4 4 4 4 4 4 4 4 4 4 4 4 4 4 3 4 4 2 2 2 2 5 5]
I; MQ:  3,8158; MV:   24; DT:    4; SOL: [0 0 0 0 0 0 5 0 0 0 0 0 0 0 0 0 1 1 2 2 2 1 1 2 5 2 1 2 2 2 5 2 2 2 2 5 3 4 3 3 3 3 3 5 3 3 3 5 4 4 4 4 4 4 4 4 2 2 2 4 4 2 2 2 4 4 4 4 4 4 4 2 4 4 4 4 4 4 4 4 4 4 4 4 4 4 4 4 4 4 4 3 4 4 2 2 2 2 5 5]
I; MQ:  3,8976; MV:   29; DT:    5; SOL: [0 0 0 0 5 0 5 0 0 0 0 0 0 0 0 0 1 1 2 2 2 1 1 2 5 2 1 2 2 2 5 1 2 2 2 5 3 4 3 5 3 3 3 5 3 3 3 5 4 4 4 4 4 4 4 4 2 2 2 4 4 2 2 2 4 4 4 4 4 4 4 2 4 4 4 4 2 4 4 4 4 4 4 4 2 4 4 4 4 4 4 3 4 4 2 2 2 2 5 5]

Cycle #29: junit
S; MQ:  3,0259; MV:    0; DT:    0; SOL: [0 0 0 0 0 0 0 0 0 0 0 0 0 0 0 0 1 1 1 1 1 1 1 2 2 2 2 2 2 2 2 2 2 2 2 3 3 3 3 3 3 3 3 3 3 3 3 3 3 4 4 4 4 4 4 4 4 4 4 4 4 4 4 4 4 4 4 4 4 4 4 4 4 4 4 4 4 4 4 4 4 4 4 4 4 4 4 4 4 4 4 4 4 4 4 4 4 4 5 5]
C; MQ:  4,0141; MV:   31; DT:    0; SOL: [0 0 0 0 0 0 5 0 0 0 0 0 0 0 0 0 1 1 2 5 5 1 1 2 5 2 1 5 2 5 5 1 5 2 5 5 3 4 3 3 3 3 3 5 3 3 3 5 4 4 4 4 4 4 4 4 5 5 5 4 4 5 5 5 4 4 4 4 4 4 4 5 4 4 4 4 5 4 4 4 4 4 4 4 5 4 4 4 4 4 4 3 4 4 5 5 5 5 5 5]
I; MQ:  3,2458; MV:    5; DT:    0; SOL: [0 0 0 0 0 0 0 0 0 0 0 0 0 0 0 0 1 1 2 1 1 1 1 2 2 2 2 4 2 2 4 2 2 2 2 5 3 2 3 3 3 3 3 3 3 3 3 3 3 4 4 4 4 4 4 4 4 4 4 4 4 4 4 4 4 4 4 4 4 4 4 4 4 4 4 4 4 4 4 4 4 4 4 4 4 4 4 4 4 4 4 4 4 4 4 4 4 4 5 5]
I; MQ:  3,4918; MV:    9; DT:    1; SOL: [0 0 0 0 0 0 5 0 0 0 0 0 0 0 0 0 1 1 2 1 1 1 1 2 2 2 1 4 2 2 5 2 1 2 2 5 3 2 3 3 3 3 3 3 3 3 3 3 5 4 4 4 4 4 4 4 4 4 4 4 4 4 4 4 4 4 4 4 4 4 4 4 4 4 4 4 4 4 4 4 4 4 4 4 4 4 4 4 4 4 4 4 4 4 4 4 4 4 5 5]
I; MQ:  3,5900; MV:   12; DT:    3; SOL: [0 0 0 0 0 0 5 0 0 0 0 0 0 0 0 0 1 1 2 5 5 1 1 2 2 2 1 5 2 2 5 2 5 2 5 5 3 2 3 3 3 3 3 3 3 3 3 3 5 4 4 4 4 4 4 4 4 4 4 4 4 4 4 4 4 4 4 4 4 4 4 4 4 4 4 4 4 4 4 4 4 4 4 4 4 4 4 4 4 4 4 4 4 4 4 4 4 4 5 5]
I; MQ:  3,6173; MV:   16; DT:    4; SOL: [0 0 0 0 0 0 5 0 0 0 0 0 0 0 0 0 1 1 2 5 5 1 1 2 2 2 1 5 2 2 5 1 5 2 5 5 3 2 3 3 3 3 3 5 3 3 3 3 4 4 4 4 4 4 4 4 4 4 4 4 4 4 4 4 5 4 4 4 4 4 4 4 4 4 4 4 4 4 4 4 4 4 4 4 4 4 4 4 4 4 4 3 4 4 4 4 4 4 5 5]
I; MQ:  3,6530; MV:   21; DT:    4; SOL: [0 0 0 0 0 0 5 0 0 0 0 0 0 0 0 0 1 1 2 5 5 1 1 2 2 2 1 5 2 2 5 1 5 2 5 5 3 2 3 3 3 3 3 5 3 3 3 3 4 4 4 4 4 4 4 4 4 5 5 4 4 4 5 5 5 4 4 4 4 4 4 4 4 4 4 4 4 4 4 4 4 4 4 4 5 4 4 4 4 4 4 3 4 4 4 4 4 4 5 5]
I; MQ:  3,7583; MV:   22; DT:    6; SOL: [0 0 0 0 0 0 5 0 0 0 0 0 0 0 0 0 1 1 2 5 1 1 1 2 2 2 1 5 2 2 5 1 5 2 5 5 3 2 3 3 3 3 3 5 3 3 3 5 4 4 4 4 4 4 4 4 5 5 5 4 4 4 5 5 4 4 4 4 4 4 4 5 4 4 4 4 4 4 4 4 4 4 4 4 5 4 4 4 4 4 4 3 4 4 4 4 4 4 5 5]
I; MQ:  3,8256; MV:   27; DT:    7; SOL: [0 0 0 0 0 0 5 0 0 0 0 0 0 0 0 0 1 1 2 5 5 1 1 2 2 2 1 5 2 2 5 1 5 2 5 5 3 2 3 5 3 3 3 5 3 3 3 5 4 4 4 4 4 4 4 4 5 5 5 4 4 4 5 5 4 4 4 4 4 4 4 5 4 4 4 4 4 4 4 4 4 4 4 4 5 4 4 4 4 4 4 3 4 4 5 4 5 5 5 5]
I; MQ:  3,9844; MV:   29; DT:    9; SOL: [0 0 0 0 0 0 5 0 0 0 0 0 0 0 0 0 1 1 2 5 5 1 1 2 5 2 1 5 2 5 5 1 5 2 5 5 3 4 3 3 3 3 3 5 3 3 3 5 4 4 4 4 4 4 4 4 5 5 5 4 4 4 5 5 4 4 4 4 4 4 4 5 4 4 4 4 4 4 4 4 4 4 4 4 5 4 4 4 4 4 4 3 4 4 5 5 5 5 5 5]
I; MQ:  4,0141; MV:   31; DT:    9; SOL: [0 0 0 0 0 0 5 0 0 0 0 0 0 0 0 0 1 1 2 5 5 1 1 2 5 2 1 5 2 5 5 1 5 2 5 5 3 4 3 3 3 3 3 5 3 3 3 5 4 4 4 4 4 4 4 4 5 5 5 4 4 5 5 5 4 4 4 4 4 4 4 5 4 4 4 4 5 4 4 4 4 4 4 4 5 4 4 4 4 4 4 3 4 4 5 5 5 5 5 5]
