jxlsreader (27 classes; 1 packages; 73 deps)

Cycle #0: jxlsreader
S; MQ:  0,0000; MV:    0; DT:    0; SOL: [0 0 0 0 0 0 0 0 0 0 0 0 0 0 0 0 0 0 0 0 0 0 0 0 0 0 0]
C; MQ:  1,3897; MV:    8; DT:    0; SOL: [1 0 0 0 0 0 0 0 0 0 0 0 0 1 0 0 1 0 0 1 1 1 1 0 0 1 0]
I; MQ:  1,1778; MV:    5; DT:    0; SOL: [0 0 0 0 0 0 0 0 0 0 0 0 1 0 0 1 0 0 0 0 1 0 1 0 0 1 0]
I; MQ:  1,2626; MV:    6; DT:    2; SOL: [0 0 0 0 0 0 0 0 0 0 0 0 0 1 0 0 1 0 0 0 1 1 1 0 0 1 0]
I; MQ:  1,3897; MV:    8; DT:    2; SOL: [1 0 0 0 0 0 0 0 0 0 0 0 0 1 0 0 1 0 0 1 1 1 1 0 0 1 0]

Cycle #1: jxlsreader
S; MQ:  0,0000; MV:    0; DT:    0; SOL: [0 0 0 0 0 0 0 0 0 0 0 0 0 0 0 0 0 0 0 0 0 0 0 0 0 0 0]
C; MQ:  1,4851; MV:   12; DT:    0; SOL: [1 1 1 1 1 0 0 0 0 0 1 0 1 1 0 0 1 1 0 0 0 1 1 0 0 0 0]
I; MQ:  1,1778; MV:    5; DT:    0; SOL: [1 0 0 0 0 0 0 0 0 0 0 0 0 0 0 0 1 1 1 0 0 0 1 0 0 0 0]
I; MQ:  1,3897; MV:    8; DT:    1; SOL: [1 0 0 1 1 0 0 0 0 0 0 0 0 1 0 0 1 1 0 0 0 1 1 0 0 0 0]
I; MQ:  1,4851; MV:   12; DT:    1; SOL: [1 1 1 1 1 0 0 0 0 0 1 0 1 1 0 0 1 1 0 0 0 1 1 0 0 0 0]

Cycle #2: jxlsreader
S; MQ:  0,0000; MV:    0; DT:    0; SOL: [0 0 0 0 0 0 0 0 0 0 0 0 0 0 0 0 0 0 0 0 0 0 0 0 0 0 0]
C; MQ:  1,4851; MV:   12; DT:    0; SOL: [1 1 1 1 1 0 0 0 0 0 1 0 1 1 0 0 1 1 0 0 0 1 1 0 0 0 0]
I; MQ:  1,1400; MV:    5; DT:    0; SOL: [1 0 0 0 0 0 0 0 0 0 0 0 1 1 0 1 0 0 0 0 0 1 0 0 0 0 0]
I; MQ:  1,3315; MV:    6; DT:    2; SOL: [1 0 0 0 0 0 0 0 0 0 0 0 0 1 0 0 1 1 0 0 0 1 1 0 0 0 0]
I; MQ:  1,4710; MV:   11; DT:    2; SOL: [1 1 1 1 1 0 0 0 0 0 1 0 0 1 0 0 1 1 0 0 0 1 1 0 0 0 0]
I; MQ:  1,4851; MV:   12; DT:    3; SOL: [1 1 1 1 1 0 0 0 0 0 1 0 1 1 0 0 1 1 0 0 0 1 1 0 0 0 0]

Cycle #3: jxlsreader
S; MQ:  0,0000; MV:    0; DT:    0; SOL: [0 0 0 0 0 0 0 0 0 0 0 0 0 0 0 0 0 0 0 0 0 0 0 0 0 0 0]
C; MQ:  1,4851; MV:   12; DT:    0; SOL: [1 1 1 1 1 0 0 0 0 0 1 0 1 1 0 0 1 1 0 0 0 1 1 0 0 0 0]
I; MQ:  1,3019; MV:    5; DT:    0; SOL: [0 1 0 0 0 0 0 0 0 0 0 0 1 1 0 0 1 0 0 0 0 1 0 0 0 0 0]
I; MQ:  1,4458; MV:   10; DT:    0; SOL: [1 1 1 0 0 0 0 0 0 0 1 0 1 1 0 0 1 1 0 0 0 1 1 0 0 0 0]
I; MQ:  1,4851; MV:   12; DT:    0; SOL: [1 1 1 1 1 0 0 0 0 0 1 0 1 1 0 0 1 1 0 0 0 1 1 0 0 0 0]

Cycle #4: jxlsreader
S; MQ:  0,0000; MV:    0; DT:    0; SOL: [0 0 0 0 0 0 0 0 0 0 0 0 0 0 0 0 0 0 0 0 0 0 0 0 0 0 0]
C; MQ:  1,6597; MV:    2; DT:    0; SOL: [0 0 0 1 1 0 0 0 0 0 0 0 0 0 0 0 0 0 0 0 0 0 0 0 0 0 0]
I; MQ:  1,6597; MV:    2; DT:    0; SOL: [0 0 0 1 1 0 0 0 0 0 0 0 0 0 0 0 0 0 0 0 0 0 0 0 0 0 0]

Cycle #5: jxlsreader
S; MQ:  0,0000; MV:    0; DT:    0; SOL: [0 0 0 0 0 0 0 0 0 0 0 0 0 0 0 0 0 0 0 0 0 0 0 0 0 0 0]
C; MQ:  1,4752; MV:    8; DT:    0; SOL: [0 0 0 0 0 1 1 1 1 0 0 1 0 0 1 0 0 0 0 0 0 0 0 1 1 0 0]
I; MQ:  1,3038; MV:    5; DT:    0; SOL: [0 0 0 0 0 0 0 1 0 0 0 1 0 0 1 0 0 0 1 0 0 0 0 1 0 0 0]
I; MQ:  1,4752; MV:    8; DT:    1; SOL: [0 0 0 0 0 1 1 1 1 0 0 1 0 0 1 0 0 0 0 0 0 0 0 1 1 0 0]

Cycle #6: jxlsreader
S; MQ:  0,0000; MV:    0; DT:    0; SOL: [0 0 0 0 0 0 0 0 0 0 0 0 0 0 0 0 0 0 0 0 0 0 0 0 0 0 0]
C; MQ:  1,4851; MV:   12; DT:    0; SOL: [1 1 1 1 1 0 0 0 0 0 1 0 1 1 0 0 1 1 0 0 0 1 1 0 0 0 0]
I; MQ:  1,2770; MV:    5; DT:    0; SOL: [0 0 1 0 1 0 0 0 0 0 1 0 0 0 0 0 0 1 0 0 0 1 0 0 0 0 0]
I; MQ:  1,4372; MV:   10; DT:    0; SOL: [1 1 1 0 1 0 0 0 0 0 1 0 0 1 0 0 1 1 0 0 0 1 1 0 0 0 0]
I; MQ:  1,4851; MV:   12; DT:    0; SOL: [1 1 1 1 1 0 0 0 0 0 1 0 1 1 0 0 1 1 0 0 0 1 1 0 0 0 0]

Cycle #7: jxlsreader
S; MQ:  0,0000; MV:    0; DT:    0; SOL: [0 0 0 0 0 0 0 0 0 0 0 0 0 0 0 0 0 0 0 0 0 0 0 0 0 0 0]
C; MQ:  1,4851; MV:   12; DT:    0; SOL: [1 1 1 1 1 0 0 0 0 0 1 0 1 1 0 0 1 1 0 0 0 1 1 0 0 0 0]
I; MQ:  1,2507; MV:    5; DT:    0; SOL: [0 0 1 0 0 0 0 0 0 0 1 0 1 1 0 0 1 0 0 0 0 0 0 0 0 0 0]
I; MQ:  1,4038; MV:    8; DT:    1; SOL: [1 0 1 0 0 0 0 0 0 0 1 0 0 1 0 0 1 1 0 0 0 1 1 0 0 0 0]
I; MQ:  1,4851; MV:   12; DT:    2; SOL: [1 1 1 1 1 0 0 0 0 0 1 0 1 1 0 0 1 1 0 0 0 1 1 0 0 0 0]

Cycle #8: jxlsreader
S; MQ:  0,0000; MV:    0; DT:    0; SOL: [0 0 0 0 0 0 0 0 0 0 0 0 0 0 0 0 0 0 0 0 0 0 0 0 0 0 0]
C; MQ:  1,4752; MV:    8; DT:    0; SOL: [0 0 0 0 0 1 1 1 1 0 0 1 0 0 1 0 0 0 0 0 0 0 0 1 1 0 0]
I; MQ:  1,3038; MV:    5; DT:    0; SOL: [0 0 0 0 0 0 0 1 0 0 0 1 0 0 1 0 0 0 1 0 0 0 0 1 0 0 0]
I; MQ:  1,4752; MV:    8; DT:    1; SOL: [0 0 0 0 0 1 1 1 1 0 0 1 0 0 1 0 0 0 0 0 0 0 0 1 1 0 0]

Cycle #9: jxlsreader
S; MQ:  0,0000; MV:    0; DT:    0; SOL: [0 0 0 0 0 0 0 0 0 0 0 0 0 0 0 0 0 0 0 0 0 0 0 0 0 0 0]
C; MQ:  1,4385; MV:    4; DT:    0; SOL: [0 0 0 0 0 1 1 1 1 0 0 0 0 0 0 0 0 0 0 0 0 0 0 0 0 0 0]
I; MQ:  1,4385; MV:    4; DT:    0; SOL: [0 0 0 0 0 1 1 1 1 0 0 0 0 0 0 0 0 0 0 0 0 0 0 0 0 0 0]

Cycle #10: jxlsreader
S; MQ:  0,0000; MV:    0; DT:    0; SOL: [0 0 0 0 0 0 0 0 0 0 0 0 0 0 0 0 0 0 0 0 0 0 0 0 0 0 0]
C; MQ:  1,6597; MV:    2; DT:    0; SOL: [0 0 0 1 1 0 0 0 0 0 0 0 0 0 0 0 0 0 0 0 0 0 0 0 0 0 0]
I; MQ:  1,6597; MV:    2; DT:    0; SOL: [0 0 0 1 1 0 0 0 0 0 0 0 0 0 0 0 0 0 0 0 0 0 0 0 0 0 0]

Cycle #11: jxlsreader
S; MQ:  0,0000; MV:    0; DT:    0; SOL: [0 0 0 0 0 0 0 0 0 0 0 0 0 0 0 0 0 0 0 0 0 0 0 0 0 0 0]
C; MQ:  1,4511; MV:   14; DT:    0; SOL: [1 0 0 1 1 0 0 0 0 0 0 0 0 0 0 1 1 1 1 1 1 1 1 0 1 1 1]
I; MQ:  1,1609; MV:    5; DT:    0; SOL: [0 0 0 0 0 0 0 0 0 0 0 0 0 0 0 1 0 0 0 0 0 1 1 0 1 0 1]
I; MQ:  1,3187; MV:   10; DT:    0; SOL: [0 0 0 1 1 0 0 0 0 0 0 0 0 0 0 1 1 1 0 0 0 1 1 0 1 1 1]
I; MQ:  1,4511; MV:   14; DT:    0; SOL: [1 0 0 1 1 0 0 0 0 0 0 0 0 0 0 1 1 1 1 1 1 1 1 0 1 1 1]

Cycle #12: jxlsreader
S; MQ:  0,0000; MV:    0; DT:    0; SOL: [0 0 0 0 0 0 0 0 0 0 0 0 0 0 0 0 0 0 0 0 0 0 0 0 0 0 0]
C; MQ:  1,4397; MV:    6; DT:    0; SOL: [0 0 0 0 0 0 0 0 0 0 0 0 0 0 0 0 0 0 0 1 1 0 1 0 1 1 1]
I; MQ:  1,4126; MV:    5; DT:    0; SOL: [0 0 0 0 0 0 0 0 0 0 0 0 0 0 0 0 0 0 0 1 1 0 1 0 0 1 1]
I; MQ:  1,4397; MV:    6; DT:    0; SOL: [0 0 0 0 0 0 0 0 0 0 0 0 0 0 0 0 0 0 0 1 1 0 1 0 1 1 1]

Cycle #13: jxlsreader
S; MQ:  0,0000; MV:    0; DT:    0; SOL: [0 0 0 0 0 0 0 0 0 0 0 0 0 0 0 0 0 0 0 0 0 0 0 0 0 0 0]
C; MQ:  1,4436; MV:   14; DT:    0; SOL: [1 1 1 0 0 0 0 0 0 0 1 0 1 1 0 1 1 1 0 0 0 1 1 1 1 0 1]
I; MQ:  1,1195; MV:    5; DT:    0; SOL: [1 0 0 0 0 0 0 0 1 0 0 0 0 1 0 0 1 0 0 0 0 0 0 1 0 0 0]
I; MQ:  1,2092; MV:    8; DT:    1; SOL: [1 0 0 0 0 0 0 0 0 0 0 0 0 1 0 0 1 1 0 0 0 1 0 1 1 0 1]
I; MQ:  1,3699; MV:   13; DT:    1; SOL: [1 1 1 0 0 0 0 0 0 0 1 0 1 1 0 0 1 1 0 0 0 1 1 1 1 0 1]
I; MQ:  1,4436; MV:   14; DT:    1; SOL: [1 1 1 0 0 0 0 0 0 0 1 0 1 1 0 1 1 1 0 0 0 1 1 1 1 0 1]

Cycle #14: jxlsreader
S; MQ:  0,0000; MV:    0; DT:    0; SOL: [0 0 0 0 0 0 0 0 0 0 0 0 0 0 0 0 0 0 0 0 0 0 0 0 0 0 0]
C; MQ:  1,4851; MV:   12; DT:    0; SOL: [1 1 1 1 1 0 0 0 0 0 1 0 1 1 0 0 1 1 0 0 0 1 1 0 0 0 0]
I; MQ:  1,2448; MV:    5; DT:    0; SOL: [0 0 0 0 0 0 0 0 0 0 0 0 0 1 0 0 1 0 0 0 1 1 1 0 0 0 0]
I; MQ:  1,3897; MV:    8; DT:    1; SOL: [1 0 0 1 1 0 0 0 0 0 0 0 0 1 0 0 1 1 0 0 0 1 1 0 0 0 0]
I; MQ:  1,4851; MV:   12; DT:    1; SOL: [1 1 1 1 1 0 0 0 0 0 1 0 1 1 0 0 1 1 0 0 0 1 1 0 0 0 0]

Cycle #15: jxlsreader
S; MQ:  0,0000; MV:    0; DT:    0; SOL: [0 0 0 0 0 0 0 0 0 0 0 0 0 0 0 0 0 0 0 0 0 0 0 0 0 0 0]
C; MQ:  1,4287; MV:    8; DT:    0; SOL: [1 0 0 0 0 0 0 0 0 0 0 0 0 0 0 1 0 0 0 1 1 0 1 0 1 1 1]
I; MQ:  1,1400; MV:    5; DT:    0; SOL: [1 0 0 0 0 0 0 0 0 0 0 0 0 0 0 1 1 0 0 1 0 0 1 0 0 0 0]
I; MQ:  1,2796; MV:    6; DT:    2; SOL: [0 0 0 0 0 0 0 0 0 0 0 0 0 0 0 0 1 0 0 1 0 1 1 0 0 1 1]
I; MQ:  1,3291; MV:    9; DT:    5; SOL: [1 0 0 0 0 0 0 0 0 0 0 0 0 0 0 1 0 0 0 1 0 1 1 1 1 1 1]
I; MQ:  1,4287; MV:    8; DT:    7; SOL: [1 0 0 0 0 0 0 0 0 0 0 0 0 0 0 1 0 0 0 1 1 0 1 0 1 1 1]

Cycle #16: jxlsreader
S; MQ:  0,0000; MV:    0; DT:    0; SOL: [0 0 0 0 0 0 0 0 0 0 0 0 0 0 0 0 0 0 0 0 0 0 0 0 0 0 0]
C; MQ:  1,4406; MV:    7; DT:    0; SOL: [0 1 1 0 0 0 0 0 0 0 1 0 1 1 0 0 1 0 0 0 0 1 0 0 0 0 0]
I; MQ:  1,4323; MV:    5; DT:    0; SOL: [0 1 1 0 0 0 0 0 0 0 1 0 1 1 0 0 0 0 0 0 0 0 0 0 0 0 0]
I; MQ:  1,4406; MV:    7; DT:    0; SOL: [0 1 1 0 0 0 0 0 0 0 1 0 1 1 0 0 1 0 0 0 0 1 0 0 0 0 0]

Cycle #17: jxlsreader
S; MQ:  0,0000; MV:    0; DT:    0; SOL: [0 0 0 0 0 0 0 0 0 0 0 0 0 0 0 0 0 0 0 0 0 0 0 0 0 0 0]
C; MQ:  1,4406; MV:    7; DT:    0; SOL: [0 1 1 0 0 0 0 0 0 0 1 0 1 1 0 0 1 0 0 0 0 1 0 0 0 0 0]
I; MQ:  1,3726; MV:    5; DT:    0; SOL: [0 1 0 0 0 0 0 0 0 0 1 0 1 1 0 0 0 0 0 0 0 1 0 0 0 0 0]
I; MQ:  1,4406; MV:    7; DT:    0; SOL: [0 1 1 0 0 0 0 0 0 0 1 0 1 1 0 0 1 0 0 0 0 1 0 0 0 0 0]

Cycle #18: jxlsreader
S; MQ:  0,0000; MV:    0; DT:    0; SOL: [0 0 0 0 0 0 0 0 0 0 0 0 0 0 0 0 0 0 0 0 0 0 0 0 0 0 0]
C; MQ:  1,4752; MV:    8; DT:    0; SOL: [0 0 0 0 0 1 1 1 1 0 0 1 0 0 1 0 0 0 0 0 0 0 0 1 1 0 0]
I; MQ:  1,3449; MV:    5; DT:    0; SOL: [0 0 0 0 0 0 0 1 1 0 0 0 0 0 1 0 0 0 0 0 0 0 0 1 1 0 0]
I; MQ:  1,4752; MV:    8; DT:    0; SOL: [0 0 0 0 0 1 1 1 1 0 0 1 0 0 1 0 0 0 0 0 0 0 0 1 1 0 0]

Cycle #19: jxlsreader
S; MQ:  0,0000; MV:    0; DT:    0; SOL: [0 0 0 0 0 0 0 0 0 0 0 0 0 0 0 0 0 0 0 0 0 0 0 0 0 0 0]
C; MQ:  1,4406; MV:    7; DT:    0; SOL: [0 1 1 0 0 0 0 0 0 0 1 0 1 1 0 0 1 0 0 0 0 1 0 0 0 0 0]
I; MQ:  1,1047; MV:    5; DT:    0; SOL: [1 0 0 0 0 0 0 0 0 0 1 0 0 1 0 0 0 1 0 0 0 0 1 0 0 0 0]
I; MQ:  1,2770; MV:    4; DT:    3; SOL: [0 1 0 0 0 0 0 0 0 0 1 0 0 1 0 0 0 0 0 0 0 1 0 0 0 0 0]
I; MQ:  1,4406; MV:    7; DT:    3; SOL: [0 1 1 0 0 0 0 0 0 0 1 0 1 1 0 0 1 0 0 0 0 1 0 0 0 0 0]

Cycle #20: jxlsreader
S; MQ:  0,0000; MV:    0; DT:    0; SOL: [0 0 0 0 0 0 0 0 0 0 0 0 0 0 0 0 0 0 0 0 0 0 0 0 0 0 0]
C; MQ:  1,4126; MV:    6; DT:    0; SOL: [0 0 0 0 0 0 0 0 0 0 0 0 0 0 0 0 1 0 0 1 1 1 1 0 0 1 0]
I; MQ:  1,1356; MV:    5; DT:    0; SOL: [1 0 0 0 0 0 0 0 0 0 0 0 0 1 0 0 0 0 0 0 1 0 1 0 0 1 0]
I; MQ:  1,4126; MV:    6; DT:    2; SOL: [0 0 0 0 0 0 0 0 0 0 0 0 0 0 0 0 1 0 0 1 1 1 1 0 0 1 0]

Cycle #21: jxlsreader
S; MQ:  0,0000; MV:    0; DT:    0; SOL: [0 0 0 0 0 0 0 0 0 0 0 0 0 0 0 0 0 0 0 0 0 0 0 0 0 0 0]
C; MQ:  1,4406; MV:    7; DT:    0; SOL: [0 1 1 0 0 0 0 0 0 0 1 0 1 1 0 0 1 0 0 0 0 1 0 0 0 0 0]
I; MQ:  1,4323; MV:    5; DT:    0; SOL: [0 1 1 0 0 0 0 0 0 0 1 0 1 1 0 0 0 0 0 0 0 0 0 0 0 0 0]
I; MQ:  1,4406; MV:    7; DT:    0; SOL: [0 1 1 0 0 0 0 0 0 0 1 0 1 1 0 0 1 0 0 0 0 1 0 0 0 0 0]

Cycle #22: jxlsreader
S; MQ:  0,0000; MV:    0; DT:    0; SOL: [0 0 0 0 0 0 0 0 0 0 0 0 0 0 0 0 0 0 0 0 0 0 0 0 0 0 0]
C; MQ:  1,4752; MV:    8; DT:    0; SOL: [0 0 0 0 0 1 1 1 1 0 0 1 0 0 1 0 0 0 0 0 0 0 0 1 1 0 0]
I; MQ:  1,3038; MV:    5; DT:    0; SOL: [0 0 0 0 0 1 0 1 0 0 0 1 0 0 1 0 0 0 0 0 0 0 0 1 0 0 0]
I; MQ:  1,4752; MV:    8; DT:    0; SOL: [0 0 0 0 0 1 1 1 1 0 0 1 0 0 1 0 0 0 0 0 0 0 0 1 1 0 0]

Cycle #23: jxlsreader
S; MQ:  0,0000; MV:    0; DT:    0; SOL: [0 0 0 0 0 0 0 0 0 0 0 0 0 0 0 0 0 0 0 0 0 0 0 0 0 0 0]
C; MQ:  1,4851; MV:   12; DT:    0; SOL: [1 1 1 1 1 0 0 0 0 0 1 0 1 1 0 0 1 1 0 0 0 1 1 0 0 0 0]
I; MQ:  1,1996; MV:    5; DT:    0; SOL: [1 0 0 0 0 0 0 0 0 0 0 0 1 1 0 0 1 0 0 0 0 0 1 0 0 0 0]
I; MQ:  1,3897; MV:    8; DT:    1; SOL: [1 0 0 1 1 0 0 0 0 0 0 0 0 1 0 0 1 1 0 0 0 1 1 0 0 0 0]
I; MQ:  1,4851; MV:   12; DT:    2; SOL: [1 1 1 1 1 0 0 0 0 0 1 0 1 1 0 0 1 1 0 0 0 1 1 0 0 0 0]

Cycle #24: jxlsreader
S; MQ:  0,0000; MV:    0; DT:    0; SOL: [0 0 0 0 0 0 0 0 0 0 0 0 0 0 0 0 0 0 0 0 0 0 0 0 0 0 0]
C; MQ:  1,3038; MV:    7; DT:    0; SOL: [0 0 0 1 1 0 0 0 0 0 0 1 0 0 0 0 1 1 1 0 0 1 0 0 0 0 0]
I; MQ:  1,2022; MV:    5; DT:    0; SOL: [0 1 0 0 1 0 0 0 0 0 1 0 0 0 0 0 0 1 0 0 0 1 0 0 0 0 0]
I; MQ:  1,2448; MV:    6; DT:    2; SOL: [0 0 0 0 1 0 0 0 0 0 0 1 0 0 0 0 1 1 1 0 0 1 0 0 0 0 0]
I; MQ:  1,3038; MV:    7; DT:    2; SOL: [0 0 0 1 1 0 0 0 0 0 0 1 0 0 0 0 1 1 1 0 0 1 0 0 0 0 0]

Cycle #25: jxlsreader
S; MQ:  0,0000; MV:    0; DT:    0; SOL: [0 0 0 0 0 0 0 0 0 0 0 0 0 0 0 0 0 0 0 0 0 0 0 0 0 0 0]
C; MQ:  1,4406; MV:    7; DT:    0; SOL: [0 1 1 0 0 0 0 0 0 0 1 0 1 1 0 0 1 0 0 0 0 1 0 0 0 0 0]
I; MQ:  1,2507; MV:    5; DT:    0; SOL: [0 0 1 0 0 0 0 0 0 0 1 0 1 1 0 0 1 0 0 0 0 0 0 0 0 0 0]
I; MQ:  1,4406; MV:    7; DT:    0; SOL: [0 1 1 0 0 0 0 0 0 0 1 0 1 1 0 0 1 0 0 0 0 1 0 0 0 0 0]

Cycle #26: jxlsreader
S; MQ:  0,0000; MV:    0; DT:    0; SOL: [0 0 0 0 0 0 0 0 0 0 0 0 0 0 0 0 0 0 0 0 0 0 0 0 0 0 0]
C; MQ:  1,4406; MV:    7; DT:    0; SOL: [0 1 1 0 0 0 0 0 0 0 1 0 1 1 0 0 1 0 0 0 0 1 0 0 0 0 0]
I; MQ:  1,4323; MV:    5; DT:    0; SOL: [0 1 1 0 0 0 0 0 0 0 1 0 1 1 0 0 0 0 0 0 0 0 0 0 0 0 0]
I; MQ:  1,4406; MV:    7; DT:    0; SOL: [0 1 1 0 0 0 0 0 0 0 1 0 1 1 0 0 1 0 0 0 0 1 0 0 0 0 0]

Cycle #27: jxlsreader
S; MQ:  0,0000; MV:    0; DT:    0; SOL: [0 0 0 0 0 0 0 0 0 0 0 0 0 0 0 0 0 0 0 0 0 0 0 0 0 0 0]
C; MQ:  1,4666; MV:    8; DT:    0; SOL: [0 0 0 0 0 1 1 1 1 1 0 1 0 0 1 0 0 0 1 0 0 0 0 0 0 0 0]
I; MQ:  1,3291; MV:    5; DT:    0; SOL: [0 0 0 0 0 1 1 1 0 0 0 1 0 0 1 0 0 0 0 0 0 0 0 0 0 0 0]
I; MQ:  1,4666; MV:    8; DT:    0; SOL: [0 0 0 0 0 1 1 1 1 1 0 1 0 0 1 0 0 0 1 0 0 0 0 0 0 0 0]

Cycle #28: jxlsreader
S; MQ:  0,0000; MV:    0; DT:    0; SOL: [0 0 0 0 0 0 0 0 0 0 0 0 0 0 0 0 0 0 0 0 0 0 0 0 0 0 0]
C; MQ:  1,4385; MV:    4; DT:    0; SOL: [0 0 0 0 0 1 1 1 1 0 0 0 0 0 0 0 0 0 0 0 0 0 0 0 0 0 0]
I; MQ:  1,4385; MV:    4; DT:    0; SOL: [0 0 0 0 0 1 1 1 1 0 0 0 0 0 0 0 0 0 0 0 0 0 0 0 0 0 0]

Cycle #29: jxlsreader
S; MQ:  0,0000; MV:    0; DT:    0; SOL: [0 0 0 0 0 0 0 0 0 0 0 0 0 0 0 0 0 0 0 0 0 0 0 0 0 0 0]
C; MQ:  1,4385; MV:    4; DT:    0; SOL: [0 0 0 0 0 1 1 1 1 0 0 0 0 0 0 0 0 0 0 0 0 0 0 0 0 0 0]
I; MQ:  1,4385; MV:    4; DT:    0; SOL: [0 0 0 0 0 1 1 1 1 0 0 0 0 0 0 0 0 0 0 0 0 0 0 0 0 0 0]
