nanoxml (25 classes; 1 packages; 64 deps)

Cycle #0: nanoxml
S; MQ:  0,0000; MV:    0; DT:    0; SOL: [0 0 0 0 0 0 0 0 0 0 0 0 0 0 0 0 0 0 0 0 0 0 0 0 0]
C; MQ:  1,6707; MV:    7; DT:    0; SOL: [0 0 1 1 0 0 0 0 0 0 1 0 0 0 0 0 1 1 0 0 0 1 0 0 1]
I; MQ:  1,4828; MV:    5; DT:    0; SOL: [0 0 1 1 0 0 0 0 0 0 1 0 0 0 0 0 0 0 0 0 0 1 0 0 1]
I; MQ:  1,6707; MV:    7; DT:    0; SOL: [0 0 1 1 0 0 0 0 0 0 1 0 0 0 0 0 1 1 0 0 0 1 0 0 1]

Cycle #1: nanoxml
S; MQ:  0,0000; MV:    0; DT:    0; SOL: [0 0 0 0 0 0 0 0 0 0 0 0 0 0 0 0 0 0 0 0 0 0 0 0 0]
C; MQ:  1,8146; MV:   18; DT:    0; SOL: [1 1 1 0 1 1 1 1 1 1 1 1 0 0 0 1 0 0 1 1 1 1 1 1 0]
I; MQ:  1,1273; MV:    5; DT:    0; SOL: [0 0 0 0 1 0 1 0 0 0 0 0 0 0 0 1 0 0 1 0 0 0 1 0 0]
I; MQ:  1,4049; MV:   10; DT:    0; SOL: [0 1 0 0 1 0 1 0 0 1 0 1 0 0 0 1 0 0 1 0 1 0 1 1 0]
I; MQ:  1,7142; MV:   15; DT:    0; SOL: [1 1 0 0 1 1 1 1 1 1 0 1 0 0 0 1 0 0 1 1 1 0 1 1 0]
I; MQ:  1,8146; MV:   18; DT:    0; SOL: [1 1 1 0 1 1 1 1 1 1 1 1 0 0 0 1 0 0 1 1 1 1 1 1 0]

Cycle #2: nanoxml
S; MQ:  0,0000; MV:    0; DT:    0; SOL: [0 0 0 0 0 0 0 0 0 0 0 0 0 0 0 0 0 0 0 0 0 0 0 0 0]
C; MQ:  1,3900; MV:    7; DT:    0; SOL: [0 1 0 0 1 0 0 0 0 0 0 0 0 0 0 1 0 0 0 1 1 0 1 1 0]
I; MQ:  1,3243; MV:    5; DT:    0; SOL: [0 0 0 0 0 0 0 0 0 0 0 0 0 0 0 1 0 0 0 1 1 0 1 1 0]
I; MQ:  1,3900; MV:    7; DT:    0; SOL: [0 1 0 0 1 0 0 0 0 0 0 0 0 0 0 1 0 0 0 1 1 0 1 1 0]

Cycle #3: nanoxml
S; MQ:  0,0000; MV:    0; DT:    0; SOL: [0 0 0 0 0 0 0 0 0 0 0 0 0 0 0 0 0 0 0 0 0 0 0 0 0]
C; MQ:  1,3489; MV:    8; DT:    0; SOL: [0 0 1 0 0 1 0 1 0 1 1 1 0 0 0 0 0 0 0 1 0 1 0 0 0]
I; MQ:  1,2421; MV:    5; DT:    0; SOL: [1 0 1 0 0 1 0 0 0 0 0 1 0 0 0 0 0 0 0 1 0 0 0 0 0]
I; MQ:  1,3489; MV:    8; DT:    1; SOL: [0 0 1 0 0 1 0 1 0 1 1 1 0 0 0 0 0 0 0 1 0 1 0 0 0]

Cycle #4: nanoxml
S; MQ:  0,0000; MV:    0; DT:    0; SOL: [0 0 0 0 0 0 0 0 0 0 0 0 0 0 0 0 0 0 0 0 0 0 0 0 0]
C; MQ:  1,8146; MV:   18; DT:    0; SOL: [1 1 1 0 1 1 1 1 1 1 1 1 0 0 0 1 0 0 1 1 1 1 1 1 0]
I; MQ:  1,1061; MV:    5; DT:    0; SOL: [1 1 0 0 0 0 0 0 1 0 0 1 0 0 0 0 0 0 1 0 0 0 0 0 0]
I; MQ:  1,1965; MV:    4; DT:    3; SOL: [1 0 1 0 0 0 0 0 1 0 0 0 0 0 0 0 0 0 0 0 0 1 0 0 0]
I; MQ:  1,3695; MV:    9; DT:    4; SOL: [1 0 1 0 0 1 1 1 1 1 0 1 0 0 0 0 0 0 0 0 0 1 0 0 0]
I; MQ:  1,5818; MV:   14; DT:    6; SOL: [1 1 1 0 1 1 1 1 1 1 0 1 0 0 0 1 0 0 1 0 0 1 1 0 0]
I; MQ:  1,8146; MV:   18; DT:    6; SOL: [1 1 1 0 1 1 1 1 1 1 1 1 0 0 0 1 0 0 1 1 1 1 1 1 0]

Cycle #5: nanoxml
S; MQ:  0,0000; MV:    0; DT:    0; SOL: [0 0 0 0 0 0 0 0 0 0 0 0 0 0 0 0 0 0 0 0 0 0 0 0 0]
C; MQ:  1,7431; MV:    5; DT:    0; SOL: [0 0 0 1 0 0 0 0 0 0 1 0 0 0 0 0 1 1 0 0 0 0 0 0 1]
I; MQ:  1,1795; MV:    5; DT:    0; SOL: [0 1 1 0 0 0 0 0 0 0 1 0 0 0 0 0 0 0 0 1 1 0 0 0 0]
I; MQ:  1,4007; MV:    4; DT:    3; SOL: [0 0 1 0 0 0 0 0 0 0 1 0 0 0 0 0 1 1 0 0 0 0 0 0 0]
I; MQ:  1,7431; MV:    5; DT:    4; SOL: [0 0 0 1 0 0 0 0 0 0 1 0 0 0 0 0 1 1 0 0 0 0 0 0 1]

Cycle #6: nanoxml
S; MQ:  0,0000; MV:    0; DT:    0; SOL: [0 0 0 0 0 0 0 0 0 0 0 0 0 0 0 0 0 0 0 0 0 0 0 0 0]
C; MQ:  1,8146; MV:   18; DT:    0; SOL: [1 1 1 0 1 1 1 1 1 1 1 1 0 0 0 1 0 0 1 1 1 1 1 1 0]
I; MQ:  1,2421; MV:    5; DT:    0; SOL: [1 0 0 0 0 1 0 1 1 0 0 0 0 0 0 0 0 0 0 0 0 1 0 0 0]
I; MQ:  1,3744; MV:   10; DT:    0; SOL: [1 0 1 0 0 1 1 1 1 1 0 1 0 0 0 0 0 0 0 1 0 1 0 0 0]
I; MQ:  1,5509; MV:   15; DT:    0; SOL: [1 1 1 0 1 1 1 1 1 1 0 1 0 0 0 1 0 0 1 1 0 1 1 0 0]
I; MQ:  1,8146; MV:   18; DT:    0; SOL: [1 1 1 0 1 1 1 1 1 1 1 1 0 0 0 1 0 0 1 1 1 1 1 1 0]

Cycle #7: nanoxml
S; MQ:  0,0000; MV:    0; DT:    0; SOL: [0 0 0 0 0 0 0 0 0 0 0 0 0 0 0 0 0 0 0 0 0 0 0 0 0]
C; MQ:  1,7431; MV:    5; DT:    0; SOL: [0 0 0 1 0 0 0 0 0 0 1 0 0 0 0 0 1 1 0 0 0 0 0 0 1]
I; MQ:  1,7431; MV:    5; DT:    0; SOL: [0 0 0 1 0 0 0 0 0 0 1 0 0 0 0 0 1 1 0 0 0 0 0 0 1]

Cycle #8: nanoxml
S; MQ:  0,0000; MV:    0; DT:    0; SOL: [0 0 0 0 0 0 0 0 0 0 0 0 0 0 0 0 0 0 0 0 0 0 0 0 0]
C; MQ:  1,8146; MV:   18; DT:    0; SOL: [1 1 1 0 1 1 1 1 1 1 1 1 0 0 0 1 0 0 1 1 1 1 1 1 0]
I; MQ:  1,1912; MV:    5; DT:    0; SOL: [0 1 0 0 0 0 0 0 0 0 0 1 0 0 0 0 0 0 1 1 1 0 0 0 0]
I; MQ:  1,2768; MV:   10; DT:    0; SOL: [1 1 1 0 0 1 1 0 0 1 0 1 0 0 0 0 0 0 1 1 1 0 0 0 0]
I; MQ:  1,4000; MV:   13; DT:    1; SOL: [1 1 0 0 1 1 1 1 0 1 0 1 0 0 0 1 0 0 1 1 1 0 0 1 0]
I; MQ:  1,8146; MV:   18; DT:    2; SOL: [1 1 1 0 1 1 1 1 1 1 1 1 0 0 0 1 0 0 1 1 1 1 1 1 0]

Cycle #9: nanoxml
S; MQ:  0,0000; MV:    0; DT:    0; SOL: [0 0 0 0 0 0 0 0 0 0 0 0 0 0 0 0 0 0 0 0 0 0 0 0 0]
C; MQ:  1,7431; MV:    5; DT:    0; SOL: [0 0 0 1 0 0 0 0 0 0 1 0 0 0 0 0 1 1 0 0 0 0 0 0 1]
I; MQ:  1,7431; MV:    5; DT:    0; SOL: [0 0 0 1 0 0 0 0 0 0 1 0 0 0 0 0 1 1 0 0 0 0 0 0 1]

Cycle #10: nanoxml
S; MQ:  0,0000; MV:    0; DT:    0; SOL: [0 0 0 0 0 0 0 0 0 0 0 0 0 0 0 0 0 0 0 0 0 0 0 0 0]
C; MQ:  1,6707; MV:    7; DT:    0; SOL: [0 0 1 1 0 0 0 0 0 0 1 0 0 0 0 0 1 1 0 0 0 1 0 0 1]
I; MQ:  1,4828; MV:    5; DT:    0; SOL: [0 0 1 1 0 0 0 0 0 0 1 0 0 0 0 0 0 0 0 0 0 1 0 0 1]
I; MQ:  1,6707; MV:    7; DT:    0; SOL: [0 0 1 1 0 0 0 0 0 0 1 0 0 0 0 0 1 1 0 0 0 1 0 0 1]

Cycle #11: nanoxml
S; MQ:  0,0000; MV:    0; DT:    0; SOL: [0 0 0 0 0 0 0 0 0 0 0 0 0 0 0 0 0 0 0 0 0 0 0 0 0]
C; MQ:  1,3900; MV:    7; DT:    0; SOL: [0 1 0 0 1 0 0 0 0 0 0 0 0 0 0 1 0 0 0 1 1 0 1 1 0]
I; MQ:  1,3243; MV:    5; DT:    0; SOL: [0 0 0 0 0 0 0 0 0 0 0 0 0 0 0 1 0 0 0 1 1 0 1 1 0]
I; MQ:  1,3900; MV:    7; DT:    0; SOL: [0 1 0 0 1 0 0 0 0 0 0 0 0 0 0 1 0 0 0 1 1 0 1 1 0]

Cycle #12: nanoxml
S; MQ:  0,0000; MV:    0; DT:    0; SOL: [0 0 0 0 0 0 0 0 0 0 0 0 0 0 0 0 0 0 0 0 0 0 0 0 0]
C; MQ:  1,7431; MV:    5; DT:    0; SOL: [0 0 0 1 0 0 0 0 0 0 1 0 0 0 0 0 1 1 0 0 0 0 0 0 1]
I; MQ:  1,7431; MV:    5; DT:    0; SOL: [0 0 0 1 0 0 0 0 0 0 1 0 0 0 0 0 1 1 0 0 0 0 0 0 1]

Cycle #13: nanoxml
S; MQ:  0,0000; MV:    0; DT:    0; SOL: [0 0 0 0 0 0 0 0 0 0 0 0 0 0 0 0 0 0 0 0 0 0 0 0 0]
C; MQ:  1,8146; MV:   18; DT:    0; SOL: [1 1 1 0 1 1 1 1 1 1 1 1 0 0 0 1 0 0 1 1 1 1 1 1 0]
I; MQ:  1,2421; MV:    5; DT:    0; SOL: [1 0 0 0 0 1 0 1 1 0 0 0 0 0 0 0 0 0 0 0 0 1 0 0 0]
I; MQ:  1,3436; MV:   10; DT:    0; SOL: [1 0 0 0 1 1 1 1 1 1 0 0 0 0 0 1 0 0 1 0 0 1 0 0 0]
I; MQ:  1,6169; MV:   15; DT:    0; SOL: [1 1 1 0 1 1 1 1 1 1 0 1 0 0 0 1 0 0 1 0 1 1 1 0 0]
I; MQ:  1,8146; MV:   18; DT:    0; SOL: [1 1 1 0 1 1 1 1 1 1 1 1 0 0 0 1 0 0 1 1 1 1 1 1 0]

Cycle #14: nanoxml
S; MQ:  0,0000; MV:    0; DT:    0; SOL: [0 0 0 0 0 0 0 0 0 0 0 0 0 0 0 0 0 0 0 0 0 0 0 0 0]
C; MQ:  1,6707; MV:    7; DT:    0; SOL: [0 0 1 1 0 0 0 0 0 0 1 0 0 0 0 0 1 1 0 0 0 1 0 0 1]
I; MQ:  1,3110; MV:    5; DT:    0; SOL: [0 0 1 0 0 1 0 0 0 0 0 0 0 0 0 0 0 0 0 1 0 1 0 1 0]
I; MQ:  1,4532; MV:    6; DT:    2; SOL: [0 0 1 1 0 1 0 0 0 0 1 0 0 0 0 0 0 0 0 0 0 1 0 0 1]
I; MQ:  1,6707; MV:    7; DT:    3; SOL: [0 0 1 1 0 0 0 0 0 0 1 0 0 0 0 0 1 1 0 0 0 1 0 0 1]

Cycle #15: nanoxml
S; MQ:  0,0000; MV:    0; DT:    0; SOL: [0 0 0 0 0 0 0 0 0 0 0 0 0 0 0 0 0 0 0 0 0 0 0 0 0]
C; MQ:  1,7431; MV:    5; DT:    0; SOL: [0 0 0 1 0 0 0 0 0 0 1 0 0 0 0 0 1 1 0 0 0 0 0 0 1]
I; MQ:  1,7431; MV:    5; DT:    0; SOL: [0 0 0 1 0 0 0 0 0 0 1 0 0 0 0 0 1 1 0 0 0 0 0 0 1]

Cycle #16: nanoxml
S; MQ:  0,0000; MV:    0; DT:    0; SOL: [0 0 0 0 0 0 0 0 0 0 0 0 0 0 0 0 0 0 0 0 0 0 0 0 0]
C; MQ:  1,8146; MV:   18; DT:    0; SOL: [1 1 1 0 1 1 1 1 1 1 1 1 0 0 0 1 0 0 1 1 1 1 1 1 0]
I; MQ:  1,1426; MV:    5; DT:    0; SOL: [1 1 0 0 1 0 0 0 1 0 0 0 0 0 0 0 0 0 0 0 0 0 1 0 0]
I; MQ:  1,3436; MV:   10; DT:    0; SOL: [1 1 0 0 1 0 1 1 1 1 0 0 0 0 0 1 0 0 0 0 1 0 1 0 0]
I; MQ:  1,5748; MV:   13; DT:    1; SOL: [1 1 0 0 1 0 1 1 1 0 0 1 0 0 0 1 0 0 1 1 1 0 1 1 0]
I; MQ:  1,8146; MV:   18; DT:    2; SOL: [1 1 1 0 1 1 1 1 1 1 1 1 0 0 0 1 0 0 1 1 1 1 1 1 0]

Cycle #17: nanoxml
S; MQ:  0,0000; MV:    0; DT:    0; SOL: [0 0 0 0 0 0 0 0 0 0 0 0 0 0 0 0 0 0 0 0 0 0 0 0 0]
C; MQ:  1,7431; MV:    5; DT:    0; SOL: [0 0 0 1 0 0 0 0 0 0 1 0 0 0 0 0 1 1 0 0 0 0 0 0 1]
I; MQ:  1,2050; MV:    5; DT:    0; SOL: [0 1 0 1 0 0 0 0 0 0 1 0 0 0 0 0 0 0 0 1 1 0 0 0 0]
I; MQ:  1,6322; MV:    4; DT:    3; SOL: [0 0 0 1 0 0 0 0 0 0 1 0 0 0 0 0 1 1 0 0 0 0 0 0 0]
I; MQ:  1,7431; MV:    5; DT:    3; SOL: [0 0 0 1 0 0 0 0 0 0 1 0 0 0 0 0 1 1 0 0 0 0 0 0 1]

Cycle #18: nanoxml
S; MQ:  0,0000; MV:    0; DT:    0; SOL: [0 0 0 0 0 0 0 0 0 0 0 0 0 0 0 0 0 0 0 0 0 0 0 0 0]
C; MQ:  1,7431; MV:    5; DT:    0; SOL: [0 0 0 1 0 0 0 0 0 0 1 0 0 0 0 0 1 1 0 0 0 0 0 0 1]
I; MQ:  1,7431; MV:    5; DT:    0; SOL: [0 0 0 1 0 0 0 0 0 0 1 0 0 0 0 0 1 1 0 0 0 0 0 0 1]

Cycle #19: nanoxml
S; MQ:  0,0000; MV:    0; DT:    0; SOL: [0 0 0 0 0 0 0 0 0 0 0 0 0 0 0 0 0 0 0 0 0 0 0 0 0]
C; MQ:  1,3900; MV:    7; DT:    0; SOL: [0 1 0 0 1 0 0 0 0 0 0 0 0 0 0 1 0 0 0 1 1 0 1 1 0]
I; MQ:  1,3243; MV:    5; DT:    0; SOL: [0 0 0 0 0 0 0 0 0 0 0 0 0 0 0 1 0 0 0 1 1 0 1 1 0]
I; MQ:  1,3900; MV:    7; DT:    0; SOL: [0 1 0 0 1 0 0 0 0 0 0 0 0 0 0 1 0 0 0 1 1 0 1 1 0]

Cycle #20: nanoxml
S; MQ:  0,0000; MV:    0; DT:    0; SOL: [0 0 0 0 0 0 0 0 0 0 0 0 0 0 0 0 0 0 0 0 0 0 0 0 0]
C; MQ:  1,9005; MV:    3; DT:    0; SOL: [0 0 0 0 0 0 0 0 0 0 0 0 1 1 1 0 0 0 0 0 0 0 0 0 0]
I; MQ:  1,9005; MV:    3; DT:    0; SOL: [0 0 0 0 0 0 0 0 0 0 0 0 1 1 1 0 0 0 0 0 0 0 0 0 0]

Cycle #21: nanoxml
S; MQ:  0,0000; MV:    0; DT:    0; SOL: [0 0 0 0 0 0 0 0 0 0 0 0 0 0 0 0 0 0 0 0 0 0 0 0 0]
C; MQ:  1,8146; MV:   18; DT:    0; SOL: [1 1 1 0 1 1 1 1 1 1 1 1 0 0 0 1 0 0 1 1 1 1 1 1 0]
I; MQ:  1,2017; MV:    5; DT:    0; SOL: [0 0 0 0 1 0 0 1 1 0 0 0 0 0 0 1 0 0 0 0 0 0 1 0 0]
I; MQ:  1,3594; MV:   10; DT:    0; SOL: [1 0 0 0 1 0 1 1 1 0 0 1 0 0 0 1 0 0 1 0 1 0 1 0 0]
I; MQ:  1,5335; MV:   13; DT:    1; SOL: [1 1 0 0 1 1 1 1 1 1 0 1 0 0 0 1 0 0 1 0 0 1 1 0 0]
I; MQ:  1,8146; MV:   18; DT:    2; SOL: [1 1 1 0 1 1 1 1 1 1 1 1 0 0 0 1 0 0 1 1 1 1 1 1 0]

Cycle #22: nanoxml
S; MQ:  0,0000; MV:    0; DT:    0; SOL: [0 0 0 0 0 0 0 0 0 0 0 0 0 0 0 0 0 0 0 0 0 0 0 0 0]
C; MQ:  1,6707; MV:    7; DT:    0; SOL: [0 0 1 1 0 0 0 0 0 0 1 0 0 0 0 0 1 1 0 0 0 1 0 0 1]
I; MQ:  1,1312; MV:    5; DT:    0; SOL: [0 0 1 1 0 0 0 0 0 0 1 0 0 0 0 0 0 0 0 0 1 0 1 0 0]
I; MQ:  1,6012; MV:    6; DT:    2; SOL: [0 0 1 1 0 0 0 0 0 0 1 0 0 0 0 0 0 1 0 0 0 1 0 0 1]
I; MQ:  1,6707; MV:    7; DT:    2; SOL: [0 0 1 1 0 0 0 0 0 0 1 0 0 0 0 0 1 1 0 0 0 1 0 0 1]

Cycle #23: nanoxml
S; MQ:  0,0000; MV:    0; DT:    0; SOL: [0 0 0 0 0 0 0 0 0 0 0 0 0 0 0 0 0 0 0 0 0 0 0 0 0]
C; MQ:  1,8146; MV:   18; DT:    0; SOL: [1 1 1 0 1 1 1 1 1 1 1 1 0 0 0 1 0 0 1 1 1 1 1 1 0]
I; MQ:  1,2421; MV:    5; DT:    0; SOL: [1 0 0 0 0 0 1 0 1 1 0 0 0 0 0 0 0 0 1 0 0 0 0 0 0]
I; MQ:  1,3436; MV:   10; DT:    0; SOL: [1 1 0 0 0 0 1 0 1 1 0 1 0 0 0 0 0 0 1 1 1 0 1 0 0]
I; MQ:  1,7142; MV:   15; DT:    0; SOL: [1 1 0 0 1 1 1 1 1 1 0 1 0 0 0 1 0 0 1 1 1 0 1 1 0]
I; MQ:  1,8146; MV:   18; DT:    0; SOL: [1 1 1 0 1 1 1 1 1 1 1 1 0 0 0 1 0 0 1 1 1 1 1 1 0]

Cycle #24: nanoxml
S; MQ:  0,0000; MV:    0; DT:    0; SOL: [0 0 0 0 0 0 0 0 0 0 0 0 0 0 0 0 0 0 0 0 0 0 0 0 0]
C; MQ:  1,3900; MV:    7; DT:    0; SOL: [0 1 0 0 1 0 0 0 0 0 0 0 0 0 0 1 0 0 0 1 1 0 1 1 0]
I; MQ:  1,3243; MV:    5; DT:    0; SOL: [0 0 0 0 0 0 0 0 0 0 0 0 0 0 0 1 0 0 0 1 1 0 1 1 0]
I; MQ:  1,3900; MV:    7; DT:    0; SOL: [0 1 0 0 1 0 0 0 0 0 0 0 0 0 0 1 0 0 0 1 1 0 1 1 0]

Cycle #25: nanoxml
S; MQ:  0,0000; MV:    0; DT:    0; SOL: [0 0 0 0 0 0 0 0 0 0 0 0 0 0 0 0 0 0 0 0 0 0 0 0 0]
C; MQ:  1,3900; MV:    7; DT:    0; SOL: [0 1 0 0 1 0 0 0 0 0 0 0 0 0 0 1 0 0 0 1 1 0 1 1 0]
I; MQ:  1,3243; MV:    5; DT:    0; SOL: [0 1 0 0 0 0 0 0 0 0 0 0 0 0 0 0 0 0 0 1 1 0 1 1 0]
I; MQ:  1,3900; MV:    7; DT:    0; SOL: [0 1 0 0 1 0 0 0 0 0 0 0 0 0 0 1 0 0 0 1 1 0 1 1 0]

Cycle #26: nanoxml
S; MQ:  0,0000; MV:    0; DT:    0; SOL: [0 0 0 0 0 0 0 0 0 0 0 0 0 0 0 0 0 0 0 0 0 0 0 0 0]
C; MQ:  1,9005; MV:    3; DT:    0; SOL: [0 0 0 0 0 0 0 0 0 0 0 0 1 1 1 0 0 0 0 0 0 0 0 0 0]
I; MQ:  1,9005; MV:    3; DT:    0; SOL: [0 0 0 0 0 0 0 0 0 0 0 0 1 1 1 0 0 0 0 0 0 0 0 0 0]

Cycle #27: nanoxml
S; MQ:  0,0000; MV:    0; DT:    0; SOL: [0 0 0 0 0 0 0 0 0 0 0 0 0 0 0 0 0 0 0 0 0 0 0 0 0]
C; MQ:  1,3900; MV:    7; DT:    0; SOL: [0 1 0 0 1 0 0 0 0 0 0 0 0 0 0 1 0 0 0 1 1 0 1 1 0]
I; MQ:  1,3243; MV:    5; DT:    0; SOL: [0 0 0 0 0 0 0 0 0 0 0 0 0 0 0 1 0 0 0 1 1 0 1 1 0]
I; MQ:  1,3900; MV:    7; DT:    0; SOL: [0 1 0 0 1 0 0 0 0 0 0 0 0 0 0 1 0 0 0 1 1 0 1 1 0]

Cycle #28: nanoxml
S; MQ:  0,0000; MV:    0; DT:    0; SOL: [0 0 0 0 0 0 0 0 0 0 0 0 0 0 0 0 0 0 0 0 0 0 0 0 0]
C; MQ:  1,9005; MV:    3; DT:    0; SOL: [0 0 0 0 0 0 0 0 0 0 0 0 1 1 1 0 0 0 0 0 0 0 0 0 0]
I; MQ:  1,9005; MV:    3; DT:    0; SOL: [0 0 0 0 0 0 0 0 0 0 0 0 1 1 1 0 0 0 0 0 0 0 0 0 0]

Cycle #29: nanoxml
S; MQ:  0,0000; MV:    0; DT:    0; SOL: [0 0 0 0 0 0 0 0 0 0 0 0 0 0 0 0 0 0 0 0 0 0 0 0 0]
C; MQ:  1,7431; MV:    5; DT:    0; SOL: [0 0 0 1 0 0 0 0 0 0 1 0 0 0 0 0 1 1 0 0 0 0 0 0 1]
I; MQ:  1,7431; MV:    5; DT:    0; SOL: [0 0 0 1 0 0 0 0 0 0 1 0 0 0 0 0 1 1 0 0 0 0 0 0 1]
