notelab-model (46 classes; 6 packages; 0 deps)

Cycle #0: notelab-model
S; MQ:  0,0000; MV:    0; DT:    0; SOL: [0 0 0 0 0 1 1 1 2 2 2 2 2 2 2 2 2 2 2 2 2 2 2 2 2 2 2 2 2 2 2 2 2 2 2 2 2 3 3 4 4 5 5 5 5 5]
C; MQ:  0,0000; MV:    0; DT:    0; SOL: [0 0 0 0 0 1 1 1 2 2 2 2 2 2 2 2 2 2 2 2 2 2 2 2 2 2 2 2 2 2 2 2 2 2 2 2 2 3 3 4 4 5 5 5 5 5]
I; MQ:  0,0000; MV:    0; DT:    0; SOL: [0 0 0 0 0 1 1 1 2 2 2 2 2 2 2 2 2 2 2 2 2 2 2 2 2 2 2 2 2 2 2 2 2 2 2 2 2 3 3 4 4 5 5 5 5 5]

Cycle #1: notelab-model
S; MQ:  0,0000; MV:    0; DT:    0; SOL: [0 0 0 0 0 1 1 1 2 2 2 2 2 2 2 2 2 2 2 2 2 2 2 2 2 2 2 2 2 2 2 2 2 2 2 2 2 3 3 4 4 5 5 5 5 5]
C; MQ:  0,0000; MV:    0; DT:    0; SOL: [0 0 0 0 0 1 1 1 2 2 2 2 2 2 2 2 2 2 2 2 2 2 2 2 2 2 2 2 2 2 2 2 2 2 2 2 2 3 3 4 4 5 5 5 5 5]
I; MQ:  0,0000; MV:    0; DT:    0; SOL: [0 0 0 0 0 1 1 1 2 2 2 2 2 2 2 2 2 2 2 2 2 2 2 2 2 2 2 2 2 2 2 2 2 2 2 2 2 3 3 4 4 5 5 5 5 5]

Cycle #2: notelab-model
S; MQ:  0,0000; MV:    0; DT:    0; SOL: [0 0 0 0 0 1 1 1 2 2 2 2 2 2 2 2 2 2 2 2 2 2 2 2 2 2 2 2 2 2 2 2 2 2 2 2 2 3 3 4 4 5 5 5 5 5]
C; MQ:  0,0000; MV:    0; DT:    0; SOL: [0 0 0 0 0 1 1 1 2 2 2 2 2 2 2 2 2 2 2 2 2 2 2 2 2 2 2 2 2 2 2 2 2 2 2 2 2 3 3 4 4 5 5 5 5 5]
I; MQ:  0,0000; MV:    0; DT:    0; SOL: [0 0 0 0 0 1 1 1 2 2 2 2 2 2 2 2 2 2 2 2 2 2 2 2 2 2 2 2 2 2 2 2 2 2 2 2 2 3 3 4 4 5 5 5 5 5]

Cycle #3: notelab-model
S; MQ:  0,0000; MV:    0; DT:    0; SOL: [0 0 0 0 0 1 1 1 2 2 2 2 2 2 2 2 2 2 2 2 2 2 2 2 2 2 2 2 2 2 2 2 2 2 2 2 2 3 3 4 4 5 5 5 5 5]
C; MQ:  0,0000; MV:    0; DT:    0; SOL: [0 0 0 0 0 1 1 1 2 2 2 2 2 2 2 2 2 2 2 2 2 2 2 2 2 2 2 2 2 2 2 2 2 2 2 2 2 3 3 4 4 5 5 5 5 5]
I; MQ:  0,0000; MV:    0; DT:    0; SOL: [0 0 0 0 0 1 1 1 2 2 2 2 2 2 2 2 2 2 2 2 2 2 2 2 2 2 2 2 2 2 2 2 2 2 2 2 2 3 3 4 4 5 5 5 5 5]

Cycle #4: notelab-model
S; MQ:  0,0000; MV:    0; DT:    0; SOL: [0 0 0 0 0 1 1 1 2 2 2 2 2 2 2 2 2 2 2 2 2 2 2 2 2 2 2 2 2 2 2 2 2 2 2 2 2 3 3 4 4 5 5 5 5 5]
C; MQ:  0,0000; MV:    0; DT:    0; SOL: [0 0 0 0 0 1 1 1 2 2 2 2 2 2 2 2 2 2 2 2 2 2 2 2 2 2 2 2 2 2 2 2 2 2 2 2 2 3 3 4 4 5 5 5 5 5]
I; MQ:  0,0000; MV:    0; DT:    0; SOL: [0 0 0 0 0 1 1 1 2 2 2 2 2 2 2 2 2 2 2 2 2 2 2 2 2 2 2 2 2 2 2 2 2 2 2 2 2 3 3 4 4 5 5 5 5 5]

Cycle #5: notelab-model
S; MQ:  0,0000; MV:    0; DT:    0; SOL: [0 0 0 0 0 1 1 1 2 2 2 2 2 2 2 2 2 2 2 2 2 2 2 2 2 2 2 2 2 2 2 2 2 2 2 2 2 3 3 4 4 5 5 5 5 5]
C; MQ:  0,0000; MV:    0; DT:    0; SOL: [0 0 0 0 0 1 1 1 2 2 2 2 2 2 2 2 2 2 2 2 2 2 2 2 2 2 2 2 2 2 2 2 2 2 2 2 2 3 3 4 4 5 5 5 5 5]
I; MQ:  0,0000; MV:    0; DT:    0; SOL: [0 0 0 0 0 1 1 1 2 2 2 2 2 2 2 2 2 2 2 2 2 2 2 2 2 2 2 2 2 2 2 2 2 2 2 2 2 3 3 4 4 5 5 5 5 5]

Cycle #6: notelab-model
S; MQ:  0,0000; MV:    0; DT:    0; SOL: [0 0 0 0 0 1 1 1 2 2 2 2 2 2 2 2 2 2 2 2 2 2 2 2 2 2 2 2 2 2 2 2 2 2 2 2 2 3 3 4 4 5 5 5 5 5]
C; MQ:  0,0000; MV:    0; DT:    0; SOL: [0 0 0 0 0 1 1 1 2 2 2 2 2 2 2 2 2 2 2 2 2 2 2 2 2 2 2 2 2 2 2 2 2 2 2 2 2 3 3 4 4 5 5 5 5 5]
I; MQ:  0,0000; MV:    0; DT:    0; SOL: [0 0 0 0 0 1 1 1 2 2 2 2 2 2 2 2 2 2 2 2 2 2 2 2 2 2 2 2 2 2 2 2 2 2 2 2 2 3 3 4 4 5 5 5 5 5]

Cycle #7: notelab-model
S; MQ:  0,0000; MV:    0; DT:    0; SOL: [0 0 0 0 0 1 1 1 2 2 2 2 2 2 2 2 2 2 2 2 2 2 2 2 2 2 2 2 2 2 2 2 2 2 2 2 2 3 3 4 4 5 5 5 5 5]
C; MQ:  0,0000; MV:    0; DT:    0; SOL: [0 0 0 0 0 1 1 1 2 2 2 2 2 2 2 2 2 2 2 2 2 2 2 2 2 2 2 2 2 2 2 2 2 2 2 2 2 3 3 4 4 5 5 5 5 5]
I; MQ:  0,0000; MV:    0; DT:    0; SOL: [0 0 0 0 0 1 1 1 2 2 2 2 2 2 2 2 2 2 2 2 2 2 2 2 2 2 2 2 2 2 2 2 2 2 2 2 2 3 3 4 4 5 5 5 5 5]

Cycle #8: notelab-model
S; MQ:  0,0000; MV:    0; DT:    0; SOL: [0 0 0 0 0 1 1 1 2 2 2 2 2 2 2 2 2 2 2 2 2 2 2 2 2 2 2 2 2 2 2 2 2 2 2 2 2 3 3 4 4 5 5 5 5 5]
C; MQ:  0,0000; MV:    0; DT:    0; SOL: [0 0 0 0 0 1 1 1 2 2 2 2 2 2 2 2 2 2 2 2 2 2 2 2 2 2 2 2 2 2 2 2 2 2 2 2 2 3 3 4 4 5 5 5 5 5]
I; MQ:  0,0000; MV:    0; DT:    0; SOL: [0 0 0 0 0 1 1 1 2 2 2 2 2 2 2 2 2 2 2 2 2 2 2 2 2 2 2 2 2 2 2 2 2 2 2 2 2 3 3 4 4 5 5 5 5 5]

Cycle #9: notelab-model
S; MQ:  0,0000; MV:    0; DT:    0; SOL: [0 0 0 0 0 1 1 1 2 2 2 2 2 2 2 2 2 2 2 2 2 2 2 2 2 2 2 2 2 2 2 2 2 2 2 2 2 3 3 4 4 5 5 5 5 5]
C; MQ:  0,0000; MV:    0; DT:    0; SOL: [0 0 0 0 0 1 1 1 2 2 2 2 2 2 2 2 2 2 2 2 2 2 2 2 2 2 2 2 2 2 2 2 2 2 2 2 2 3 3 4 4 5 5 5 5 5]
I; MQ:  0,0000; MV:    0; DT:    0; SOL: [0 0 0 0 0 1 1 1 2 2 2 2 2 2 2 2 2 2 2 2 2 2 2 2 2 2 2 2 2 2 2 2 2 2 2 2 2 3 3 4 4 5 5 5 5 5]

Cycle #10: notelab-model
S; MQ:  0,0000; MV:    0; DT:    0; SOL: [0 0 0 0 0 1 1 1 2 2 2 2 2 2 2 2 2 2 2 2 2 2 2 2 2 2 2 2 2 2 2 2 2 2 2 2 2 3 3 4 4 5 5 5 5 5]
C; MQ:  0,0000; MV:    0; DT:    0; SOL: [0 0 0 0 0 1 1 1 2 2 2 2 2 2 2 2 2 2 2 2 2 2 2 2 2 2 2 2 2 2 2 2 2 2 2 2 2 3 3 4 4 5 5 5 5 5]
I; MQ:  0,0000; MV:    0; DT:    0; SOL: [0 0 0 0 0 1 1 1 2 2 2 2 2 2 2 2 2 2 2 2 2 2 2 2 2 2 2 2 2 2 2 2 2 2 2 2 2 3 3 4 4 5 5 5 5 5]

Cycle #11: notelab-model
S; MQ:  0,0000; MV:    0; DT:    0; SOL: [0 0 0 0 0 1 1 1 2 2 2 2 2 2 2 2 2 2 2 2 2 2 2 2 2 2 2 2 2 2 2 2 2 2 2 2 2 3 3 4 4 5 5 5 5 5]
C; MQ:  0,0000; MV:    0; DT:    0; SOL: [0 0 0 0 0 1 1 1 2 2 2 2 2 2 2 2 2 2 2 2 2 2 2 2 2 2 2 2 2 2 2 2 2 2 2 2 2 3 3 4 4 5 5 5 5 5]
I; MQ:  0,0000; MV:    0; DT:    0; SOL: [0 0 0 0 0 1 1 1 2 2 2 2 2 2 2 2 2 2 2 2 2 2 2 2 2 2 2 2 2 2 2 2 2 2 2 2 2 3 3 4 4 5 5 5 5 5]

Cycle #12: notelab-model
S; MQ:  0,0000; MV:    0; DT:    0; SOL: [0 0 0 0 0 1 1 1 2 2 2 2 2 2 2 2 2 2 2 2 2 2 2 2 2 2 2 2 2 2 2 2 2 2 2 2 2 3 3 4 4 5 5 5 5 5]
C; MQ:  0,0000; MV:    0; DT:    0; SOL: [0 0 0 0 0 1 1 1 2 2 2 2 2 2 2 2 2 2 2 2 2 2 2 2 2 2 2 2 2 2 2 2 2 2 2 2 2 3 3 4 4 5 5 5 5 5]
I; MQ:  0,0000; MV:    0; DT:    0; SOL: [0 0 0 0 0 1 1 1 2 2 2 2 2 2 2 2 2 2 2 2 2 2 2 2 2 2 2 2 2 2 2 2 2 2 2 2 2 3 3 4 4 5 5 5 5 5]

Cycle #13: notelab-model
S; MQ:  0,0000; MV:    0; DT:    0; SOL: [0 0 0 0 0 1 1 1 2 2 2 2 2 2 2 2 2 2 2 2 2 2 2 2 2 2 2 2 2 2 2 2 2 2 2 2 2 3 3 4 4 5 5 5 5 5]
C; MQ:  0,0000; MV:    0; DT:    0; SOL: [0 0 0 0 0 1 1 1 2 2 2 2 2 2 2 2 2 2 2 2 2 2 2 2 2 2 2 2 2 2 2 2 2 2 2 2 2 3 3 4 4 5 5 5 5 5]
I; MQ:  0,0000; MV:    0; DT:    0; SOL: [0 0 0 0 0 1 1 1 2 2 2 2 2 2 2 2 2 2 2 2 2 2 2 2 2 2 2 2 2 2 2 2 2 2 2 2 2 3 3 4 4 5 5 5 5 5]

Cycle #14: notelab-model
S; MQ:  0,0000; MV:    0; DT:    0; SOL: [0 0 0 0 0 1 1 1 2 2 2 2 2 2 2 2 2 2 2 2 2 2 2 2 2 2 2 2 2 2 2 2 2 2 2 2 2 3 3 4 4 5 5 5 5 5]
C; MQ:  0,0000; MV:    0; DT:    0; SOL: [0 0 0 0 0 1 1 1 2 2 2 2 2 2 2 2 2 2 2 2 2 2 2 2 2 2 2 2 2 2 2 2 2 2 2 2 2 3 3 4 4 5 5 5 5 5]
I; MQ:  0,0000; MV:    0; DT:    0; SOL: [0 0 0 0 0 1 1 1 2 2 2 2 2 2 2 2 2 2 2 2 2 2 2 2 2 2 2 2 2 2 2 2 2 2 2 2 2 3 3 4 4 5 5 5 5 5]

Cycle #15: notelab-model
S; MQ:  0,0000; MV:    0; DT:    0; SOL: [0 0 0 0 0 1 1 1 2 2 2 2 2 2 2 2 2 2 2 2 2 2 2 2 2 2 2 2 2 2 2 2 2 2 2 2 2 3 3 4 4 5 5 5 5 5]
C; MQ:  0,0000; MV:    0; DT:    0; SOL: [0 0 0 0 0 1 1 1 2 2 2 2 2 2 2 2 2 2 2 2 2 2 2 2 2 2 2 2 2 2 2 2 2 2 2 2 2 3 3 4 4 5 5 5 5 5]
I; MQ:  0,0000; MV:    0; DT:    0; SOL: [0 0 0 0 0 1 1 1 2 2 2 2 2 2 2 2 2 2 2 2 2 2 2 2 2 2 2 2 2 2 2 2 2 2 2 2 2 3 3 4 4 5 5 5 5 5]

Cycle #16: notelab-model
S; MQ:  0,0000; MV:    0; DT:    0; SOL: [0 0 0 0 0 1 1 1 2 2 2 2 2 2 2 2 2 2 2 2 2 2 2 2 2 2 2 2 2 2 2 2 2 2 2 2 2 3 3 4 4 5 5 5 5 5]
C; MQ:  0,0000; MV:    0; DT:    0; SOL: [0 0 0 0 0 1 1 1 2 2 2 2 2 2 2 2 2 2 2 2 2 2 2 2 2 2 2 2 2 2 2 2 2 2 2 2 2 3 3 4 4 5 5 5 5 5]
I; MQ:  0,0000; MV:    0; DT:    0; SOL: [0 0 0 0 0 1 1 1 2 2 2 2 2 2 2 2 2 2 2 2 2 2 2 2 2 2 2 2 2 2 2 2 2 2 2 2 2 3 3 4 4 5 5 5 5 5]

Cycle #17: notelab-model
S; MQ:  0,0000; MV:    0; DT:    0; SOL: [0 0 0 0 0 1 1 1 2 2 2 2 2 2 2 2 2 2 2 2 2 2 2 2 2 2 2 2 2 2 2 2 2 2 2 2 2 3 3 4 4 5 5 5 5 5]
C; MQ:  0,0000; MV:    0; DT:    0; SOL: [0 0 0 0 0 1 1 1 2 2 2 2 2 2 2 2 2 2 2 2 2 2 2 2 2 2 2 2 2 2 2 2 2 2 2 2 2 3 3 4 4 5 5 5 5 5]
I; MQ:  0,0000; MV:    0; DT:    0; SOL: [0 0 0 0 0 1 1 1 2 2 2 2 2 2 2 2 2 2 2 2 2 2 2 2 2 2 2 2 2 2 2 2 2 2 2 2 2 3 3 4 4 5 5 5 5 5]

Cycle #18: notelab-model
S; MQ:  0,0000; MV:    0; DT:    0; SOL: [0 0 0 0 0 1 1 1 2 2 2 2 2 2 2 2 2 2 2 2 2 2 2 2 2 2 2 2 2 2 2 2 2 2 2 2 2 3 3 4 4 5 5 5 5 5]
C; MQ:  0,0000; MV:    0; DT:    0; SOL: [0 0 0 0 0 1 1 1 2 2 2 2 2 2 2 2 2 2 2 2 2 2 2 2 2 2 2 2 2 2 2 2 2 2 2 2 2 3 3 4 4 5 5 5 5 5]
I; MQ:  0,0000; MV:    0; DT:    0; SOL: [0 0 0 0 0 1 1 1 2 2 2 2 2 2 2 2 2 2 2 2 2 2 2 2 2 2 2 2 2 2 2 2 2 2 2 2 2 3 3 4 4 5 5 5 5 5]

Cycle #19: notelab-model
S; MQ:  0,0000; MV:    0; DT:    0; SOL: [0 0 0 0 0 1 1 1 2 2 2 2 2 2 2 2 2 2 2 2 2 2 2 2 2 2 2 2 2 2 2 2 2 2 2 2 2 3 3 4 4 5 5 5 5 5]
C; MQ:  0,0000; MV:    0; DT:    0; SOL: [0 0 0 0 0 1 1 1 2 2 2 2 2 2 2 2 2 2 2 2 2 2 2 2 2 2 2 2 2 2 2 2 2 2 2 2 2 3 3 4 4 5 5 5 5 5]
I; MQ:  0,0000; MV:    0; DT:    0; SOL: [0 0 0 0 0 1 1 1 2 2 2 2 2 2 2 2 2 2 2 2 2 2 2 2 2 2 2 2 2 2 2 2 2 2 2 2 2 3 3 4 4 5 5 5 5 5]

Cycle #20: notelab-model
S; MQ:  0,0000; MV:    0; DT:    0; SOL: [0 0 0 0 0 1 1 1 2 2 2 2 2 2 2 2 2 2 2 2 2 2 2 2 2 2 2 2 2 2 2 2 2 2 2 2 2 3 3 4 4 5 5 5 5 5]
C; MQ:  0,0000; MV:    0; DT:    0; SOL: [0 0 0 0 0 1 1 1 2 2 2 2 2 2 2 2 2 2 2 2 2 2 2 2 2 2 2 2 2 2 2 2 2 2 2 2 2 3 3 4 4 5 5 5 5 5]
I; MQ:  0,0000; MV:    0; DT:    0; SOL: [0 0 0 0 0 1 1 1 2 2 2 2 2 2 2 2 2 2 2 2 2 2 2 2 2 2 2 2 2 2 2 2 2 2 2 2 2 3 3 4 4 5 5 5 5 5]

Cycle #21: notelab-model
S; MQ:  0,0000; MV:    0; DT:    0; SOL: [0 0 0 0 0 1 1 1 2 2 2 2 2 2 2 2 2 2 2 2 2 2 2 2 2 2 2 2 2 2 2 2 2 2 2 2 2 3 3 4 4 5 5 5 5 5]
C; MQ:  0,0000; MV:    0; DT:    0; SOL: [0 0 0 0 0 1 1 1 2 2 2 2 2 2 2 2 2 2 2 2 2 2 2 2 2 2 2 2 2 2 2 2 2 2 2 2 2 3 3 4 4 5 5 5 5 5]
I; MQ:  0,0000; MV:    0; DT:    0; SOL: [0 0 0 0 0 1 1 1 2 2 2 2 2 2 2 2 2 2 2 2 2 2 2 2 2 2 2 2 2 2 2 2 2 2 2 2 2 3 3 4 4 5 5 5 5 5]

Cycle #22: notelab-model
S; MQ:  0,0000; MV:    0; DT:    0; SOL: [0 0 0 0 0 1 1 1 2 2 2 2 2 2 2 2 2 2 2 2 2 2 2 2 2 2 2 2 2 2 2 2 2 2 2 2 2 3 3 4 4 5 5 5 5 5]
C; MQ:  0,0000; MV:    0; DT:    0; SOL: [0 0 0 0 0 1 1 1 2 2 2 2 2 2 2 2 2 2 2 2 2 2 2 2 2 2 2 2 2 2 2 2 2 2 2 2 2 3 3 4 4 5 5 5 5 5]
I; MQ:  0,0000; MV:    0; DT:    0; SOL: [0 0 0 0 0 1 1 1 2 2 2 2 2 2 2 2 2 2 2 2 2 2 2 2 2 2 2 2 2 2 2 2 2 2 2 2 2 3 3 4 4 5 5 5 5 5]

Cycle #23: notelab-model
S; MQ:  0,0000; MV:    0; DT:    0; SOL: [0 0 0 0 0 1 1 1 2 2 2 2 2 2 2 2 2 2 2 2 2 2 2 2 2 2 2 2 2 2 2 2 2 2 2 2 2 3 3 4 4 5 5 5 5 5]
C; MQ:  0,0000; MV:    0; DT:    0; SOL: [0 0 0 0 0 1 1 1 2 2 2 2 2 2 2 2 2 2 2 2 2 2 2 2 2 2 2 2 2 2 2 2 2 2 2 2 2 3 3 4 4 5 5 5 5 5]
I; MQ:  0,0000; MV:    0; DT:    0; SOL: [0 0 0 0 0 1 1 1 2 2 2 2 2 2 2 2 2 2 2 2 2 2 2 2 2 2 2 2 2 2 2 2 2 2 2 2 2 3 3 4 4 5 5 5 5 5]

Cycle #24: notelab-model
S; MQ:  0,0000; MV:    0; DT:    0; SOL: [0 0 0 0 0 1 1 1 2 2 2 2 2 2 2 2 2 2 2 2 2 2 2 2 2 2 2 2 2 2 2 2 2 2 2 2 2 3 3 4 4 5 5 5 5 5]
C; MQ:  0,0000; MV:    0; DT:    0; SOL: [0 0 0 0 0 1 1 1 2 2 2 2 2 2 2 2 2 2 2 2 2 2 2 2 2 2 2 2 2 2 2 2 2 2 2 2 2 3 3 4 4 5 5 5 5 5]
I; MQ:  0,0000; MV:    0; DT:    0; SOL: [0 0 0 0 0 1 1 1 2 2 2 2 2 2 2 2 2 2 2 2 2 2 2 2 2 2 2 2 2 2 2 2 2 2 2 2 2 3 3 4 4 5 5 5 5 5]

Cycle #25: notelab-model
S; MQ:  0,0000; MV:    0; DT:    0; SOL: [0 0 0 0 0 1 1 1 2 2 2 2 2 2 2 2 2 2 2 2 2 2 2 2 2 2 2 2 2 2 2 2 2 2 2 2 2 3 3 4 4 5 5 5 5 5]
C; MQ:  0,0000; MV:    0; DT:    0; SOL: [0 0 0 0 0 1 1 1 2 2 2 2 2 2 2 2 2 2 2 2 2 2 2 2 2 2 2 2 2 2 2 2 2 2 2 2 2 3 3 4 4 5 5 5 5 5]
I; MQ:  0,0000; MV:    0; DT:    0; SOL: [0 0 0 0 0 1 1 1 2 2 2 2 2 2 2 2 2 2 2 2 2 2 2 2 2 2 2 2 2 2 2 2 2 2 2 2 2 3 3 4 4 5 5 5 5 5]

Cycle #26: notelab-model
S; MQ:  0,0000; MV:    0; DT:    0; SOL: [0 0 0 0 0 1 1 1 2 2 2 2 2 2 2 2 2 2 2 2 2 2 2 2 2 2 2 2 2 2 2 2 2 2 2 2 2 3 3 4 4 5 5 5 5 5]
C; MQ:  0,0000; MV:    0; DT:    0; SOL: [0 0 0 0 0 1 1 1 2 2 2 2 2 2 2 2 2 2 2 2 2 2 2 2 2 2 2 2 2 2 2 2 2 2 2 2 2 3 3 4 4 5 5 5 5 5]
I; MQ:  0,0000; MV:    0; DT:    0; SOL: [0 0 0 0 0 1 1 1 2 2 2 2 2 2 2 2 2 2 2 2 2 2 2 2 2 2 2 2 2 2 2 2 2 2 2 2 2 3 3 4 4 5 5 5 5 5]

Cycle #27: notelab-model
S; MQ:  0,0000; MV:    0; DT:    0; SOL: [0 0 0 0 0 1 1 1 2 2 2 2 2 2 2 2 2 2 2 2 2 2 2 2 2 2 2 2 2 2 2 2 2 2 2 2 2 3 3 4 4 5 5 5 5 5]
C; MQ:  0,0000; MV:    0; DT:    0; SOL: [0 0 0 0 0 1 1 1 2 2 2 2 2 2 2 2 2 2 2 2 2 2 2 2 2 2 2 2 2 2 2 2 2 2 2 2 2 3 3 4 4 5 5 5 5 5]
I; MQ:  0,0000; MV:    0; DT:    0; SOL: [0 0 0 0 0 1 1 1 2 2 2 2 2 2 2 2 2 2 2 2 2 2 2 2 2 2 2 2 2 2 2 2 2 2 2 2 2 3 3 4 4 5 5 5 5 5]

Cycle #28: notelab-model
S; MQ:  0,0000; MV:    0; DT:    0; SOL: [0 0 0 0 0 1 1 1 2 2 2 2 2 2 2 2 2 2 2 2 2 2 2 2 2 2 2 2 2 2 2 2 2 2 2 2 2 3 3 4 4 5 5 5 5 5]
C; MQ:  0,0000; MV:    0; DT:    0; SOL: [0 0 0 0 0 1 1 1 2 2 2 2 2 2 2 2 2 2 2 2 2 2 2 2 2 2 2 2 2 2 2 2 2 2 2 2 2 3 3 4 4 5 5 5 5 5]
I; MQ:  0,0000; MV:    0; DT:    0; SOL: [0 0 0 0 0 1 1 1 2 2 2 2 2 2 2 2 2 2 2 2 2 2 2 2 2 2 2 2 2 2 2 2 2 2 2 2 2 3 3 4 4 5 5 5 5 5]

Cycle #29: notelab-model
S; MQ:  0,0000; MV:    0; DT:    0; SOL: [0 0 0 0 0 1 1 1 2 2 2 2 2 2 2 2 2 2 2 2 2 2 2 2 2 2 2 2 2 2 2 2 2 2 2 2 2 3 3 4 4 5 5 5 5 5]
C; MQ:  0,0000; MV:    0; DT:    0; SOL: [0 0 0 0 0 1 1 1 2 2 2 2 2 2 2 2 2 2 2 2 2 2 2 2 2 2 2 2 2 2 2 2 2 2 2 2 2 3 3 4 4 5 5 5 5 5]
I; MQ:  0,0000; MV:    0; DT:    0; SOL: [0 0 0 0 0 1 1 1 2 2 2 2 2 2 2 2 2 2 2 2 2 2 2 2 2 2 2 2 2 2 2 2 2 2 2 2 2 3 3 4 4 5 5 5 5 5]
