pfcda_base (67 classes; 8 packages; 197 deps)

Cycle #0: pfcda_base
S; MQ:  2,1281; MV:    0; DT:    0; SOL: [0 1 1 2 2 2 2 2 2 2 2 2 2 2 2 2 2 2 2 2 2 2 2 2 2 2 2 2 2 2 2 2 2 2 2 2 3 3 3 3 3 3 3 3 3 3 3 3 3 4 4 4 4 4 5 5 5 5 5 5 5 5 5 6 7 7 7]
C; MQ:  3,7110; MV:   19; DT:    0; SOL: [5 4 1 2 2 2 1 2 2 2 2 2 2 2 2 0 0 0 2 2 2 2 2 2 2 0 5 2 0 2 2 2 2 2 2 2 2 2 0 0 3 3 2 3 3 3 3 3 0 1 4 4 4 4 1 5 5 1 5 5 2 5 5 6 7 7 7]
I; MQ:  2,4468; MV:    5; DT:    0; SOL: [5 4 1 2 2 2 2 2 2 2 2 2 2 2 2 2 2 2 2 2 2 2 2 2 2 2 2 2 2 2 2 2 2 2 2 2 3 0 2 2 3 3 3 3 3 3 3 3 3 4 4 4 4 4 5 5 5 5 5 5 5 5 5 6 7 7 7]
I; MQ:  2,6074; MV:    9; DT:    1; SOL: [5 4 1 2 2 2 2 2 2 2 2 2 2 2 2 2 2 2 2 2 2 2 2 2 2 2 5 2 2 2 2 2 2 2 2 2 2 2 2 2 0 3 3 3 3 3 3 3 0 4 4 4 4 4 5 5 5 5 5 5 5 5 5 6 7 7 7]
I; MQ:  2,9848; MV:   11; DT:    3; SOL: [5 4 1 2 2 2 2 2 2 2 2 2 2 2 2 2 0 0 2 2 2 2 2 2 2 2 5 2 0 2 2 2 2 2 2 2 2 2 2 0 3 3 3 3 3 3 3 3 0 4 4 4 4 4 5 5 5 5 5 5 5 5 5 6 7 7 7]
I; MQ:  3,1584; MV:   15; DT:    4; SOL: [5 4 1 2 2 2 2 2 2 2 2 2 2 2 2 0 0 0 2 2 2 2 2 2 2 0 5 2 0 0 2 2 2 2 2 2 2 2 0 0 3 3 2 3 3 3 3 3 0 4 4 4 4 4 5 5 5 5 5 5 5 5 5 6 7 7 7]
I; MQ:  3,4877; MV:   18; DT:    5; SOL: [5 4 1 2 2 2 1 1 2 2 2 2 2 2 2 0 0 0 2 2 2 2 2 2 2 0 5 2 0 2 2 2 2 2 2 2 2 2 0 0 3 3 2 3 3 3 3 3 0 1 4 4 4 4 5 5 5 5 5 5 2 5 5 6 7 7 7]
I; MQ:  3,7110; MV:   19; DT:    6; SOL: [5 4 1 2 2 2 1 2 2 2 2 2 2 2 2 0 0 0 2 2 2 2 2 2 2 0 5 2 0 2 2 2 2 2 2 2 2 2 0 0 3 3 2 3 3 3 3 3 0 1 4 4 4 4 1 5 5 1 5 5 2 5 5 6 7 7 7]

Cycle #1: pfcda_base
S; MQ:  2,1281; MV:    0; DT:    0; SOL: [0 1 1 2 2 2 2 2 2 2 2 2 2 2 2 2 2 2 2 2 2 2 2 2 2 2 2 2 2 2 2 2 2 2 2 2 3 3 3 3 3 3 3 3 3 3 3 3 3 4 4 4 4 4 5 5 5 5 5 5 5 5 5 6 7 7 7]
C; MQ:  3,8949; MV:   17; DT:    0; SOL: [0 4 1 2 2 2 2 2 2 2 2 2 2 2 2 1 1 1 2 2 2 2 2 2 2 1 5 2 1 2 2 2 2 2 2 2 2 2 1 1 3 3 2 3 3 3 3 3 1 2 4 4 4 4 5 5 5 5 5 5 2 0 0 6 7 7 7]
I; MQ:  2,4458; MV:    5; DT:    0; SOL: [0 4 1 2 2 2 2 2 2 2 2 2 2 2 2 2 2 2 2 2 2 2 2 2 2 2 2 2 2 2 2 2 2 2 2 2 3 2 3 0 3 3 3 3 3 3 3 3 3 2 4 4 4 4 5 5 5 5 5 5 2 5 5 6 7 7 7]
I; MQ:  3,3903; MV:    9; DT:    1; SOL: [0 4 1 2 2 2 2 2 2 2 2 2 2 2 2 2 1 1 2 2 2 2 2 2 2 2 2 2 2 2 2 2 2 2 2 2 3 2 3 1 3 3 3 3 3 3 3 3 3 2 4 4 4 4 5 5 5 5 5 5 2 0 0 6 7 7 7]
I; MQ:  3,7047; MV:   14; DT:    1; SOL: [0 4 1 2 2 2 2 2 2 2 2 2 2 2 2 1 1 1 2 2 2 2 2 2 2 1 2 2 2 2 2 2 2 2 2 2 2 2 1 1 3 3 3 3 3 3 3 3 1 2 4 4 4 4 5 5 5 5 5 5 2 0 0 6 7 7 7]
I; MQ:  3,8949; MV:   17; DT:    1; SOL: [0 4 1 2 2 2 2 2 2 2 2 2 2 2 2 1 1 1 2 2 2 2 2 2 2 1 5 2 1 2 2 2 2 2 2 2 2 2 1 1 3 3 2 3 3 3 3 3 1 2 4 4 4 4 5 5 5 5 5 5 2 0 0 6 7 7 7]

Cycle #2: pfcda_base
S; MQ:  2,1281; MV:    0; DT:    0; SOL: [0 1 1 2 2 2 2 2 2 2 2 2 2 2 2 2 2 2 2 2 2 2 2 2 2 2 2 2 2 2 2 2 2 2 2 2 3 3 3 3 3 3 3 3 3 3 3 3 3 4 4 4 4 4 5 5 5 5 5 5 5 5 5 6 7 7 7]
C; MQ:  3,8081; MV:   15; DT:    0; SOL: [0 1 1 2 2 2 4 2 2 2 2 2 2 2 2 2 2 2 2 2 2 2 2 2 2 2 5 2 2 2 2 2 2 2 2 2 2 2 2 2 3 3 3 2 3 3 3 3 2 4 4 4 1 1 4 5 5 4 5 5 2 0 0 6 7 7 7]
I; MQ:  2,4289; MV:    5; DT:    0; SOL: [0 1 1 2 2 2 4 4 2 2 2 2 2 2 2 2 2 2 2 2 2 2 2 2 2 2 2 2 2 2 2 2 2 2 2 2 3 3 3 2 3 3 3 3 3 3 3 3 3 4 4 4 4 1 5 5 5 5 5 5 2 5 5 6 7 7 7]
I; MQ:  3,3628; MV:   10; DT:    0; SOL: [0 1 1 2 2 2 4 4 2 2 2 2 2 2 2 2 2 2 2 2 2 2 2 2 2 2 2 2 2 2 2 2 2 2 2 2 3 3 3 2 3 3 3 3 3 3 3 3 2 4 4 4 1 1 4 5 5 5 5 5 2 0 0 6 7 7 7]
I; MQ:  3,7405; MV:   13; DT:    1; SOL: [0 1 1 2 2 2 4 2 2 2 2 2 2 2 2 2 2 2 2 2 2 2 2 2 2 2 5 2 2 2 2 2 2 2 2 2 3 2 2 2 3 3 3 3 3 3 3 3 2 4 4 4 1 1 4 5 5 4 5 5 2 0 0 6 7 7 7]
I; MQ:  3,8081; MV:   15; DT:    1; SOL: [0 1 1 2 2 2 4 2 2 2 2 2 2 2 2 2 2 2 2 2 2 2 2 2 2 2 5 2 2 2 2 2 2 2 2 2 2 2 2 2 3 3 3 2 3 3 3 3 2 4 4 4 1 1 4 5 5 4 5 5 2 0 0 6 7 7 7]

Cycle #3: pfcda_base
S; MQ:  2,1281; MV:    0; DT:    0; SOL: [0 1 1 2 2 2 2 2 2 2 2 2 2 2 2 2 2 2 2 2 2 2 2 2 2 2 2 2 2 2 2 2 2 2 2 2 3 3 3 3 3 3 3 3 3 3 3 3 3 4 4 4 4 4 5 5 5 5 5 5 5 5 5 6 7 7 7]
C; MQ:  3,8081; MV:   15; DT:    0; SOL: [0 1 1 2 2 2 4 2 2 2 2 2 2 2 2 2 2 2 2 2 2 2 2 2 2 2 5 2 2 2 2 2 2 2 2 2 2 2 2 2 3 3 3 2 3 3 3 3 2 4 4 4 1 1 4 5 5 4 5 5 2 0 0 6 7 7 7]
I; MQ:  3,0724; MV:    5; DT:    0; SOL: [0 1 1 2 2 2 2 2 2 2 2 2 2 2 2 2 2 2 2 2 2 2 2 2 2 2 2 2 2 2 2 2 2 2 2 2 3 3 3 3 3 3 3 3 3 3 3 3 3 4 4 4 1 1 5 5 5 5 5 5 2 0 0 6 7 7 7]
I; MQ:  3,4363; MV:   10; DT:    0; SOL: [0 1 1 2 2 2 4 2 2 2 2 2 2 2 2 2 2 2 2 2 2 2 2 2 2 2 2 2 2 2 2 2 2 2 2 2 2 3 2 2 3 3 3 3 3 3 3 3 3 4 4 4 1 1 4 5 5 5 5 5 2 0 0 6 7 7 7]
I; MQ:  3,8081; MV:   15; DT:    0; SOL: [0 1 1 2 2 2 4 2 2 2 2 2 2 2 2 2 2 2 2 2 2 2 2 2 2 2 5 2 2 2 2 2 2 2 2 2 2 2 2 2 3 3 3 2 3 3 3 3 2 4 4 4 1 1 4 5 5 4 5 5 2 0 0 6 7 7 7]

Cycle #4: pfcda_base
S; MQ:  2,1281; MV:    0; DT:    0; SOL: [0 1 1 2 2 2 2 2 2 2 2 2 2 2 2 2 2 2 2 2 2 2 2 2 2 2 2 2 2 2 2 2 2 2 2 2 3 3 3 3 3 3 3 3 3 3 3 3 3 4 4 4 4 4 5 5 5 5 5 5 5 5 5 6 7 7 7]
C; MQ:  3,8949; MV:   17; DT:    0; SOL: [0 4 1 2 2 2 2 2 2 2 2 2 2 2 2 1 1 1 2 2 2 2 2 2 2 1 5 2 1 2 2 2 2 2 2 2 2 2 1 1 3 3 2 3 3 3 3 3 1 2 4 4 4 4 5 5 5 5 5 5 2 0 0 6 7 7 7]
I; MQ:  2,8630; MV:    5; DT:    0; SOL: [0 1 1 2 2 2 2 2 2 2 2 2 2 2 2 2 2 2 2 2 2 2 2 2 2 2 2 2 2 2 2 2 2 2 2 2 3 3 3 1 3 3 3 3 3 3 3 3 1 1 4 4 4 4 5 5 5 5 5 5 2 5 0 6 7 7 7]
I; MQ:  3,1847; MV:    9; DT:    1; SOL: [0 1 1 2 2 2 2 2 2 2 2 2 2 2 2 2 2 2 2 2 2 2 2 2 2 2 2 2 1 2 2 2 2 2 2 2 3 2 3 1 3 3 3 3 3 3 3 3 1 2 4 4 4 4 5 5 5 1 5 5 2 0 0 6 7 7 7]
I; MQ:  3,5736; MV:   12; DT:    2; SOL: [0 4 1 2 2 2 2 2 2 2 2 2 2 2 2 2 1 2 2 2 2 2 2 2 2 1 2 2 1 1 2 2 2 2 2 2 3 2 3 1 3 3 3 3 3 3 3 3 1 2 4 4 4 4 5 5 5 5 5 5 2 0 0 6 7 7 7]
I; MQ:  3,8191; MV:   15; DT:    3; SOL: [0 4 1 2 2 2 2 2 2 2 2 2 2 2 2 1 1 1 2 2 2 2 2 2 2 1 5 2 1 2 2 2 2 2 2 2 3 2 2 1 3 3 3 3 3 3 3 3 1 2 4 4 4 4 5 5 5 5 5 5 2 0 0 6 7 7 7]
I; MQ:  3,8949; MV:   17; DT:    4; SOL: [0 4 1 2 2 2 2 2 2 2 2 2 2 2 2 1 1 1 2 2 2 2 2 2 2 1 5 2 1 2 2 2 2 2 2 2 2 2 1 1 3 3 2 3 3 3 3 3 1 2 4 4 4 4 5 5 5 5 5 5 2 0 0 6 7 7 7]

Cycle #5: pfcda_base
S; MQ:  2,1281; MV:    0; DT:    0; SOL: [0 1 1 2 2 2 2 2 2 2 2 2 2 2 2 2 2 2 2 2 2 2 2 2 2 2 2 2 2 2 2 2 2 2 2 2 3 3 3 3 3 3 3 3 3 3 3 3 3 4 4 4 4 4 5 5 5 5 5 5 5 5 5 6 7 7 7]
C; MQ:  3,4706; MV:   17; DT:    0; SOL: [5 4 1 2 2 2 2 2 2 2 2 2 2 2 2 1 1 1 2 2 2 2 2 2 2 1 5 2 1 2 2 2 2 2 2 2 2 2 1 1 3 3 0 3 3 3 0 3 1 2 4 4 4 4 5 5 5 5 5 5 2 5 5 6 7 7 7]
I; MQ:  2,4684; MV:    5; DT:    0; SOL: [5 1 1 2 2 2 2 2 2 2 2 2 2 2 2 2 2 2 2 2 2 2 2 2 2 2 5 2 2 2 2 2 2 2 2 2 3 0 3 3 3 3 0 3 3 3 3 3 3 2 4 4 4 4 5 5 5 5 5 5 5 5 5 6 7 7 7]
I; MQ:  2,7782; MV:    9; DT:    1; SOL: [5 4 1 2 2 2 2 2 2 2 2 2 2 2 2 2 2 2 2 2 2 2 2 2 2 2 5 2 2 2 2 2 2 2 2 2 3 2 2 1 3 3 0 3 3 3 0 3 3 2 4 4 4 4 5 5 5 5 5 5 5 5 5 6 7 7 7]
I; MQ:  3,1584; MV:   14; DT:    1; SOL: [5 4 1 2 2 2 2 2 2 2 2 2 2 2 2 2 1 2 2 2 2 2 2 2 2 1 5 2 1 1 2 2 2 2 2 2 3 2 2 1 3 3 0 3 3 3 0 3 3 2 4 4 4 4 5 5 5 1 5 5 5 5 5 6 7 7 7]
I; MQ:  3,4185; MV:   17; DT:    2; SOL: [5 4 1 2 2 2 2 2 2 2 2 2 2 2 2 2 1 1 2 2 2 2 2 2 2 1 5 2 1 1 2 2 2 2 2 2 2 2 2 1 3 3 0 3 3 3 0 3 1 2 4 4 4 4 5 5 5 5 5 5 2 5 5 6 7 7 7]
I; MQ:  3,4706; MV:   17; DT:    4; SOL: [5 4 1 2 2 2 2 2 2 2 2 2 2 2 2 1 1 1 2 2 2 2 2 2 2 1 5 2 1 2 2 2 2 2 2 2 2 2 1 1 3 3 0 3 3 3 0 3 1 2 4 4 4 4 5 5 5 5 5 5 2 5 5 6 7 7 7]

Cycle #6: pfcda_base
S; MQ:  2,1281; MV:    0; DT:    0; SOL: [0 1 1 2 2 2 2 2 2 2 2 2 2 2 2 2 2 2 2 2 2 2 2 2 2 2 2 2 2 2 2 2 2 2 2 2 3 3 3 3 3 3 3 3 3 3 3 3 3 4 4 4 4 4 5 5 5 5 5 5 5 5 5 6 7 7 7]
C; MQ:  3,5581; MV:   23; DT:    0; SOL: [5 4 1 2 2 2 2 2 2 2 2 3 2 2 2 1 1 1 2 2 2 2 2 2 2 1 5 2 1 2 3 2 2 2 2 2 2 3 2 1 3 3 3 2 0 0 0 0 1 2 4 4 4 4 2 5 5 2 5 5 2 5 5 6 7 7 7]
I; MQ:  2,2682; MV:    5; DT:    0; SOL: [0 1 1 2 2 2 2 2 2 2 2 2 2 2 2 2 2 2 2 2 2 2 2 2 2 2 2 2 2 2 2 2 2 2 2 2 3 3 3 2 0 3 0 3 3 3 0 3 0 4 4 4 4 4 5 5 5 5 5 5 5 5 5 6 7 7 7]
I; MQ:  2,4143; MV:    7; DT:    3; SOL: [1 1 1 2 2 2 2 2 2 2 2 2 2 2 2 2 2 2 2 2 2 2 2 2 2 2 2 2 2 2 2 2 2 2 2 2 3 3 3 2 1 3 1 3 0 3 0 3 1 4 4 4 4 4 5 5 5 5 5 5 5 5 5 6 7 7 7]
I; MQ:  2,6376; MV:   10; DT:    5; SOL: [5 1 1 2 2 2 2 2 2 2 2 2 2 2 2 2 2 2 2 2 2 2 2 2 2 2 2 2 2 2 3 2 2 2 2 2 3 3 3 1 1 3 1 3 0 3 0 3 1 2 4 4 4 4 5 5 5 5 5 5 2 5 5 6 7 7 7]
I; MQ:  3,0196; MV:   11; DT:    7; SOL: [5 4 1 2 2 2 2 2 2 2 2 2 2 2 2 2 2 2 2 2 2 2 2 2 2 2 2 2 2 2 3 2 2 2 2 2 3 3 2 1 3 3 3 3 0 0 0 3 1 2 4 4 4 4 5 5 5 5 5 5 2 5 5 6 7 7 7]
I; MQ:  3,1550; MV:   16; DT:    7; SOL: [5 4 1 2 2 2 2 2 2 2 2 3 2 2 2 2 1 2 2 2 2 2 2 2 2 2 2 2 2 2 3 2 2 2 2 2 2 3 2 1 3 3 3 2 0 0 0 0 1 2 4 4 4 4 5 5 5 5 5 5 2 5 5 6 7 7 7]
I; MQ:  3,3480; MV:   21; DT:    7; SOL: [5 4 1 2 2 2 2 2 2 2 2 3 2 2 2 2 1 2 2 2 2 2 2 2 2 1 5 2 1 1 3 2 2 2 2 2 2 3 2 1 3 3 3 2 0 0 0 0 1 2 4 4 4 4 5 5 5 1 5 5 2 5 5 6 7 7 7]
I; MQ:  3,5581; MV:   23; DT:    9; SOL: [5 4 1 2 2 2 2 2 2 2 2 3 2 2 2 1 1 1 2 2 2 2 2 2 2 1 5 2 1 2 3 2 2 2 2 2 2 3 2 1 3 3 3 2 0 0 0 0 1 2 4 4 4 4 2 5 5 2 5 5 2 5 5 6 7 7 7]

Cycle #7: pfcda_base
S; MQ:  2,1281; MV:    0; DT:    0; SOL: [0 1 1 2 2 2 2 2 2 2 2 2 2 2 2 2 2 2 2 2 2 2 2 2 2 2 2 2 2 2 2 2 2 2 2 2 3 3 3 3 3 3 3 3 3 3 3 3 3 4 4 4 4 4 5 5 5 5 5 5 5 5 5 6 7 7 7]
C; MQ:  3,3984; MV:   18; DT:    0; SOL: [5 4 1 2 2 2 1 2 2 2 2 0 2 2 2 2 2 2 2 2 2 2 2 2 2 2 5 2 2 2 0 2 2 0 2 2 2 0 2 2 3 3 0 3 3 3 0 3 2 1 4 4 4 4 1 5 5 1 5 5 2 5 5 6 7 7 7]
I; MQ:  2,5645; MV:    5; DT:    0; SOL: [5 4 1 2 2 2 2 2 2 2 2 2 2 2 2 2 2 2 2 2 2 2 2 2 2 2 5 2 2 2 2 2 2 2 2 2 3 0 3 3 3 3 0 3 3 3 3 3 3 4 4 4 4 4 5 5 5 5 5 5 5 5 5 6 7 7 7]
I; MQ:  2,7679; MV:   10; DT:    0; SOL: [5 4 1 2 2 2 2 2 2 2 2 2 2 2 2 2 2 2 2 2 2 2 2 2 2 2 5 2 2 2 0 2 2 0 2 2 3 0 3 3 3 3 0 3 3 3 0 3 3 0 4 4 4 4 5 5 5 5 5 5 2 5 5 6 7 7 7]
I; MQ:  3,2769; MV:   14; DT:    1; SOL: [5 4 1 2 2 2 1 2 2 2 2 2 2 2 2 2 2 2 2 2 2 2 2 2 2 2 5 2 2 2 0 2 2 0 2 2 3 0 2 3 3 3 0 3 3 3 0 3 3 1 4 4 4 4 1 5 5 1 5 5 2 5 5 6 7 7 7]
I; MQ:  3,3984; MV:   18; DT:    1; SOL: [5 4 1 2 2 2 1 2 2 2 2 0 2 2 2 2 2 2 2 2 2 2 2 2 2 2 5 2 2 2 0 2 2 0 2 2 2 0 2 2 3 3 0 3 3 3 0 3 2 1 4 4 4 4 1 5 5 1 5 5 2 5 5 6 7 7 7]

Cycle #8: pfcda_base
S; MQ:  2,1281; MV:    0; DT:    0; SOL: [0 1 1 2 2 2 2 2 2 2 2 2 2 2 2 2 2 2 2 2 2 2 2 2 2 2 2 2 2 2 2 2 2 2 2 2 3 3 3 3 3 3 3 3 3 3 3 3 3 4 4 4 4 4 5 5 5 5 5 5 5 5 5 6 7 7 7]
C; MQ:  3,4776; MV:   20; DT:    0; SOL: [5 4 1 2 2 2 2 2 2 2 2 2 2 2 2 0 0 0 2 2 2 2 2 2 2 0 5 2 0 0 2 2 2 2 2 2 2 2 0 1 1 1 2 0 3 3 3 3 1 2 4 4 4 4 5 5 5 5 5 5 2 5 5 6 7 7 7]
I; MQ:  2,5136; MV:    5; DT:    0; SOL: [5 1 1 2 2 2 2 2 2 2 2 2 2 2 2 0 2 0 0 2 2 2 2 2 2 2 2 2 2 2 2 2 2 2 2 2 3 3 0 3 3 3 3 3 3 3 3 3 3 4 4 4 4 4 5 5 5 5 5 5 5 5 5 6 7 7 7]
I; MQ:  2,7361; MV:    8; DT:    1; SOL: [5 4 1 2 2 2 2 2 2 2 2 2 2 2 2 0 2 0 2 2 2 2 2 2 2 0 2 2 2 2 2 2 2 2 2 2 3 3 0 1 3 3 3 3 3 3 3 3 0 4 4 4 4 4 5 5 5 5 5 5 5 5 5 6 7 7 7]
I; MQ:  3,0942; MV:   12; DT:    2; SOL: [5 4 1 2 2 2 2 2 2 2 2 2 2 2 2 0 2 0 2 2 2 2 2 2 2 0 2 2 2 2 2 2 2 2 2 2 3 2 0 1 3 3 3 0 3 3 3 0 1 4 4 4 4 4 5 5 5 5 5 5 2 5 5 6 7 7 7]
I; MQ:  3,3780; MV:   17; DT:    2; SOL: [5 4 1 2 2 2 2 2 2 2 2 2 2 2 2 0 1 0 2 2 2 2 2 2 2 0 5 2 0 2 2 2 2 2 2 2 2 2 0 1 3 3 3 0 3 3 3 0 1 2 4 4 4 4 5 5 5 5 5 5 2 5 5 6 7 7 7]
I; MQ:  3,4014; MV:   19; DT:    4; SOL: [5 4 1 2 2 2 2 2 2 2 2 2 2 2 2 0 0 0 2 2 2 2 2 2 2 0 5 2 0 0 2 2 2 2 2 2 2 2 0 1 1 3 2 0 3 3 3 3 1 2 4 4 4 4 5 5 5 5 5 5 2 5 5 6 7 7 7]
I; MQ:  3,4776; MV:   20; DT:    4; SOL: [5 4 1 2 2 2 2 2 2 2 2 2 2 2 2 0 0 0 2 2 2 2 2 2 2 0 5 2 0 0 2 2 2 2 2 2 2 2 0 1 1 1 2 0 3 3 3 3 1 2 4 4 4 4 5 5 5 5 5 5 2 5 5 6 7 7 7]

Cycle #9: pfcda_base
S; MQ:  2,1281; MV:    0; DT:    0; SOL: [0 1 1 2 2 2 2 2 2 2 2 2 2 2 2 2 2 2 2 2 2 2 2 2 2 2 2 2 2 2 2 2 2 2 2 2 3 3 3 3 3 3 3 3 3 3 3 3 3 4 4 4 4 4 5 5 5 5 5 5 5 5 5 6 7 7 7]
C; MQ:  3,7499; MV:   23; DT:    0; SOL: [0 4 1 2 2 1 2 1 2 1 1 1 2 1 2 2 2 2 2 2 1 2 2 1 2 2 5 2 2 1 1 2 2 1 2 2 2 1 2 2 3 3 3 2 3 3 3 3 2 2 4 4 4 4 5 5 5 5 5 5 2 0 0 6 7 7 7]
I; MQ:  2,8210; MV:    5; DT:    0; SOL: [0 1 1 2 2 2 2 2 2 2 2 2 2 2 2 2 2 2 2 2 2 2 2 2 2 2 2 2 2 2 1 2 2 1 2 2 3 1 3 3 3 3 1 3 3 3 3 3 3 4 4 4 4 4 5 5 5 5 5 5 5 5 0 6 7 7 7]
I; MQ:  3,3463; MV:   10; DT:    0; SOL: [0 4 1 2 2 2 2 2 2 2 2 2 2 2 2 2 2 2 2 2 2 2 2 2 2 2 2 2 2 2 1 2 2 1 2 2 3 1 3 3 3 3 1 3 3 3 1 3 3 2 4 4 4 4 5 5 5 5 5 5 1 0 0 6 7 7 7]
I; MQ:  3,4728; MV:   14; DT:    1; SOL: [0 4 1 2 2 2 2 2 2 2 2 1 2 2 2 2 2 2 2 2 2 2 2 2 2 2 5 2 2 2 1 2 2 1 2 2 3 1 2 2 3 3 1 3 3 3 1 3 3 2 4 4 4 4 5 5 5 5 5 5 2 0 0 6 7 7 7]
I; MQ:  3,5320; MV:   17; DT:    2; SOL: [0 4 1 2 2 2 2 2 2 2 2 1 2 2 2 2 2 2 2 2 1 2 2 2 2 2 5 2 2 2 1 2 1 1 2 2 1 1 2 2 3 3 1 3 3 3 3 3 2 2 4 4 4 4 5 5 5 5 5 5 2 0 0 6 7 7 7]
I; MQ:  3,5703; MV:   20; DT:    3; SOL: [0 4 1 2 2 1 2 1 2 2 2 1 2 2 2 2 2 2 2 2 1 2 2 2 2 2 5 2 2 1 1 2 1 1 2 2 1 1 2 2 3 3 3 2 3 3 3 3 2 2 4 4 4 4 5 5 5 5 5 5 2 0 0 6 7 7 7]
I; MQ:  3,7196; MV:   23; DT:    4; SOL: [0 4 1 2 2 1 2 1 2 1 1 1 2 1 2 2 2 2 2 2 1 2 2 1 2 2 5 2 2 1 1 2 2 1 2 2 1 1 2 2 3 3 3 2 3 3 3 3 2 2 4 4 4 4 5 5 5 5 5 5 2 0 0 6 7 7 7]
I; MQ:  3,7499; MV:   23; DT:    5; SOL: [0 4 1 2 2 1 2 1 2 1 1 1 2 1 2 2 2 2 2 2 1 2 2 1 2 2 5 2 2 1 1 2 2 1 2 2 2 1 2 2 3 3 3 2 3 3 3 3 2 2 4 4 4 4 5 5 5 5 5 5 2 0 0 6 7 7 7]

Cycle #10: pfcda_base
S; MQ:  2,1281; MV:    0; DT:    0; SOL: [0 1 1 2 2 2 2 2 2 2 2 2 2 2 2 2 2 2 2 2 2 2 2 2 2 2 2 2 2 2 2 2 2 2 2 2 3 3 3 3 3 3 3 3 3 3 3 3 3 4 4 4 4 4 5 5 5 5 5 5 5 5 5 6 7 7 7]
C; MQ:  3,8949; MV:   17; DT:    0; SOL: [0 4 1 2 2 2 2 2 2 2 2 2 2 2 2 1 1 1 2 2 2 2 2 2 2 1 5 2 1 2 2 2 2 2 2 2 2 2 1 1 3 3 2 3 3 3 3 3 1 2 4 4 4 4 5 5 5 5 5 5 2 0 0 6 7 7 7]
I; MQ:  2,7685; MV:    5; DT:    0; SOL: [0 1 1 2 2 2 2 2 2 2 2 2 2 2 2 2 2 1 2 2 2 2 2 2 2 2 2 2 2 2 2 2 2 2 2 2 3 3 1 2 3 3 3 3 3 3 3 3 3 2 4 4 4 4 5 5 5 5 5 5 5 5 0 6 7 7 7]
I; MQ:  3,0909; MV:    9; DT:    1; SOL: [0 1 1 2 2 2 2 2 2 2 2 2 2 2 2 2 1 1 1 2 2 2 2 2 2 2 2 2 2 2 2 2 2 2 2 2 3 2 1 1 3 3 3 3 3 3 3 3 1 2 4 4 4 4 5 5 5 5 5 5 5 5 0 6 7 7 7]
I; MQ:  3,2100; MV:   11; DT:    3; SOL: [0 2 1 2 2 2 2 2 2 2 2 2 2 2 2 2 1 1 2 2 2 2 2 2 2 2 2 2 2 2 2 2 2 2 2 2 2 2 2 1 3 3 2 3 3 3 3 3 1 2 4 4 4 4 5 5 5 5 5 5 5 5 0 6 7 7 7]
I; MQ:  3,6875; MV:   14; DT:    5; SOL: [0 4 1 2 2 2 2 2 2 2 2 2 2 2 2 1 1 1 2 2 2 2 2 2 2 2 2 2 2 2 2 2 2 2 2 2 2 2 1 1 3 3 2 1 3 3 3 3 1 2 4 4 4 4 5 5 5 5 5 5 5 0 0 6 7 7 7]
I; MQ:  3,8884; MV:   19; DT:    5; SOL: [0 4 1 2 2 2 2 2 2 2 2 2 2 2 2 1 1 1 2 2 2 2 2 2 2 1 5 2 1 1 2 2 2 2 2 2 2 2 1 1 3 3 2 1 3 3 3 3 1 2 4 4 4 4 5 5 5 5 5 5 2 0 0 6 7 7 7]
I; MQ:  3,8949; MV:   17; DT:    7; SOL: [0 4 1 2 2 2 2 2 2 2 2 2 2 2 2 1 1 1 2 2 2 2 2 2 2 1 5 2 1 2 2 2 2 2 2 2 2 2 1 1 3 3 2 3 3 3 3 3 1 2 4 4 4 4 5 5 5 5 5 5 2 0 0 6 7 7 7]

Cycle #11: pfcda_base
S; MQ:  2,1281; MV:    0; DT:    0; SOL: [0 1 1 2 2 2 2 2 2 2 2 2 2 2 2 2 2 2 2 2 2 2 2 2 2 2 2 2 2 2 2 2 2 2 2 2 3 3 3 3 3 3 3 3 3 3 3 3 3 4 4 4 4 4 5 5 5 5 5 5 5 5 5 6 7 7 7]
C; MQ:  3,8081; MV:   15; DT:    0; SOL: [0 4 1 2 2 2 1 2 2 2 2 2 2 2 2 2 2 2 2 2 2 2 2 2 2 2 5 2 2 2 2 2 2 2 2 2 2 2 2 2 3 3 3 2 3 3 3 3 2 1 4 4 4 4 1 5 5 1 5 5 2 0 0 6 7 7 7]
I; MQ:  2,5341; MV:    5; DT:    0; SOL: [0 4 1 2 2 2 2 2 2 2 2 2 2 2 2 2 2 2 2 2 2 2 2 2 2 2 5 2 2 2 2 2 2 0 2 2 3 0 3 3 3 3 3 3 3 3 3 3 3 4 4 4 4 4 5 5 5 5 5 5 2 5 5 6 7 7 7]
I; MQ:  2,6779; MV:    9; DT:    1; SOL: [0 4 1 2 2 2 0 2 2 2 2 2 2 2 2 2 2 2 2 2 2 2 2 2 2 2 5 2 2 2 2 2 2 0 2 2 3 2 3 3 3 3 3 3 3 3 3 3 3 0 4 4 4 4 0 5 5 5 5 5 2 5 0 6 7 7 7]
I; MQ:  3,0991; MV:    9; DT:    4; SOL: [0 4 1 2 2 2 2 2 2 2 2 2 2 2 2 2 2 2 2 2 2 2 2 2 2 2 5 2 2 2 2 2 2 2 2 2 3 2 3 3 3 3 3 3 3 3 3 3 3 1 4 4 4 4 0 5 5 0 5 5 2 0 0 6 7 7 7]
I; MQ:  3,7417; MV:   12; DT:    7; SOL: [0 4 1 2 2 2 1 2 2 2 2 2 2 2 2 2 2 2 2 2 2 2 2 2 2 2 5 2 2 2 2 2 2 2 2 2 2 2 2 3 3 3 3 3 3 3 3 3 3 1 4 4 4 4 1 5 5 1 5 5 2 0 0 6 7 7 7]
I; MQ:  3,8081; MV:   15; DT:    7; SOL: [0 4 1 2 2 2 1 2 2 2 2 2 2 2 2 2 2 2 2 2 2 2 2 2 2 2 5 2 2 2 2 2 2 2 2 2 2 2 2 2 3 3 3 2 3 3 3 3 2 1 4 4 4 4 1 5 5 1 5 5 2 0 0 6 7 7 7]

Cycle #12: pfcda_base
S; MQ:  2,1281; MV:    0; DT:    0; SOL: [0 1 1 2 2 2 2 2 2 2 2 2 2 2 2 2 2 2 2 2 2 2 2 2 2 2 2 2 2 2 2 2 2 2 2 2 3 3 3 3 3 3 3 3 3 3 3 3 3 4 4 4 4 4 5 5 5 5 5 5 5 5 5 6 7 7 7]
C; MQ:  3,4667; MV:   18; DT:    0; SOL: [5 4 1 2 2 2 2 2 2 2 2 2 2 2 2 0 0 0 2 2 2 2 2 2 2 0 5 2 0 2 2 1 1 2 2 2 1 2 0 0 3 3 2 3 3 3 3 3 0 2 4 4 4 4 5 5 5 5 5 5 2 5 5 6 7 7 7]
I; MQ:  2,6186; MV:    5; DT:    0; SOL: [0 4 1 2 2 2 2 2 2 2 2 2 2 2 2 2 0 2 2 2 2 2 2 2 2 2 2 2 2 2 2 2 2 2 2 2 3 2 3 0 3 3 3 3 3 3 3 3 0 4 4 4 4 4 5 5 5 5 5 5 5 5 5 6 7 7 7]
I; MQ:  2,8552; MV:   10; DT:    0; SOL: [1 4 1 2 2 2 2 2 2 2 2 2 2 2 2 0 0 0 2 2 2 2 2 2 2 0 2 2 2 2 2 2 2 2 2 2 3 2 0 0 3 3 3 3 3 3 3 3 0 4 4 4 4 4 5 5 5 5 5 5 5 5 5 6 7 7 7]
I; MQ:  3,1536; MV:   14; DT:    1; SOL: [5 4 1 2 2 2 2 2 2 2 2 2 2 2 2 0 0 0 2 2 2 2 2 2 2 0 5 2 0 2 2 2 2 2 2 2 3 2 0 0 3 3 3 0 3 3 3 3 0 2 4 4 4 4 5 5 5 5 5 5 5 5 5 6 7 7 7]
I; MQ:  3,4391; MV:   17; DT:    2; SOL: [5 4 1 2 2 2 2 2 2 2 2 2 2 2 2 0 0 0 2 2 2 2 2 2 2 0 5 2 0 2 2 1 2 2 2 2 1 2 0 0 3 1 3 3 3 3 3 3 0 2 4 4 4 4 5 5 5 5 5 5 2 5 5 6 7 7 7]
I; MQ:  3,4667; MV:   18; DT:    3; SOL: [5 4 1 2 2 2 2 2 2 2 2 2 2 2 2 0 0 0 2 2 2 2 2 2 2 0 5 2 0 2 2 1 1 2 2 2 1 2 0 0 3 3 2 3 3 3 3 3 0 2 4 4 4 4 5 5 5 5 5 5 2 5 5 6 7 7 7]

Cycle #13: pfcda_base
S; MQ:  2,1281; MV:    0; DT:    0; SOL: [0 1 1 2 2 2 2 2 2 2 2 2 2 2 2 2 2 2 2 2 2 2 2 2 2 2 2 2 2 2 2 2 2 2 2 2 3 3 3 3 3 3 3 3 3 3 3 3 3 4 4 4 4 4 5 5 5 5 5 5 5 5 5 6 7 7 7]
C; MQ:  3,4085; MV:   16; DT:    0; SOL: [5 4 1 2 2 2 1 2 2 2 2 2 2 2 2 2 2 2 0 2 2 2 2 2 2 2 5 2 2 2 2 2 2 2 2 2 2 2 0 2 3 3 3 0 3 3 3 0 2 1 4 4 4 4 1 5 5 1 5 5 2 5 5 6 7 7 7]
I; MQ:  2,5747; MV:    5; DT:    0; SOL: [5 4 1 2 2 2 2 2 2 2 2 2 2 2 2 2 2 2 0 2 2 2 2 2 2 2 2 2 2 2 2 2 2 2 2 2 3 3 0 3 3 3 3 3 3 3 3 3 3 4 4 4 4 4 5 5 5 5 5 5 2 5 5 6 7 7 7]
I; MQ:  2,9715; MV:   10; DT:    0; SOL: [5 4 1 2 2 2 1 1 2 2 2 2 2 2 2 2 2 2 0 2 2 2 2 2 2 2 2 2 2 2 2 2 2 2 2 2 3 3 0 3 3 3 3 0 3 3 3 0 3 1 4 4 4 4 5 5 5 5 5 5 2 5 5 6 7 7 7]
I; MQ:  3,1882; MV:   15; DT:    0; SOL: [5 4 1 2 2 2 1 1 2 2 2 2 2 2 2 2 2 2 0 2 2 2 2 2 2 2 5 2 2 2 2 2 2 2 2 2 2 2 0 2 3 3 3 0 3 3 3 0 2 1 4 4 4 4 5 5 5 5 5 5 2 5 5 6 7 7 7]
I; MQ:  3,4085; MV:   16; DT:    1; SOL: [5 4 1 2 2 2 1 2 2 2 2 2 2 2 2 2 2 2 0 2 2 2 2 2 2 2 5 2 2 2 2 2 2 2 2 2 2 2 0 2 3 3 3 0 3 3 3 0 2 1 4 4 4 4 1 5 5 1 5 5 2 5 5 6 7 7 7]

Cycle #14: pfcda_base
S; MQ:  2,1281; MV:    0; DT:    0; SOL: [0 1 1 2 2 2 2 2 2 2 2 2 2 2 2 2 2 2 2 2 2 2 2 2 2 2 2 2 2 2 2 2 2 2 2 2 3 3 3 3 3 3 3 3 3 3 3 3 3 4 4 4 4 4 5 5 5 5 5 5 5 5 5 6 7 7 7]
C; MQ:  3,8949; MV:   17; DT:    0; SOL: [0 4 1 2 2 2 2 2 2 2 2 2 2 2 2 1 1 1 2 2 2 2 2 2 2 1 5 2 1 2 2 2 2 2 2 2 2 2 1 1 3 3 2 3 3 3 3 3 1 2 4 4 4 4 5 5 5 5 5 5 2 0 0 6 7 7 7]
I; MQ:  2,8892; MV:    5; DT:    0; SOL: [0 4 1 2 2 2 2 2 2 2 2 2 2 2 2 2 2 1 2 2 2 2 2 2 2 2 2 2 2 2 2 2 2 2 2 2 3 3 1 3 3 3 3 3 3 3 3 3 3 4 4 4 4 4 5 5 5 5 5 5 2 5 0 6 7 7 7]
I; MQ:  3,2725; MV:   10; DT:    0; SOL: [0 4 1 2 2 2 2 2 2 2 2 2 2 2 2 2 2 1 1 2 2 2 2 2 2 1 5 2 2 2 2 2 2 2 2 2 3 3 1 2 3 3 3 3 3 3 3 3 3 4 4 4 4 4 5 5 5 5 5 5 2 0 0 6 7 7 7]
I; MQ:  3,5137; MV:   13; DT:    1; SOL: [0 4 1 2 2 2 2 2 2 2 2 2 2 2 2 2 2 1 2 2 2 2 2 2 2 1 5 2 2 2 2 2 2 2 2 2 3 2 1 2 3 3 3 1 3 3 3 3 1 2 4 4 4 4 5 5 5 5 5 5 2 0 0 6 7 7 7]
I; MQ:  3,7276; MV:   17; DT:    2; SOL: [0 4 1 2 2 2 2 2 2 2 2 2 2 2 2 1 2 1 2 2 2 2 2 2 2 1 5 2 1 1 2 2 2 2 2 2 1 2 1 1 3 3 3 1 3 3 3 3 1 2 4 4 4 4 5 5 5 5 5 5 2 0 0 6 7 7 7]
I; MQ:  3,8949; MV:   17; DT:    5; SOL: [0 4 1 2 2 2 2 2 2 2 2 2 2 2 2 1 1 1 2 2 2 2 2 2 2 1 5 2 1 2 2 2 2 2 2 2 2 2 1 1 3 3 2 3 3 3 3 3 1 2 4 4 4 4 5 5 5 5 5 5 2 0 0 6 7 7 7]

Cycle #15: pfcda_base
S; MQ:  2,1281; MV:    0; DT:    0; SOL: [0 1 1 2 2 2 2 2 2 2 2 2 2 2 2 2 2 2 2 2 2 2 2 2 2 2 2 2 2 2 2 2 2 2 2 2 3 3 3 3 3 3 3 3 3 3 3 3 3 4 4 4 4 4 5 5 5 5 5 5 5 5 5 6 7 7 7]
C; MQ:  3,8949; MV:   17; DT:    0; SOL: [0 4 1 2 2 2 2 2 2 2 2 2 2 2 2 1 1 1 2 2 2 2 2 2 2 1 5 2 1 2 2 2 2 2 2 2 2 2 1 1 3 3 2 3 3 3 3 3 1 2 4 4 4 4 5 5 5 5 5 5 2 0 0 6 7 7 7]
I; MQ:  2,9955; MV:    5; DT:    0; SOL: [0 1 1 2 2 2 2 2 2 2 2 2 2 2 2 2 2 2 1 2 2 2 2 2 2 2 2 2 2 2 2 2 2 2 2 2 3 3 1 3 3 3 3 3 3 3 3 3 3 4 4 4 4 4 5 5 5 5 5 5 2 0 0 6 7 7 7]
I; MQ:  3,2693; MV:   10; DT:    0; SOL: [0 1 1 2 2 2 2 2 2 2 2 2 2 2 2 1 2 1 1 2 2 2 2 2 2 2 5 2 2 2 2 2 2 2 2 2 2 3 1 3 3 3 3 1 3 3 3 3 3 4 4 4 4 4 5 5 5 5 5 5 2 0 0 6 7 7 7]
I; MQ:  3,6175; MV:   13; DT:    1; SOL: [0 4 1 2 2 2 2 2 2 2 2 2 2 2 2 1 1 1 2 2 2 2 2 2 2 2 5 2 2 2 2 2 2 2 2 2 2 2 1 1 3 3 3 1 3 3 3 3 3 4 4 4 4 4 5 5 5 5 5 5 2 0 0 6 7 7 7]
I; MQ:  3,8129; MV:   18; DT:    1; SOL: [0 4 1 2 2 2 2 2 2 2 2 2 2 2 2 1 1 1 2 2 2 2 2 2 2 1 5 2 1 1 2 2 2 2 2 2 2 2 1 1 3 3 2 1 3 3 3 3 1 4 4 4 4 4 5 5 5 5 5 5 2 0 0 6 7 7 7]
I; MQ:  3,8949; MV:   17; DT:    3; SOL: [0 4 1 2 2 2 2 2 2 2 2 2 2 2 2 1 1 1 2 2 2 2 2 2 2 1 5 2 1 2 2 2 2 2 2 2 2 2 1 1 3 3 2 3 3 3 3 3 1 2 4 4 4 4 5 5 5 5 5 5 2 0 0 6 7 7 7]

Cycle #16: pfcda_base
S; MQ:  2,1281; MV:    0; DT:    0; SOL: [0 1 1 2 2 2 2 2 2 2 2 2 2 2 2 2 2 2 2 2 2 2 2 2 2 2 2 2 2 2 2 2 2 2 2 2 3 3 3 3 3 3 3 3 3 3 3 3 3 4 4 4 4 4 5 5 5 5 5 5 5 5 5 6 7 7 7]
C; MQ:  3,8949; MV:   19; DT:    0; SOL: [4 1 1 2 2 2 2 2 2 2 2 2 2 2 2 0 0 0 2 2 2 2 2 2 2 0 5 2 0 2 2 2 2 2 2 2 2 2 0 0 3 3 2 3 3 3 3 3 0 2 4 4 1 1 5 5 5 5 5 5 2 4 4 6 7 7 7]
I; MQ:  2,3196; MV:    5; DT:    0; SOL: [0 1 1 2 2 2 2 2 2 2 2 2 2 2 2 2 2 2 2 2 2 2 2 2 2 2 2 2 0 2 2 2 2 2 2 2 3 2 3 0 3 3 3 3 3 3 3 3 3 4 4 4 4 4 5 5 5 0 5 5 2 5 5 6 7 7 7]
I; MQ:  2,5772; MV:   10; DT:    0; SOL: [0 1 1 2 2 2 2 2 2 2 2 2 2 2 2 2 0 2 2 2 2 2 2 2 2 2 2 2 0 0 2 2 2 2 2 2 3 2 2 0 3 3 3 3 3 3 3 3 3 2 4 4 4 1 5 5 5 0 5 5 2 5 5 6 7 7 7]
I; MQ:  3,0470; MV:   13; DT:    1; SOL: [4 1 1 2 2 2 2 2 2 2 2 2 2 2 2 2 0 2 2 2 2 2 2 2 2 0 5 2 0 0 2 2 2 2 2 2 3 2 2 0 3 3 3 3 3 3 3 3 3 2 4 4 4 1 5 5 5 5 5 5 2 5 4 6 7 7 7]
I; MQ:  3,8169; MV:   18; DT:    1; SOL: [4 1 1 2 2 2 2 2 2 2 2 2 2 2 2 0 0 0 2 2 2 2 2 2 2 0 5 2 0 0 2 2 2 2 2 2 3 2 2 0 3 3 3 3 3 3 3 3 0 2 4 4 1 1 5 5 5 5 5 5 2 4 4 6 7 7 7]
I; MQ:  3,8949; MV:   19; DT:    3; SOL: [4 1 1 2 2 2 2 2 2 2 2 2 2 2 2 0 0 0 2 2 2 2 2 2 2 0 5 2 0 2 2 2 2 2 2 2 2 2 0 0 3 3 2 3 3 3 3 3 0 2 4 4 1 1 5 5 5 5 5 5 2 4 4 6 7 7 7]

Cycle #17: pfcda_base
S; MQ:  2,1281; MV:    0; DT:    0; SOL: [0 1 1 2 2 2 2 2 2 2 2 2 2 2 2 2 2 2 2 2 2 2 2 2 2 2 2 2 2 2 2 2 2 2 2 2 3 3 3 3 3 3 3 3 3 3 3 3 3 4 4 4 4 4 5 5 5 5 5 5 5 5 5 6 7 7 7]
C; MQ:  3,2620; MV:   17; DT:    0; SOL: [5 1 1 2 2 2 2 2 2 2 2 2 2 2 2 0 0 0 2 2 2 2 2 2 2 0 5 2 0 2 2 2 2 2 2 2 2 2 0 0 3 3 2 3 3 3 3 3 0 2 4 4 1 1 5 5 5 5 5 5 2 5 5 6 7 7 7]
I; MQ:  2,5081; MV:    5; DT:    0; SOL: [5 1 1 2 2 2 2 2 2 2 2 2 2 2 2 2 0 2 2 2 2 2 2 2 2 2 2 2 2 2 2 2 2 2 2 2 2 3 3 0 3 3 3 3 3 3 3 3 3 4 4 4 4 1 5 5 5 5 5 5 5 5 5 6 7 7 7]
I; MQ:  2,8236; MV:   10; DT:    0; SOL: [5 1 1 2 2 2 2 2 2 2 2 2 2 2 2 2 0 0 2 2 2 2 2 2 2 2 2 2 0 0 2 2 2 2 2 2 2 3 2 0 3 3 3 3 3 3 3 3 3 4 4 4 1 1 5 5 5 5 5 5 5 5 5 6 7 7 7]
I; MQ:  3,0383; MV:   14; DT:    1; SOL: [5 1 1 2 2 2 2 2 2 2 2 2 2 2 2 0 0 0 2 2 2 2 2 2 2 0 2 2 0 0 2 2 2 2 2 2 2 3 0 0 3 3 3 3 3 3 3 3 3 2 4 4 1 1 5 5 5 5 5 5 0 5 5 6 7 7 7]
I; MQ:  3,2571; MV:   16; DT:    3; SOL: [5 1 1 2 2 2 2 2 2 2 2 2 2 2 2 0 0 0 2 2 2 2 2 2 2 0 5 2 0 2 2 2 2 2 2 2 2 2 0 0 3 3 3 3 3 3 3 3 0 2 4 4 1 1 5 5 5 5 5 5 2 5 5 6 7 7 7]
I; MQ:  3,2620; MV:   17; DT:    3; SOL: [5 1 1 2 2 2 2 2 2 2 2 2 2 2 2 0 0 0 2 2 2 2 2 2 2 0 5 2 0 2 2 2 2 2 2 2 2 2 0 0 3 3 2 3 3 3 3 3 0 2 4 4 1 1 5 5 5 5 5 5 2 5 5 6 7 7 7]

Cycle #18: pfcda_base
S; MQ:  2,1281; MV:    0; DT:    0; SOL: [0 1 1 2 2 2 2 2 2 2 2 2 2 2 2 2 2 2 2 2 2 2 2 2 2 2 2 2 2 2 2 2 2 2 2 2 3 3 3 3 3 3 3 3 3 3 3 3 3 4 4 4 4 4 5 5 5 5 5 5 5 5 5 6 7 7 7]
C; MQ:  3,7645; MV:   22; DT:    0; SOL: [0 4 1 2 2 2 2 2 2 2 2 2 2 2 2 1 1 1 1 2 1 2 2 2 2 1 5 2 1 1 2 1 1 2 2 2 1 2 1 1 3 3 2 3 3 3 3 3 1 2 4 4 4 4 5 5 5 5 5 5 2 0 0 6 7 7 7]
I; MQ:  2,4250; MV:    5; DT:    0; SOL: [0 1 1 2 2 2 2 2 2 2 2 2 2 2 2 2 2 2 2 2 2 2 2 2 2 2 5 2 2 2 2 2 2 2 2 2 1 3 0 3 3 3 3 0 3 3 3 3 3 4 4 4 4 4 5 5 5 5 5 5 5 5 0 6 7 7 7]
I; MQ:  2,7619; MV:   10; DT:    0; SOL: [0 1 1 2 2 2 2 2 2 2 2 2 2 2 2 2 2 2 2 2 2 2 2 2 2 2 5 2 2 2 2 1 2 2 2 2 1 2 0 2 3 3 3 0 3 3 3 3 2 0 4 4 4 4 5 5 5 5 5 5 5 5 0 6 7 7 7]
I; MQ:  3,2485; MV:   12; DT:    3; SOL: [0 1 1 2 2 2 2 2 2 2 2 2 2 2 2 2 2 2 2 2 2 2 2 2 2 2 5 2 2 2 2 1 2 2 2 2 1 2 1 2 3 3 2 1 3 3 3 3 2 2 4 4 4 4 5 5 5 5 5 5 5 0 0 6 7 7 7]
I; MQ:  3,3003; MV:   14; DT:    5; SOL: [0 1 1 2 2 2 2 2 2 2 2 2 2 2 2 1 2 2 1 2 1 2 2 2 2 2 5 2 2 2 2 1 2 2 2 2 1 2 1 1 3 3 2 3 3 3 3 3 2 2 4 4 4 4 5 5 5 5 5 5 5 0 0 6 7 7 7]
I; MQ:  3,4337; MV:   18; DT:    6; SOL: [0 1 1 2 2 2 2 2 2 2 2 2 2 2 2 1 1 2 1 2 1 2 2 2 2 2 5 2 1 1 2 1 2 2 2 2 1 2 1 1 3 3 2 3 3 3 3 3 1 2 4 4 4 4 5 5 5 5 5 5 2 0 0 6 7 7 7]
I; MQ:  3,7645; MV:   22; DT:    6; SOL: [0 4 1 2 2 2 2 2 2 2 2 2 2 2 2 1 1 1 1 2 1 2 2 2 2 1 5 2 1 1 2 1 1 2 2 2 1 2 1 1 3 3 2 3 3 3 3 3 1 2 4 4 4 4 5 5 5 5 5 5 2 0 0 6 7 7 7]

Cycle #19: pfcda_base
S; MQ:  2,1281; MV:    0; DT:    0; SOL: [0 1 1 2 2 2 2 2 2 2 2 2 2 2 2 2 2 2 2 2 2 2 2 2 2 2 2 2 2 2 2 2 2 2 2 2 3 3 3 3 3 3 3 3 3 3 3 3 3 4 4 4 4 4 5 5 5 5 5 5 5 5 5 6 7 7 7]
C; MQ:  3,7110; MV:   19; DT:    0; SOL: [5 1 1 2 2 2 4 2 2 2 2 2 2 2 2 0 0 0 2 2 2 2 2 2 2 0 5 2 0 2 2 2 2 2 2 2 2 2 0 0 3 3 2 3 3 3 3 3 0 4 4 4 1 1 4 5 5 4 5 5 2 5 5 6 7 7 7]
I; MQ:  2,4566; MV:    5; DT:    0; SOL: [0 1 1 2 2 2 2 2 2 2 2 2 2 2 2 2 2 2 2 2 2 2 2 2 2 2 5 2 2 2 2 2 2 2 2 2 2 3 3 2 3 3 3 3 3 3 3 3 3 4 4 4 1 1 5 5 5 5 5 5 5 5 5 6 7 7 7]
I; MQ:  2,9402; MV:    9; DT:    1; SOL: [0 1 1 2 2 2 4 2 2 2 2 2 2 2 2 2 0 0 2 2 2 2 2 2 2 2 5 2 2 2 2 2 2 2 2 2 2 3 0 0 3 3 3 3 3 3 3 3 3 4 4 4 1 1 5 5 5 5 5 5 5 5 5 6 7 7 7]
I; MQ:  3,1793; MV:   13; DT:    2; SOL: [5 1 1 2 2 2 4 4 2 2 2 2 2 2 2 2 0 0 2 2 2 2 2 2 2 0 5 2 2 2 2 2 2 2 2 2 2 3 2 0 3 3 3 3 3 3 3 3 0 4 4 4 1 1 5 5 5 5 5 5 5 5 5 6 7 7 7]
I; MQ:  3,3128; MV:   15; DT:    4; SOL: [5 1 1 2 2 2 4 2 2 2 2 2 2 2 2 0 0 0 2 2 2 2 2 2 2 0 5 2 2 2 2 2 2 2 2 2 2 3 0 0 3 3 3 0 3 3 3 3 0 4 4 4 1 1 4 5 5 5 5 5 5 5 5 6 7 7 7]
I; MQ:  3,7074; MV:   20; DT:    4; SOL: [5 1 1 2 2 2 4 2 2 2 2 2 2 2 2 0 0 0 2 2 2 2 2 2 2 0 5 2 0 2 2 2 2 2 2 2 2 2 0 0 3 3 2 0 3 3 3 3 0 4 4 4 1 1 4 5 5 4 5 5 2 5 5 6 7 7 7]
I; MQ:  3,7110; MV:   19; DT:    5; SOL: [5 1 1 2 2 2 4 2 2 2 2 2 2 2 2 0 0 0 2 2 2 2 2 2 2 0 5 2 0 2 2 2 2 2 2 2 2 2 0 0 3 3 2 3 3 3 3 3 0 4 4 4 1 1 4 5 5 4 5 5 2 5 5 6 7 7 7]

Cycle #20: pfcda_base
S; MQ:  2,1281; MV:    0; DT:    0; SOL: [0 1 1 2 2 2 2 2 2 2 2 2 2 2 2 2 2 2 2 2 2 2 2 2 2 2 2 2 2 2 2 2 2 2 2 2 3 3 3 3 3 3 3 3 3 3 3 3 3 4 4 4 4 4 5 5 5 5 5 5 5 5 5 6 7 7 7]
C; MQ:  3,1743; MV:   16; DT:    0; SOL: [5 4 1 2 2 2 2 2 2 2 2 0 2 2 2 2 2 2 1 2 2 2 2 2 2 2 5 2 2 2 0 2 2 0 2 2 2 0 1 2 3 3 3 1 3 3 3 1 2 2 4 4 4 4 5 5 5 5 5 5 2 5 5 6 7 7 7]
I; MQ:  2,4817; MV:    5; DT:    0; SOL: [5 4 1 2 2 2 2 2 2 2 2 2 2 2 2 2 2 2 2 2 2 2 2 2 2 2 5 2 2 2 2 2 2 2 2 2 3 3 3 2 3 3 3 3 3 3 3 3 3 2 4 4 4 4 5 5 5 5 5 5 5 5 5 6 7 7 7]
I; MQ:  2,8931; MV:   10; DT:    0; SOL: [5 4 1 2 2 2 2 2 2 2 2 2 2 2 2 2 2 2 1 2 2 2 2 2 2 2 5 2 2 2 0 2 2 2 2 2 3 0 1 2 3 3 3 3 3 3 3 3 3 2 4 4 4 4 5 5 5 5 5 5 2 5 5 6 7 7 7]
I; MQ:  3,0632; MV:   15; DT:    0; SOL: [5 4 1 2 2 2 2 2 2 2 2 2 2 2 2 1 2 2 1 2 2 2 2 2 2 2 5 2 2 2 0 2 2 0 2 2 3 0 1 2 3 3 3 1 3 3 3 1 2 2 4 4 4 4 5 5 5 5 5 5 2 5 5 6 7 7 7]
I; MQ:  3,1743; MV:   16; DT:    1; SOL: [5 4 1 2 2 2 2 2 2 2 2 0 2 2 2 2 2 2 1 2 2 2 2 2 2 2 5 2 2 2 0 2 2 0 2 2 2 0 1 2 3 3 3 1 3 3 3 1 2 2 4 4 4 4 5 5 5 5 5 5 2 5 5 6 7 7 7]

Cycle #21: pfcda_base
S; MQ:  2,1281; MV:    0; DT:    0; SOL: [0 1 1 2 2 2 2 2 2 2 2 2 2 2 2 2 2 2 2 2 2 2 2 2 2 2 2 2 2 2 2 2 2 2 2 2 3 3 3 3 3 3 3 3 3 3 3 3 3 4 4 4 4 4 5 5 5 5 5 5 5 5 5 6 7 7 7]
C; MQ:  3,3984; MV:   18; DT:    0; SOL: [5 4 1 2 2 2 1 2 2 2 2 0 2 2 2 2 2 2 2 2 2 2 2 2 2 2 5 2 2 2 0 2 2 0 2 2 2 0 2 2 3 3 0 3 3 3 0 3 2 1 4 4 4 4 1 5 5 1 5 5 2 5 5 6 7 7 7]
I; MQ:  2,5784; MV:    5; DT:    0; SOL: [0 4 1 2 2 2 2 2 2 2 2 2 2 2 2 2 2 2 2 2 2 2 2 2 2 2 2 2 2 2 2 2 2 2 2 2 3 0 2 3 3 3 0 3 3 3 0 3 3 4 4 4 4 4 5 5 5 5 5 5 5 5 5 6 7 7 7]
I; MQ:  2,8885; MV:   10; DT:    0; SOL: [0 4 1 2 2 2 1 2 2 2 2 0 2 2 2 2 2 2 2 2 2 2 2 2 2 2 2 2 2 2 0 2 2 0 2 2 3 0 2 3 3 3 0 3 3 3 0 3 3 1 4 4 4 4 5 5 5 5 5 5 5 5 5 6 7 7 7]
I; MQ:  3,1217; MV:   15; DT:    0; SOL: [5 4 1 2 2 2 1 2 2 2 2 0 2 2 2 2 2 2 2 2 2 2 2 2 2 2 5 2 2 2 0 2 2 0 2 2 3 0 2 2 3 3 0 3 3 3 0 3 3 1 4 4 4 4 1 5 5 5 5 5 0 5 5 6 7 7 7]
I; MQ:  3,3984; MV:   18; DT:    1; SOL: [5 4 1 2 2 2 1 2 2 2 2 0 2 2 2 2 2 2 2 2 2 2 2 2 2 2 5 2 2 2 0 2 2 0 2 2 2 0 2 2 3 3 0 3 3 3 0 3 2 1 4 4 4 4 1 5 5 1 5 5 2 5 5 6 7 7 7]

Cycle #22: pfcda_base
S; MQ:  2,1281; MV:    0; DT:    0; SOL: [0 1 1 2 2 2 2 2 2 2 2 2 2 2 2 2 2 2 2 2 2 2 2 2 2 2 2 2 2 2 2 2 2 2 2 2 3 3 3 3 3 3 3 3 3 3 3 3 3 4 4 4 4 4 5 5 5 5 5 5 5 5 5 6 7 7 7]
C; MQ:  3,8081; MV:   15; DT:    0; SOL: [0 1 1 2 2 2 4 2 2 2 2 2 2 2 2 2 2 2 2 2 2 2 2 2 2 2 5 2 2 2 2 2 2 2 2 2 2 2 2 2 3 3 2 3 3 3 3 3 2 4 4 4 1 1 4 5 5 4 5 5 2 0 0 6 7 7 7]
I; MQ:  3,2471; MV:    5; DT:    0; SOL: [0 1 1 2 2 2 4 2 2 2 2 2 2 2 2 2 2 2 2 2 2 2 2 2 2 2 2 2 2 2 2 2 2 2 2 2 3 3 3 3 3 3 3 3 3 3 3 3 3 4 4 4 1 1 5 5 5 5 5 5 5 0 0 6 7 7 7]
I; MQ:  3,5769; MV:   10; DT:    0; SOL: [0 1 1 2 2 2 4 2 2 2 2 2 2 2 2 2 2 2 2 2 2 2 2 2 2 2 2 2 2 2 2 2 2 2 2 2 3 3 2 2 3 3 3 3 3 3 3 3 3 4 4 4 1 1 4 5 5 4 5 5 2 0 0 6 7 7 7]
I; MQ:  3,8081; MV:   15; DT:    0; SOL: [0 1 1 2 2 2 4 2 2 2 2 2 2 2 2 2 2 2 2 2 2 2 2 2 2 2 5 2 2 2 2 2 2 2 2 2 2 2 2 2 3 3 2 3 3 3 3 3 2 4 4 4 1 1 4 5 5 4 5 5 2 0 0 6 7 7 7]

Cycle #23: pfcda_base
S; MQ:  2,1281; MV:    0; DT:    0; SOL: [0 1 1 2 2 2 2 2 2 2 2 2 2 2 2 2 2 2 2 2 2 2 2 2 2 2 2 2 2 2 2 2 2 2 2 2 3 3 3 3 3 3 3 3 3 3 3 3 3 4 4 4 4 4 5 5 5 5 5 5 5 5 5 6 7 7 7]
C; MQ:  3,7110; MV:   19; DT:    0; SOL: [5 4 1 2 2 2 0 2 2 2 2 2 2 2 2 1 1 1 2 2 2 2 2 2 2 1 5 2 1 2 2 2 2 2 2 2 2 2 1 1 3 3 2 3 3 3 3 3 1 0 4 4 4 4 0 5 5 0 5 5 2 5 5 6 7 7 7]
I; MQ:  2,6149; MV:    5; DT:    0; SOL: [1 4 1 2 2 2 0 2 2 2 2 2 2 2 2 2 2 2 2 2 2 2 2 2 2 2 5 2 2 2 2 2 2 2 2 2 3 3 3 3 3 3 3 3 3 3 3 3 3 0 4 4 4 4 5 5 5 5 5 5 5 5 5 6 7 7 7]
I; MQ:  3,0000; MV:    9; DT:    1; SOL: [5 4 1 2 2 2 0 2 2 2 2 2 2 2 2 2 1 2 2 2 2 2 2 2 2 2 5 2 2 2 2 2 2 2 2 2 2 3 3 1 3 3 3 3 3 3 3 3 1 0 4 4 4 4 5 5 5 5 5 5 5 5 5 6 7 7 7]
I; MQ:  3,1992; MV:   14; DT:    1; SOL: [5 4 1 2 2 2 0 0 2 2 2 2 2 2 2 1 1 1 2 2 2 2 2 2 2 1 5 2 2 2 2 2 2 2 2 2 2 3 3 1 3 3 3 3 3 3 3 3 1 0 4 4 4 4 5 5 5 5 5 5 2 5 5 6 7 7 7]
I; MQ:  3,6155; MV:   17; DT:    2; SOL: [5 4 1 2 2 2 0 2 2 2 2 2 2 2 2 1 1 1 2 2 2 2 2 2 2 1 5 2 1 2 2 2 2 2 2 2 2 3 1 1 3 3 3 3 3 3 3 3 1 0 4 4 4 4 0 5 5 0 5 5 2 5 5 6 7 7 7]
I; MQ:  3,7110; MV:   19; DT:    2; SOL: [5 4 1 2 2 2 0 2 2 2 2 2 2 2 2 1 1 1 2 2 2 2 2 2 2 1 5 2 1 2 2 2 2 2 2 2 2 2 1 1 3 3 2 3 3 3 3 3 1 0 4 4 4 4 0 5 5 0 5 5 2 5 5 6 7 7 7]

Cycle #24: pfcda_base
S; MQ:  2,1281; MV:    0; DT:    0; SOL: [0 1 1 2 2 2 2 2 2 2 2 2 2 2 2 2 2 2 2 2 2 2 2 2 2 2 2 2 2 2 2 2 2 2 2 2 3 3 3 3 3 3 3 3 3 3 3 3 3 4 4 4 4 4 5 5 5 5 5 5 5 5 5 6 7 7 7]
C; MQ:  3,5774; MV:   14; DT:    0; SOL: [0 4 1 2 2 2 2 2 2 2 2 2 2 2 2 2 2 2 2 2 2 2 2 2 2 2 5 2 2 2 2 1 2 2 2 2 1 2 2 2 3 1 3 3 3 1 3 3 2 2 4 4 4 4 5 5 5 5 5 5 2 0 0 6 7 7 7]
I; MQ:  2,5372; MV:    5; DT:    0; SOL: [0 4 1 2 2 2 2 2 2 2 2 2 2 2 2 2 2 2 2 2 2 2 2 2 2 2 2 2 2 2 2 0 2 2 2 2 0 3 3 3 3 0 3 3 3 3 3 3 3 4 4 4 4 4 5 5 5 5 5 5 2 5 5 6 7 7 7]
I; MQ:  2,6986; MV:    7; DT:    2; SOL: [0 4 1 2 2 2 2 2 2 2 2 2 2 2 2 2 2 2 2 2 2 2 2 2 2 2 5 2 2 2 2 2 2 2 2 2 1 3 3 3 3 0 3 3 3 0 3 3 3 4 4 4 4 4 5 5 5 5 5 5 2 5 0 6 7 7 7]
I; MQ:  3,1821; MV:   10; DT:    5; SOL: [0 4 1 2 2 2 2 2 2 2 2 2 2 2 2 2 2 2 2 2 2 2 2 2 2 2 5 2 2 2 2 1 2 2 2 2 1 3 2 2 3 1 3 3 3 1 3 3 3 4 4 4 4 4 5 5 5 5 5 5 2 5 0 6 7 7 7]
I; MQ:  3,5774; MV:   14; DT:    5; SOL: [0 4 1 2 2 2 2 2 2 2 2 2 2 2 2 2 2 2 2 2 2 2 2 2 2 2 5 2 2 2 2 1 2 2 2 2 1 2 2 2 3 1 3 3 3 1 3 3 2 2 4 4 4 4 5 5 5 5 5 5 2 0 0 6 7 7 7]

Cycle #25: pfcda_base
S; MQ:  2,1281; MV:    0; DT:    0; SOL: [0 1 1 2 2 2 2 2 2 2 2 2 2 2 2 2 2 2 2 2 2 2 2 2 2 2 2 2 2 2 2 2 2 2 2 2 3 3 3 3 3 3 3 3 3 3 3 3 3 4 4 4 4 4 5 5 5 5 5 5 5 5 5 6 7 7 7]
C; MQ:  3,8949; MV:   17; DT:    0; SOL: [0 4 1 2 2 2 2 2 2 2 2 2 2 2 2 1 1 1 2 2 2 2 2 2 2 1 5 2 1 2 2 2 2 2 2 2 2 2 1 1 3 3 2 3 3 3 3 3 1 2 4 4 4 4 5 5 5 5 5 5 2 0 0 6 7 7 7]
I; MQ:  2,9072; MV:    5; DT:    0; SOL: [0 4 1 2 2 2 2 2 2 2 2 2 2 2 2 2 2 2 2 2 2 2 2 2 2 2 2 2 2 2 2 2 2 2 2 2 2 3 2 3 3 3 3 3 3 3 3 3 3 1 4 4 4 4 5 5 5 5 5 5 5 5 0 6 7 7 7]
I; MQ:  3,2191; MV:    9; DT:    1; SOL: [0 4 1 2 2 2 2 2 2 2 2 2 2 2 2 2 2 2 2 2 2 2 2 2 2 2 5 2 1 2 2 2 2 2 2 2 2 3 2 1 3 3 3 3 3 3 3 3 1 2 4 4 4 4 5 5 5 5 5 5 5 5 0 6 7 7 7]
I; MQ:  3,4912; MV:   14; DT:    1; SOL: [0 4 1 2 2 2 2 2 2 2 2 2 2 2 2 2 1 1 2 2 2 2 2 2 2 2 5 2 1 1 2 2 2 2 2 2 2 2 2 1 3 3 2 3 3 3 3 3 1 2 4 4 4 4 5 5 5 5 5 5 5 5 0 6 7 7 7]
I; MQ:  3,6631; MV:   16; DT:    3; SOL: [0 4 1 2 2 2 2 2 2 2 2 2 2 2 2 1 1 1 2 2 2 2 2 2 2 1 5 2 1 2 2 2 2 2 2 2 2 2 1 1 3 3 2 3 3 3 3 3 1 2 4 4 4 4 5 5 5 5 5 5 1 5 0 6 7 7 7]
I; MQ:  3,8949; MV:   17; DT:    4; SOL: [0 4 1 2 2 2 2 2 2 2 2 2 2 2 2 1 1 1 2 2 2 2 2 2 2 1 5 2 1 2 2 2 2 2 2 2 2 2 1 1 3 3 2 3 3 3 3 3 1 2 4 4 4 4 5 5 5 5 5 5 2 0 0 6 7 7 7]

Cycle #26: pfcda_base
S; MQ:  2,1281; MV:    0; DT:    0; SOL: [0 1 1 2 2 2 2 2 2 2 2 2 2 2 2 2 2 2 2 2 2 2 2 2 2 2 2 2 2 2 2 2 2 2 2 2 3 3 3 3 3 3 3 3 3 3 3 3 3 4 4 4 4 4 5 5 5 5 5 5 5 5 5 6 7 7 7]
C; MQ:  3,5889; MV:   14; DT:    0; SOL: [0 4 1 2 2 2 2 2 2 2 2 2 2 2 2 2 2 2 1 2 2 2 2 2 2 2 5 2 2 2 2 2 2 2 2 2 2 2 1 2 3 3 3 1 3 3 3 1 2 2 4 4 4 4 5 5 5 5 5 5 2 0 0 6 7 7 7]
I; MQ:  2,4913; MV:    5; DT:    0; SOL: [0 1 1 2 2 2 2 2 2 2 2 2 2 2 2 2 2 2 0 2 2 2 2 2 2 2 5 2 2 2 2 2 2 2 2 2 3 3 0 3 3 3 3 3 3 3 3 3 3 2 4 4 4 4 5 5 5 5 5 5 5 5 0 6 7 7 7]
I; MQ:  3,1621; MV:    8; DT:    2; SOL: [0 1 1 2 2 2 2 2 2 2 2 2 2 2 2 2 2 2 1 2 2 2 2 2 2 2 5 2 2 2 2 2 2 2 2 2 3 2 1 2 3 3 3 3 3 3 3 3 3 2 4 4 4 4 5 5 5 5 5 5 5 0 0 6 7 7 7]
I; MQ:  3,5591; MV:   13; DT:    2; SOL: [0 4 1 2 2 2 2 2 2 2 2 2 2 2 2 2 2 2 1 2 2 2 2 2 2 2 5 2 2 2 2 2 2 2 2 2 2 2 1 2 3 3 3 1 3 3 3 1 2 2 4 4 4 4 5 5 5 5 5 5 5 0 0 6 7 7 7]
I; MQ:  3,5889; MV:   14; DT:    2; SOL: [0 4 1 2 2 2 2 2 2 2 2 2 2 2 2 2 2 2 1 2 2 2 2 2 2 2 5 2 2 2 2 2 2 2 2 2 2 2 1 2 3 3 3 1 3 3 3 1 2 2 4 4 4 4 5 5 5 5 5 5 2 0 0 6 7 7 7]

Cycle #27: pfcda_base
S; MQ:  2,1281; MV:    0; DT:    0; SOL: [0 1 1 2 2 2 2 2 2 2 2 2 2 2 2 2 2 2 2 2 2 2 2 2 2 2 2 2 2 2 2 2 2 2 2 2 3 3 3 3 3 3 3 3 3 3 3 3 3 4 4 4 4 4 5 5 5 5 5 5 5 5 5 6 7 7 7]
C; MQ:  3,4085; MV:   16; DT:    0; SOL: [5 1 1 2 2 2 4 2 2 2 2 2 2 2 2 2 2 2 0 2 2 2 2 2 2 2 5 2 2 2 2 2 2 2 2 2 2 2 0 2 3 3 3 0 3 3 3 0 2 4 4 4 1 1 4 5 5 4 5 5 2 5 5 6 7 7 7]
I; MQ:  2,4226; MV:    5; DT:    0; SOL: [0 1 1 2 2 2 2 2 2 2 2 2 2 2 2 2 2 2 2 2 2 2 2 2 2 2 2 2 2 2 2 2 2 2 2 2 1 3 0 3 3 3 3 0 3 3 3 0 3 4 4 4 4 4 5 5 5 5 5 5 2 5 5 6 7 7 7]
I; MQ:  2,7163; MV:    9; DT:    1; SOL: [0 1 1 2 2 2 2 2 2 2 2 2 2 2 2 2 2 2 2 2 2 2 2 2 2 2 2 2 2 2 2 2 2 2 2 2 2 3 0 2 3 3 3 0 3 3 3 0 2 4 4 4 1 1 5 5 5 5 5 5 2 5 5 6 7 7 7]
I; MQ:  3,1699; MV:   14; DT:    1; SOL: [5 1 1 2 2 2 4 4 2 2 2 2 2 2 2 2 2 2 2 2 2 2 2 2 2 2 5 2 2 2 2 2 2 2 2 2 2 2 0 2 3 3 3 0 3 3 3 0 2 4 4 4 1 1 5 5 5 5 5 5 2 5 5 6 7 7 7]
I; MQ:  3,4085; MV:   16; DT:    2; SOL: [5 1 1 2 2 2 4 2 2 2 2 2 2 2 2 2 2 2 0 2 2 2 2 2 2 2 5 2 2 2 2 2 2 2 2 2 2 2 0 2 3 3 3 0 3 3 3 0 2 4 4 4 1 1 4 5 5 4 5 5 2 5 5 6 7 7 7]

Cycle #28: pfcda_base
S; MQ:  2,1281; MV:    0; DT:    0; SOL: [0 1 1 2 2 2 2 2 2 2 2 2 2 2 2 2 2 2 2 2 2 2 2 2 2 2 2 2 2 2 2 2 2 2 2 2 3 3 3 3 3 3 3 3 3 3 3 3 3 4 4 4 4 4 5 5 5 5 5 5 5 5 5 6 7 7 7]
C; MQ:  3,7110; MV:   19; DT:    0; SOL: [5 1 1 2 2 2 4 2 2 2 2 2 2 2 2 0 0 0 2 2 2 2 2 2 2 0 5 2 0 2 2 2 2 2 2 2 2 2 0 0 3 3 2 3 3 3 3 3 0 4 4 4 1 1 4 5 5 4 5 5 2 5 5 6 7 7 7]
I; MQ:  2,5276; MV:    5; DT:    0; SOL: [0 1 1 2 2 2 2 2 2 2 2 2 2 2 2 2 0 0 2 2 2 2 2 2 2 2 5 2 2 2 2 2 2 2 2 2 3 3 3 0 3 3 3 3 3 3 3 3 0 4 4 4 4 4 5 5 5 5 5 5 5 5 5 6 7 7 7]
I; MQ:  2,8876; MV:   10; DT:    0; SOL: [0 1 1 2 2 2 2 2 2 2 2 2 2 2 2 0 0 0 2 2 2 2 2 2 2 0 5 2 2 2 2 2 2 2 2 2 3 3 0 0 3 3 3 3 3 3 3 3 0 4 4 4 1 1 5 5 5 5 5 5 5 5 5 6 7 7 7]
I; MQ:  3,3662; MV:   15; DT:    0; SOL: [5 1 1 2 2 2 4 2 2 2 2 2 2 2 2 0 0 0 2 2 2 2 2 2 2 0 5 2 0 2 2 2 2 2 2 2 2 3 0 0 3 3 3 3 3 3 3 3 0 4 4 4 1 1 5 5 5 5 5 5 2 5 5 6 7 7 7]
I; MQ:  3,7110; MV:   19; DT:    0; SOL: [5 1 1 2 2 2 4 2 2 2 2 2 2 2 2 0 0 0 2 2 2 2 2 2 2 0 5 2 0 2 2 2 2 2 2 2 2 2 0 0 3 3 2 3 3 3 3 3 0 4 4 4 1 1 4 5 5 4 5 5 2 5 5 6 7 7 7]

Cycle #29: pfcda_base
S; MQ:  2,1281; MV:    0; DT:    0; SOL: [0 1 1 2 2 2 2 2 2 2 2 2 2 2 2 2 2 2 2 2 2 2 2 2 2 2 2 2 2 2 2 2 2 2 2 2 3 3 3 3 3 3 3 3 3 3 3 3 3 4 4 4 4 4 5 5 5 5 5 5 5 5 5 6 7 7 7]
C; MQ:  3,7110; MV:   19; DT:    0; SOL: [5 1 1 2 2 2 4 2 2 2 2 2 2 2 2 0 0 0 2 2 2 2 2 2 2 0 5 2 0 2 2 2 2 2 2 2 2 2 0 0 3 3 2 3 3 3 3 3 0 4 4 4 1 1 4 5 5 4 5 5 2 5 5 6 7 7 7]
I; MQ:  2,4422; MV:    5; DT:    0; SOL: [0 1 1 2 2 2 2 2 2 2 2 2 2 2 2 2 2 2 2 2 2 2 2 2 2 2 2 2 2 2 2 2 2 2 2 2 3 2 3 0 3 3 3 3 3 3 3 3 3 4 4 4 1 1 5 5 5 5 5 5 2 5 5 6 7 7 7]
I; MQ:  2,7548; MV:    9; DT:    1; SOL: [5 1 1 2 2 2 2 2 2 2 2 2 2 2 2 2 2 2 0 2 2 2 2 2 2 2 5 2 2 2 2 2 2 2 2 2 3 2 0 2 3 3 3 3 3 3 3 3 3 4 4 4 1 1 5 5 5 5 5 5 2 5 5 6 7 7 7]
I; MQ:  2,9733; MV:   11; DT:    3; SOL: [5 1 1 2 2 2 2 2 2 2 2 2 2 2 2 0 0 0 2 2 2 2 2 2 2 2 5 2 2 2 2 2 2 2 2 2 3 2 0 0 3 3 3 3 3 3 3 3 3 4 4 4 1 1 5 5 5 5 5 5 2 5 5 6 7 7 7]
I; MQ:  3,5072; MV:   16; DT:    3; SOL: [5 1 1 2 2 2 4 2 2 2 2 2 2 2 2 0 0 0 2 2 2 2 2 2 2 0 5 2 2 2 2 2 2 2 2 2 3 2 0 0 3 3 3 3 3 3 3 3 0 4 4 4 1 1 4 5 5 4 5 5 2 5 5 6 7 7 7]
I; MQ:  3,7110; MV:   19; DT:    3; SOL: [5 1 1 2 2 2 4 2 2 2 2 2 2 2 2 0 0 0 2 2 2 2 2 2 2 0 5 2 0 2 2 2 2 2 2 2 2 2 0 0 3 3 2 3 3 3 3 3 0 4 4 4 1 1 4 5 5 4 5 5 2 5 5 6 7 7 7]
