seemp (31 classes; 9 packages; 61 deps)

Cycle #0: seemp
S; MQ:  2,1998; MV:    0; DT:    0; SOL: [0 1 1 2 2 3 3 4 4 4 5 5 5 6 6 6 7 7 7 8 8 8 8 8 8 8 8 8 8 8 8]
C; MQ:  4,4726; MV:   13; DT:    0; SOL: [2 6 1 2 2 2 2 6 4 4 5 5 5 0 6 6 1 4 4 8 3 8 8 8 8 3 3 0 8 8 8]
I; MQ:  2,7987; MV:    5; DT:    0; SOL: [0 2 1 2 2 0 3 6 4 4 5 5 5 1 6 6 7 4 7 8 8 8 8 8 8 8 8 8 8 8 8]
I; MQ:  3,1238; MV:    8; DT:    1; SOL: [0 2 1 2 2 0 4 6 4 4 5 5 5 6 6 6 1 4 1 8 8 8 8 8 8 8 7 8 8 8 8]
I; MQ:  3,9005; MV:   10; DT:    4; SOL: [2 6 1 2 2 2 4 6 4 4 5 5 5 6 6 6 1 4 1 8 8 8 8 8 8 3 3 8 8 8 8]
I; MQ:  4,1393; MV:   13; DT:    7; SOL: [2 6 1 2 2 2 2 6 4 4 5 5 5 0 6 6 1 4 4 8 1 8 8 8 8 3 3 0 8 8 8]
I; MQ:  4,4726; MV:   13; DT:    8; SOL: [2 6 1 2 2 2 2 6 4 4 5 5 5 0 6 6 1 4 4 8 3 8 8 8 8 3 3 0 8 8 8]

Cycle #1: seemp
S; MQ:  2,1998; MV:    0; DT:    0; SOL: [0 1 1 2 2 3 3 4 4 4 5 5 5 6 6 6 7 7 7 8 8 8 8 8 8 8 8 8 8 8 8]
C; MQ:  3,7463; MV:    9; DT:    0; SOL: [0 0 7 4 2 4 2 6 7 4 5 5 5 1 6 6 7 7 7 8 8 8 8 8 8 8 8 1 8 8 8]
I; MQ:  3,0176; MV:    5; DT:    0; SOL: [0 1 1 0 2 0 3 4 3 4 5 5 5 4 6 6 7 7 7 8 8 8 8 8 8 8 8 1 8 8 8]
I; MQ:  3,4949; MV:    7; DT:    3; SOL: [0 1 0 0 2 4 2 4 7 4 5 5 5 1 6 6 7 7 7 8 8 8 8 8 8 8 8 1 8 8 8]
I; MQ:  3,7463; MV:    9; DT:    5; SOL: [0 0 7 4 2 4 2 6 7 4 5 5 5 1 6 6 7 7 7 8 8 8 8 8 8 8 8 1 8 8 8]

Cycle #2: seemp
S; MQ:  2,1998; MV:    0; DT:    0; SOL: [0 1 1 2 2 3 3 4 4 4 5 5 5 6 6 6 7 7 7 8 8 8 8 8 8 8 8 8 8 8 8]
C; MQ:  3,7822; MV:   10; DT:    0; SOL: [2 6 4 3 2 3 2 6 7 4 5 5 5 0 6 6 4 7 7 8 8 8 8 8 8 8 8 0 8 8 8]
I; MQ:  3,0335; MV:    5; DT:    0; SOL: [1 1 1 3 2 3 2 4 4 4 5 5 5 6 4 6 4 7 7 8 8 8 8 8 8 8 8 8 8 8 8]
I; MQ:  3,3353; MV:    7; DT:    2; SOL: [2 1 1 3 2 3 2 6 4 4 5 5 5 1 6 6 4 7 7 8 8 8 8 8 8 8 8 0 8 8 8]
I; MQ:  3,7822; MV:   10; DT:    3; SOL: [2 6 4 3 2 3 2 6 7 4 5 5 5 0 6 6 4 7 7 8 8 8 8 8 8 8 8 0 8 8 8]

Cycle #3: seemp
S; MQ:  2,1998; MV:    0; DT:    0; SOL: [0 1 1 2 2 3 3 4 4 4 5 5 5 6 6 6 7 7 7 8 8 8 8 8 8 8 8 8 8 8 8]
C; MQ:  3,8138; MV:   10; DT:    0; SOL: [2 6 1 2 1 2 1 6 1 4 5 5 5 6 6 6 7 3 3 8 8 8 8 8 8 8 8 7 8 8 8]
I; MQ:  2,8657; MV:    5; DT:    0; SOL: [0 1 1 2 2 0 3 6 3 4 5 5 5 6 6 6 7 3 7 8 8 8 8 8 8 8 8 0 8 8 8]
I; MQ:  3,3196; MV:    8; DT:    2; SOL: [0 0 1 2 2 0 2 6 1 4 5 5 5 6 6 6 7 3 3 8 8 8 8 8 8 8 8 7 8 8 8]
I; MQ:  3,7010; MV:   10; DT:    5; SOL: [2 6 1 2 1 2 2 6 3 4 5 5 5 6 6 6 7 3 3 8 8 8 8 8 8 8 8 7 8 8 8]
I; MQ:  3,8138; MV:   10; DT:    7; SOL: [2 6 1 2 1 2 1 6 1 4 5 5 5 6 6 6 7 3 3 8 8 8 8 8 8 8 8 7 8 8 8]

Cycle #4: seemp
S; MQ:  2,1998; MV:    0; DT:    0; SOL: [0 1 1 2 2 3 3 4 4 4 5 5 5 6 6 6 7 7 7 8 8 8 8 8 8 8 8 8 8 8 8]
C; MQ:  3,6393; MV:   11; DT:    0; SOL: [2 6 3 2 2 2 2 4 3 4 5 5 5 6 4 4 7 3 3 8 8 8 8 8 8 8 8 7 8 8 8]
I; MQ:  3,1297; MV:    5; DT:    0; SOL: [3 1 2 2 2 4 3 4 7 4 5 5 5 6 6 6 7 7 7 8 8 8 8 8 8 8 8 6 8 8 8]
I; MQ:  3,3039; MV:    7; DT:    3; SOL: [2 1 7 2 2 4 3 4 3 4 5 5 5 6 4 6 7 3 7 8 8 8 8 8 8 8 8 6 8 8 8]
I; MQ:  3,5856; MV:   10; DT:    5; SOL: [2 6 7 2 2 2 2 4 3 4 5 5 5 6 4 6 7 3 3 8 8 8 8 8 8 8 8 7 8 8 8]
I; MQ:  3,6393; MV:   11; DT:    6; SOL: [2 6 3 2 2 2 2 4 3 4 5 5 5 6 4 4 7 3 3 8 8 8 8 8 8 8 8 7 8 8 8]

Cycle #5: seemp
S; MQ:  2,1998; MV:    0; DT:    0; SOL: [0 1 1 2 2 3 3 4 4 4 5 5 5 6 6 6 7 7 7 8 8 8 8 8 8 8 8 8 8 8 8]
C; MQ:  3,7822; MV:   13; DT:    0; SOL: [4 6 7 4 0 4 0 6 2 4 5 5 5 1 6 6 7 2 2 8 8 8 8 8 8 8 8 1 8 8 8]
I; MQ:  3,0099; MV:    5; DT:    0; SOL: [0 1 2 0 2 0 3 4 4 4 5 5 5 1 6 6 7 4 7 8 8 8 8 8 8 8 8 8 8 8 8]
I; MQ:  3,3976; MV:    8; DT:    2; SOL: [0 0 7 0 2 0 3 4 2 4 5 5 5 1 6 6 7 2 7 8 8 8 8 8 8 8 8 1 8 8 8]
I; MQ:  3,6334; MV:   10; DT:    5; SOL: [0 6 7 4 2 4 0 6 2 4 5 5 5 1 6 6 7 2 7 8 8 8 8 8 8 8 8 1 8 8 8]
I; MQ:  3,7822; MV:   13; DT:    5; SOL: [4 6 7 4 0 4 0 6 2 4 5 5 5 1 6 6 7 2 2 8 8 8 8 8 8 8 8 1 8 8 8]

Cycle #6: seemp
S; MQ:  2,1998; MV:    0; DT:    0; SOL: [0 1 1 2 2 3 3 4 4 4 5 5 5 6 6 6 7 7 7 8 8 8 8 8 8 8 8 8 8 8 8]
C; MQ:  3,7822; MV:   10; DT:    0; SOL: [3 3 1 3 4 3 4 6 7 4 5 5 5 0 6 6 1 7 7 8 8 8 8 8 8 8 8 0 8 8 8]
I; MQ:  2,8402; MV:    5; DT:    0; SOL: [3 1 1 1 3 3 3 4 4 4 5 5 5 6 4 6 1 7 7 8 8 8 8 8 8 8 8 8 8 8 8]
I; MQ:  3,3842; MV:    6; DT:    3; SOL: [3 1 1 3 4 3 4 6 4 4 5 5 5 6 6 6 1 7 7 8 8 8 8 8 8 8 8 8 8 8 8]
I; MQ:  3,5716; MV:    9; DT:    4; SOL: [0 0 1 3 4 3 4 6 7 4 5 5 5 0 6 6 1 7 7 8 8 8 8 8 8 8 8 0 8 8 8]
I; MQ:  3,7822; MV:   10; DT:    6; SOL: [3 3 1 3 4 3 4 6 7 4 5 5 5 0 6 6 1 7 7 8 8 8 8 8 8 8 8 0 8 8 8]

Cycle #7: seemp
S; MQ:  2,1998; MV:    0; DT:    0; SOL: [0 1 1 2 2 3 3 4 4 4 5 5 5 6 6 6 7 7 7 8 8 8 8 8 8 8 8 8 8 8 8]
C; MQ:  3,7822; MV:   11; DT:    0; SOL: [0 6 7 0 3 0 3 2 7 4 5 5 5 6 2 2 4 7 7 8 8 8 8 8 8 8 8 4 8 8 8]
I; MQ:  2,7183; MV:    5; DT:    0; SOL: [0 1 1 2 3 3 3 2 4 4 5 5 5 6 4 6 1 7 7 8 8 8 8 8 8 8 8 6 8 8 8]
I; MQ:  3,4235; MV:    8; DT:    2; SOL: [1 1 1 0 3 0 3 2 4 4 5 5 5 6 2 6 4 7 7 8 8 8 8 8 8 8 8 6 8 8 8]
I; MQ:  3,7786; MV:   10; DT:    4; SOL: [0 6 7 0 3 0 3 2 7 4 5 5 5 6 2 6 4 7 7 8 8 8 8 8 8 8 8 4 8 8 8]
I; MQ:  3,7822; MV:   11; DT:    4; SOL: [0 6 7 0 3 0 3 2 7 4 5 5 5 6 2 2 4 7 7 8 8 8 8 8 8 8 8 4 8 8 8]

Cycle #8: seemp
S; MQ:  2,1998; MV:    0; DT:    0; SOL: [0 1 1 2 2 3 3 4 4 4 5 5 5 6 6 6 7 7 7 8 8 8 8 8 8 8 8 8 8 8 8]
C; MQ:  3,7463; MV:    8; DT:    0; SOL: [0 6 0 2 3 2 3 6 7 4 5 5 5 6 6 6 1 7 7 8 8 8 8 8 8 8 8 1 8 8 8]
I; MQ:  3,0294; MV:    5; DT:    0; SOL: [0 0 1 2 0 4 3 4 3 4 5 5 5 6 6 6 7 7 7 8 8 8 8 8 8 8 8 6 8 8 8]
I; MQ:  3,4091; MV:    6; DT:    4; SOL: [0 4 1 2 3 2 3 4 7 4 5 5 5 6 6 6 1 7 7 8 8 8 8 8 8 8 8 6 8 8 8]
I; MQ:  3,7463; MV:    8; DT:    6; SOL: [0 6 0 2 3 2 3 6 7 4 5 5 5 6 6 6 1 7 7 8 8 8 8 8 8 8 8 1 8 8 8]

Cycle #9: seemp
S; MQ:  2,1998; MV:    0; DT:    0; SOL: [0 1 1 2 2 3 3 4 4 4 5 5 5 6 6 6 7 7 7 8 8 8 8 8 8 8 8 8 8 8 8]
C; MQ:  3,7822; MV:   11; DT:    0; SOL: [2 6 7 2 0 2 0 4 7 4 5 5 5 6 4 4 1 7 7 8 8 8 8 8 8 8 8 1 8 8 8]
I; MQ:  2,9115; MV:    5; DT:    0; SOL: [0 0 1 2 2 3 0 4 7 4 5 5 5 6 4 6 1 7 7 8 8 8 8 8 8 8 8 8 8 8 8]
I; MQ:  3,1955; MV:    8; DT:    2; SOL: [2 6 1 2 2 3 0 3 0 4 5 5 5 6 4 4 1 7 7 8 8 8 8 8 8 8 8 8 8 8 8]
I; MQ:  3,6036; MV:   12; DT:    3; SOL: [2 6 7 2 0 2 0 3 7 4 5 5 5 6 4 4 1 7 7 8 8 8 8 8 8 8 8 1 8 8 8]
I; MQ:  3,7822; MV:   11; DT:    4; SOL: [2 6 7 2 0 2 0 4 7 4 5 5 5 6 4 4 1 7 7 8 8 8 8 8 8 8 8 1 8 8 8]

Cycle #10: seemp
S; MQ:  2,1998; MV:    0; DT:    0; SOL: [0 1 1 2 2 3 3 4 4 4 5 5 5 6 6 6 7 7 7 8 8 8 8 8 8 8 8 8 8 8 8]
C; MQ:  3,7757; MV:    9; DT:    0; SOL: [3 4 1 4 3 4 3 4 7 4 5 5 5 0 6 6 1 7 7 8 8 8 8 8 8 8 8 0 8 8 8]
I; MQ:  2,8832; MV:    5; DT:    0; SOL: [3 1 1 3 1 3 3 4 4 4 5 5 5 4 6 6 1 7 7 8 8 8 8 8 8 8 8 8 8 8 8]
I; MQ:  3,2562; MV:    7; DT:    3; SOL: [3 0 1 4 3 3 3 4 4 4 5 5 5 0 6 6 1 7 7 8 8 8 8 8 8 8 8 0 8 8 8]
I; MQ:  3,7757; MV:    9; DT:    4; SOL: [3 4 1 4 3 4 3 4 7 4 5 5 5 0 6 6 1 7 7 8 8 8 8 8 8 8 8 0 8 8 8]

Cycle #11: seemp
S; MQ:  2,1998; MV:    0; DT:    0; SOL: [0 1 1 2 2 3 3 4 4 4 5 5 5 6 6 6 7 7 7 8 8 8 8 8 8 8 8 8 8 8 8]
C; MQ:  3,7082; MV:   11; DT:    0; SOL: [1 6 1 2 4 2 4 3 7 4 5 5 5 6 3 3 0 7 7 8 8 8 8 8 8 8 8 0 8 8 8]
I; MQ:  2,8035; MV:    5; DT:    0; SOL: [2 0 1 2 2 3 2 4 4 4 5 5 5 6 4 6 1 7 7 8 8 8 8 8 8 8 8 8 8 8 8]
I; MQ:  3,3261; MV:    7; DT:    3; SOL: [2 6 1 2 2 2 4 3 4 4 5 5 5 6 3 6 1 7 7 8 8 8 8 8 8 8 8 8 8 8 8]
I; MQ:  3,7047; MV:   10; DT:    5; SOL: [1 6 1 2 4 2 4 3 7 4 5 5 5 6 3 6 0 7 7 8 8 8 8 8 8 8 8 0 8 8 8]
I; MQ:  3,7082; MV:   11; DT:    5; SOL: [1 6 1 2 4 2 4 3 7 4 5 5 5 6 3 3 0 7 7 8 8 8 8 8 8 8 8 0 8 8 8]

Cycle #12: seemp
S; MQ:  2,1998; MV:    0; DT:    0; SOL: [0 1 1 2 2 3 3 4 4 4 5 5 5 6 6 6 7 7 7 8 8 8 8 8 8 8 8 8 8 8 8]
C; MQ:  3,6817; MV:   12; DT:    0; SOL: [3 6 2 1 3 1 3 1 7 4 5 5 5 6 1 6 0 7 2 8 8 8 8 8 8 8 8 0 8 8 8]
I; MQ:  3,0643; MV:    5; DT:    0; SOL: [2 1 2 2 2 2 3 6 4 4 5 5 5 6 6 6 4 7 7 8 8 8 8 8 8 8 8 8 8 8 8]
I; MQ:  3,3081; MV:    7; DT:    3; SOL: [3 1 2 1 3 1 3 1 4 4 5 5 5 6 6 6 4 7 7 8 8 8 8 8 8 8 8 8 8 8 8]
I; MQ:  3,5927; MV:   11; DT:    4; SOL: [3 6 2 1 3 1 3 1 7 4 5 5 5 6 1 6 2 7 7 8 8 8 8 8 8 8 8 0 8 8 8]
I; MQ:  3,6817; MV:   12; DT:    5; SOL: [3 6 2 1 3 1 3 1 7 4 5 5 5 6 1 6 0 7 2 8 8 8 8 8 8 8 8 0 8 8 8]

Cycle #13: seemp
S; MQ:  2,1998; MV:    0; DT:    0; SOL: [0 1 1 2 2 3 3 4 4 4 5 5 5 6 6 6 7 7 7 8 8 8 8 8 8 8 8 8 8 8 8]
C; MQ:  3,8203; MV:   10; DT:    0; SOL: [2 6 7 2 0 2 0 6 7 4 5 5 5 1 6 6 7 7 7 8 8 8 8 8 8 8 8 1 8 8 8]
I; MQ:  3,0503; MV:    5; DT:    0; SOL: [2 1 7 2 2 2 2 4 4 4 5 5 5 1 6 6 7 7 7 8 8 8 8 8 8 8 8 8 8 8 8]
I; MQ:  3,3017; MV:    7; DT:    3; SOL: [2 1 0 2 0 4 0 4 0 4 5 5 5 1 6 6 7 7 7 8 8 8 8 8 8 8 8 8 8 8 8]
I; MQ:  3,5904; MV:    7; DT:    7; SOL: [0 1 7 2 0 2 0 1 7 4 5 5 5 1 6 6 7 7 7 8 8 8 8 8 8 8 8 8 8 8 8]
I; MQ:  3,8203; MV:   10; DT:    9; SOL: [2 6 7 2 0 2 0 6 7 4 5 5 5 1 6 6 7 7 7 8 8 8 8 8 8 8 8 1 8 8 8]

Cycle #14: seemp
S; MQ:  2,1998; MV:    0; DT:    0; SOL: [0 1 1 2 2 3 3 4 4 4 5 5 5 6 6 6 7 7 7 8 8 8 8 8 8 8 8 8 8 8 8]
C; MQ:  3,7463; MV:    9; DT:    0; SOL: [1 6 1 2 4 2 4 6 7 4 5 5 5 6 6 6 0 7 7 8 8 8 8 8 8 8 8 0 8 8 8]
I; MQ:  2,7567; MV:    5; DT:    0; SOL: [2 2 1 2 2 2 3 4 4 4 5 5 5 6 6 6 1 4 7 8 8 8 8 8 8 8 8 8 8 8 8]
I; MQ:  3,4106; MV:    7; DT:    2; SOL: [2 6 1 2 2 2 4 6 4 4 5 5 5 6 6 6 1 7 7 8 8 8 8 8 8 8 8 0 8 8 8]
I; MQ:  3,7463; MV:    9; DT:    4; SOL: [1 6 1 2 4 2 4 6 7 4 5 5 5 6 6 6 0 7 7 8 8 8 8 8 8 8 8 0 8 8 8]

Cycle #15: seemp
S; MQ:  2,1998; MV:    0; DT:    0; SOL: [0 1 1 2 2 3 3 4 4 4 5 5 5 6 6 6 7 7 7 8 8 8 8 8 8 8 8 8 8 8 8]
C; MQ:  3,6877; MV:    9; DT:    0; SOL: [3 6 1 2 3 2 3 4 1 4 5 5 5 6 4 4 0 7 7 8 8 8 8 8 8 8 8 0 8 8 8]
I; MQ:  3,0679; MV:    5; DT:    0; SOL: [2 2 1 2 2 2 3 4 3 4 5 5 5 6 4 6 7 7 7 8 8 8 8 8 8 8 8 8 8 8 8]
I; MQ:  3,5558; MV:    8; DT:    2; SOL: [2 6 1 2 3 2 3 4 7 4 5 5 5 6 4 4 1 7 7 8 8 8 8 8 8 8 8 8 8 8 8]
I; MQ:  3,6877; MV:    9; DT:    5; SOL: [3 6 1 2 3 2 3 4 1 4 5 5 5 6 4 4 0 7 7 8 8 8 8 8 8 8 8 0 8 8 8]

Cycle #16: seemp
S; MQ:  2,1998; MV:    0; DT:    0; SOL: [0 1 1 2 2 3 3 4 4 4 5 5 5 6 6 6 7 7 7 8 8 8 8 8 8 8 8 8 8 8 8]
C; MQ:  3,8203; MV:   10; DT:    0; SOL: [2 6 7 0 2 0 2 6 7 4 5 5 5 1 6 6 7 7 7 8 8 8 8 8 8 8 8 1 8 8 8]
I; MQ:  2,8858; MV:    5; DT:    0; SOL: [0 1 2 0 2 0 3 4 4 4 5 5 5 1 4 6 7 7 7 8 8 8 8 8 8 8 8 8 8 8 8]
I; MQ:  3,4868; MV:    7; DT:    2; SOL: [0 1 7 0 2 0 2 0 7 4 5 5 5 1 6 6 7 7 7 8 8 8 8 8 8 8 8 8 8 8 8]
I; MQ:  3,8203; MV:   10; DT:    3; SOL: [2 6 7 0 2 0 2 6 7 4 5 5 5 1 6 6 7 7 7 8 8 8 8 8 8 8 8 1 8 8 8]

Cycle #17: seemp
S; MQ:  2,1998; MV:    0; DT:    0; SOL: [0 1 1 2 2 3 3 4 4 4 5 5 5 6 6 6 7 7 7 8 8 8 8 8 8 8 8 8 8 8 8]
C; MQ:  3,7023; MV:   10; DT:    0; SOL: [0 0 7 4 2 4 2 6 2 4 5 5 5 1 6 6 7 2 7 8 8 8 8 8 8 8 8 1 8 8 8]
I; MQ:  2,8242; MV:    5; DT:    0; SOL: [0 1 2 3 2 3 3 4 4 4 5 5 5 1 6 6 7 4 7 8 8 8 8 8 8 8 8 0 8 8 8]
I; MQ:  3,2553; MV:    8; DT:    2; SOL: [0 0 2 0 2 0 0 4 4 4 5 5 5 1 6 6 7 4 7 8 8 8 8 8 8 8 8 1 8 8 8]
I; MQ:  3,6685; MV:    9; DT:    6; SOL: [0 0 7 0 2 4 2 4 2 4 5 5 5 1 6 6 7 2 7 8 8 8 8 8 8 8 8 1 8 8 8]
I; MQ:  3,7023; MV:   10; DT:    7; SOL: [0 0 7 4 2 4 2 6 2 4 5 5 5 1 6 6 7 2 7 8 8 8 8 8 8 8 8 1 8 8 8]

Cycle #18: seemp
S; MQ:  2,1998; MV:    0; DT:    0; SOL: [0 1 1 2 2 3 3 4 4 4 5 5 5 6 6 6 7 7 7 8 8 8 8 8 8 8 8 8 8 8 8]
C; MQ:  3,7037; MV:    8; DT:    0; SOL: [1 1 7 3 2 3 2 6 7 4 5 5 5 6 6 6 4 7 7 8 8 8 8 8 8 8 8 4 8 8 8]
I; MQ:  2,9429; MV:    5; DT:    0; SOL: [0 1 1 2 2 3 0 3 0 4 5 5 5 6 6 6 4 7 7 8 8 8 8 8 8 8 8 4 8 8 8]
I; MQ:  3,6746; MV:    7; DT:    3; SOL: [1 1 1 3 2 3 2 6 7 4 5 5 5 6 6 6 4 7 7 8 8 8 8 8 8 8 8 4 8 8 8]
I; MQ:  3,7037; MV:    8; DT:    3; SOL: [1 1 7 3 2 3 2 6 7 4 5 5 5 6 6 6 4 7 7 8 8 8 8 8 8 8 8 4 8 8 8]

Cycle #19: seemp
S; MQ:  2,1998; MV:    0; DT:    0; SOL: [0 1 1 2 2 3 3 4 4 4 5 5 5 6 6 6 7 7 7 8 8 8 8 8 8 8 8 8 8 8 8]
C; MQ:  3,8138; MV:    9; DT:    0; SOL: [2 4 7 4 2 4 2 4 7 4 5 5 5 0 6 6 7 7 7 8 8 8 8 8 8 8 8 0 8 8 8]
I; MQ:  2,9789; MV:    5; DT:    0; SOL: [2 1 7 2 2 3 2 4 2 4 5 5 5 1 6 6 7 7 7 8 8 8 8 8 8 8 8 8 8 8 8]
I; MQ:  3,5829; MV:    8; DT:    2; SOL: [2 4 7 2 2 2 2 4 7 4 5 5 5 0 6 6 7 7 7 8 8 8 8 8 8 8 8 0 8 8 8]
I; MQ:  3,8138; MV:    9; DT:    3; SOL: [2 4 7 4 2 4 2 4 7 4 5 5 5 0 6 6 7 7 7 8 8 8 8 8 8 8 8 0 8 8 8]

Cycle #20: seemp
S; MQ:  2,1998; MV:    0; DT:    0; SOL: [0 1 1 2 2 3 3 4 4 4 5 5 5 6 6 6 7 7 7 8 8 8 8 8 8 8 8 8 8 8 8]
C; MQ:  3,7463; MV:   10; DT:    0; SOL: [2 6 2 0 3 0 3 6 4 4 5 5 5 6 6 6 7 4 4 8 8 8 8 8 8 8 8 7 8 8 8]
I; MQ:  2,7640; MV:    5; DT:    0; SOL: [0 0 1 2 2 3 3 6 4 4 5 5 5 6 6 6 7 0 1 8 8 8 8 8 8 8 8 7 8 8 8]
I; MQ:  3,4804; MV:    8; DT:    2; SOL: [0 6 2 0 2 0 3 6 4 4 5 5 5 6 6 6 7 4 1 8 8 8 8 8 8 8 8 7 8 8 8]
I; MQ:  3,7463; MV:   10; DT:    3; SOL: [2 6 2 0 3 0 3 6 4 4 5 5 5 6 6 6 7 4 4 8 8 8 8 8 8 8 8 7 8 8 8]

Cycle #21: seemp
S; MQ:  2,1998; MV:    0; DT:    0; SOL: [0 1 1 2 2 3 3 4 4 4 5 5 5 6 6 6 7 7 7 8 8 8 8 8 8 8 8 8 8 8 8]
C; MQ:  3,8138; MV:    9; DT:    0; SOL: [2 4 7 4 2 4 2 4 7 4 5 5 5 0 6 6 7 7 7 8 8 8 8 8 8 8 8 0 8 8 8]
I; MQ:  3,0024; MV:    5; DT:    0; SOL: [0 4 0 2 2 3 0 4 7 4 5 5 5 4 6 6 7 7 7 8 8 8 8 8 8 8 8 8 8 8 8]
I; MQ:  3,4717; MV:    8; DT:    2; SOL: [2 4 7 4 2 2 2 4 7 4 5 5 5 4 6 6 7 7 7 8 8 8 8 8 8 8 8 8 8 8 8]
I; MQ:  3,6308; MV:    9; DT:    5; SOL: [2 6 7 4 2 4 2 4 7 4 5 5 5 6 4 6 7 7 7 8 8 8 8 8 8 8 8 0 8 8 8]
I; MQ:  3,8138; MV:    9; DT:    8; SOL: [2 4 7 4 2 4 2 4 7 4 5 5 5 0 6 6 7 7 7 8 8 8 8 8 8 8 8 0 8 8 8]

Cycle #22: seemp
S; MQ:  2,1998; MV:    0; DT:    0; SOL: [0 1 1 2 2 3 3 4 4 4 5 5 5 6 6 6 7 7 7 8 8 8 8 8 8 8 8 8 8 8 8]
C; MQ:  3,7822; MV:   10; DT:    0; SOL: [0 6 0 2 0 2 0 4 7 4 5 5 5 6 4 4 1 7 7 8 8 8 8 8 8 8 8 1 8 8 8]
I; MQ:  2,7064; MV:    5; DT:    0; SOL: [0 1 1 2 2 0 2 4 0 4 5 5 5 6 4 6 1 7 7 8 8 8 8 8 8 8 8 8 8 8 8]
I; MQ:  3,5523; MV:    7; DT:    3; SOL: [0 6 1 2 0 2 0 4 7 4 5 5 5 6 4 6 1 7 7 8 8 8 8 8 8 8 8 8 8 8 8]
I; MQ:  3,7822; MV:   10; DT:    3; SOL: [0 6 0 2 0 2 0 4 7 4 5 5 5 6 4 4 1 7 7 8 8 8 8 8 8 8 8 1 8 8 8]

Cycle #23: seemp
S; MQ:  2,1998; MV:    0; DT:    0; SOL: [0 1 1 2 2 3 3 4 4 4 5 5 5 6 6 6 7 7 7 8 8 8 8 8 8 8 8 8 8 8 8]
C; MQ:  3,6079; MV:    7; DT:    0; SOL: [0 6 0 3 2 3 2 6 2 4 5 5 5 6 6 6 7 7 7 8 8 8 8 8 8 8 8 7 8 8 8]
I; MQ:  2,9025; MV:    5; DT:    0; SOL: [0 1 1 3 2 3 0 4 2 4 5 5 5 6 6 6 7 2 7 8 8 8 8 8 8 8 8 0 8 8 8]
I; MQ:  3,2500; MV:    5; DT:    4; SOL: [0 1 1 3 2 3 2 1 7 4 5 5 5 6 6 6 7 7 7 8 8 8 8 8 8 8 8 6 8 8 8]
I; MQ:  3,6079; MV:    7; DT:    7; SOL: [0 6 0 3 2 3 2 6 2 4 5 5 5 6 6 6 7 7 7 8 8 8 8 8 8 8 8 7 8 8 8]

Cycle #24: seemp
S; MQ:  2,1998; MV:    0; DT:    0; SOL: [0 1 1 2 2 3 3 4 4 4 5 5 5 6 6 6 7 7 7 8 8 8 8 8 8 8 8 8 8 8 8]
C; MQ:  3,7463; MV:    8; DT:    0; SOL: [0 6 0 2 3 2 3 6 7 4 5 5 5 6 6 6 1 7 7 8 8 8 8 8 8 8 8 1 8 8 8]
I; MQ:  3,0366; MV:    5; DT:    0; SOL: [0 0 1 2 0 4 3 4 3 4 5 5 5 6 6 6 1 7 7 8 8 8 8 8 8 8 8 8 8 8 8]
I; MQ:  3,3107; MV:    6; DT:    4; SOL: [0 4 1 2 3 2 3 6 7 4 5 5 5 6 6 6 1 7 7 8 8 8 8 8 8 8 8 8 8 8 8]
I; MQ:  3,7463; MV:    8; DT:    5; SOL: [0 6 0 2 3 2 3 6 7 4 5 5 5 6 6 6 1 7 7 8 8 8 8 8 8 8 8 1 8 8 8]

Cycle #25: seemp
S; MQ:  2,1998; MV:    0; DT:    0; SOL: [0 1 1 2 2 3 3 4 4 4 5 5 5 6 6 6 7 7 7 8 8 8 8 8 8 8 8 8 8 8 8]
C; MQ:  3,7822; MV:   10; DT:    0; SOL: [0 6 2 3 0 3 0 6 7 4 5 5 5 1 6 6 2 7 7 8 8 8 8 8 8 8 8 1 8 8 8]
I; MQ:  2,7558; MV:    5; DT:    0; SOL: [0 1 1 3 2 3 3 1 4 4 5 5 5 1 6 6 1 7 7 8 8 8 8 8 8 8 8 1 8 8 8]
I; MQ:  3,5353; MV:    8; DT:    2; SOL: [0 1 2 3 0 3 0 6 4 4 5 5 5 1 6 6 4 7 7 8 8 8 8 8 8 8 8 1 8 8 8]
I; MQ:  3,7822; MV:   10; DT:    3; SOL: [0 6 2 3 0 3 0 6 7 4 5 5 5 1 6 6 2 7 7 8 8 8 8 8 8 8 8 1 8 8 8]

Cycle #26: seemp
S; MQ:  2,1998; MV:    0; DT:    0; SOL: [0 1 1 2 2 3 3 4 4 4 5 5 5 6 6 6 7 7 7 8 8 8 8 8 8 8 8 8 8 8 8]
C; MQ:  3,7822; MV:   10; DT:    0; SOL: [2 6 2 3 2 3 2 4 7 4 5 5 5 6 4 4 0 7 7 8 8 8 8 8 8 8 8 0 8 8 8]
I; MQ:  2,7451; MV:    5; DT:    0; SOL: [0 2 7 2 2 3 0 4 4 4 5 5 5 6 4 6 7 4 7 8 8 8 8 8 8 8 8 8 8 8 8]
I; MQ:  3,0931; MV:    6; DT:    3; SOL: [0 6 2 2 2 3 0 4 7 4 5 5 5 6 4 4 7 7 7 8 8 8 8 8 8 8 8 8 8 8 8]
I; MQ:  3,6368; MV:    9; DT:    5; SOL: [2 6 7 3 2 3 2 4 7 4 5 5 5 6 4 4 7 7 7 8 8 8 8 8 8 8 8 0 8 8 8]
I; MQ:  3,7822; MV:   10; DT:    6; SOL: [2 6 2 3 2 3 2 4 7 4 5 5 5 6 4 4 0 7 7 8 8 8 8 8 8 8 8 0 8 8 8]

Cycle #27: seemp
S; MQ:  2,1998; MV:    0; DT:    0; SOL: [0 1 1 2 2 3 3 4 4 4 5 5 5 6 6 6 7 7 7 8 8 8 8 8 8 8 8 8 8 8 8]
C; MQ:  3,7757; MV:   10; DT:    0; SOL: [3 6 1 3 1 3 1 4 1 4 5 5 5 6 4 4 0 7 7 8 8 8 8 8 8 8 8 0 8 8 8]
I; MQ:  3,0761; MV:    5; DT:    0; SOL: [3 2 1 2 1 3 3 4 0 4 5 5 5 6 4 6 7 7 7 8 8 8 8 8 8 8 8 8 8 8 8]
I; MQ:  3,5789; MV:    9; DT:    1; SOL: [3 2 1 3 1 3 1 4 1 4 5 5 5 6 4 6 0 7 7 8 8 8 8 8 8 8 8 0 8 8 8]
I; MQ:  3,7757; MV:   10; DT:    2; SOL: [3 6 1 3 1 3 1 4 1 4 5 5 5 6 4 4 0 7 7 8 8 8 8 8 8 8 8 0 8 8 8]

Cycle #28: seemp
S; MQ:  2,1998; MV:    0; DT:    0; SOL: [0 1 1 2 2 3 3 4 4 4 5 5 5 6 6 6 7 7 7 8 8 8 8 8 8 8 8 8 8 8 8]
C; MQ:  3,7258; MV:    8; DT:    0; SOL: [3 6 1 3 2 3 2 6 1 4 5 5 5 6 6 6 4 7 7 8 8 8 8 8 8 8 8 4 8 8 8]
I; MQ:  3,0345; MV:    5; DT:    0; SOL: [0 0 1 2 2 3 3 6 7 4 5 5 5 6 6 6 4 7 7 8 8 8 8 8 8 8 8 4 8 8 8]
I; MQ:  3,7198; MV:    8; DT:    2; SOL: [3 6 1 3 2 3 2 6 2 4 5 5 5 6 6 6 4 7 7 8 8 8 8 8 8 8 8 4 8 8 8]
I; MQ:  3,7258; MV:    8; DT:    3; SOL: [3 6 1 3 2 3 2 6 1 4 5 5 5 6 6 6 4 7 7 8 8 8 8 8 8 8 8 4 8 8 8]

Cycle #29: seemp
S; MQ:  2,1998; MV:    0; DT:    0; SOL: [0 1 1 2 2 3 3 4 4 4 5 5 5 6 6 6 7 7 7 8 8 8 8 8 8 8 8 8 8 8 8]
C; MQ:  3,7258; MV:    8; DT:    0; SOL: [0 1 7 3 0 3 0 4 7 4 5 5 5 6 4 1 7 7 7 8 8 8 8 8 8 8 8 6 8 8 8]
I; MQ:  2,9230; MV:    5; DT:    0; SOL: [0 1 1 2 3 3 3 4 7 4 5 5 5 6 4 6 1 7 7 8 8 8 8 8 8 8 8 1 8 8 8]
I; MQ:  3,4041; MV:    7; DT:    2; SOL: [3 1 0 1 3 3 3 4 7 4 5 5 5 6 4 6 7 7 7 8 8 8 8 8 8 8 8 6 8 8 8]
I; MQ:  3,5195; MV:    8; DT:    6; SOL: [3 1 7 3 0 3 0 4 0 4 5 5 5 6 4 6 7 7 7 8 8 8 8 8 8 8 8 6 8 8 8]
I; MQ:  3,7258; MV:    8; DT:    8; SOL: [0 1 7 3 0 3 0 4 7 4 5 5 5 6 4 1 7 7 7 8 8 8 8 8 8 8 8 6 8 8 8]
