servlet (63 classes; 4 packages; 131 deps)

Cycle #0: servlet
S; MQ:  2,5455; MV:    0; DT:    0; SOL: [0 0 0 0 0 0 0 0 0 0 0 0 0 0 0 0 0 0 0 0 0 1 1 1 1 1 1 1 1 1 1 1 1 1 1 1 1 1 2 2 2 2 2 2 2 2 3 3 3 3 3 3 3 3 3 3 3 3 3 3 3 3 3]
C; MQ:  3,6305; MV:   18; DT:    0; SOL: [0 0 0 0 0 4 4 0 0 0 0 0 0 0 1 0 0 1 1 0 4 1 1 1 1 1 1 1 1 1 1 1 1 1 1 0 1 1 1 4 2 4 4 2 4 4 3 2 2 2 3 2 3 3 3 3 3 3 2 3 3 3 3]
I; MQ:  2,6857; MV:    5; DT:    0; SOL: [0 0 0 0 0 0 0 0 0 0 0 0 0 0 0 0 0 0 0 0 0 1 1 1 1 1 1 1 1 1 1 1 1 1 1 0 1 1 1 2 2 2 2 2 3 2 3 3 3 2 3 2 3 3 3 3 3 3 3 3 3 3 3]
I; MQ:  2,9219; MV:   10; DT:    0; SOL: [0 0 0 0 0 0 0 0 0 0 0 0 0 0 1 0 0 0 0 0 0 1 1 1 1 1 1 1 1 1 1 1 1 1 1 0 1 1 1 0 2 0 1 2 3 0 3 3 3 2 3 2 3 3 3 3 3 3 3 3 3 3 3]
I; MQ:  3,2949; MV:   14; DT:    1; SOL: [0 0 0 0 0 0 0 0 0 0 0 0 0 0 1 0 0 0 1 0 0 1 1 1 1 1 1 1 1 1 1 1 1 1 1 0 1 1 1 0 2 0 1 2 0 0 3 2 2 2 3 2 3 3 3 3 3 3 2 3 3 3 3]
I; MQ:  3,4695; MV:   17; DT:    3; SOL: [0 0 0 4 0 4 4 0 0 0 0 0 0 0 1 0 0 0 1 0 0 1 1 1 1 1 1 1 1 1 1 1 1 1 1 0 1 1 1 0 2 0 1 2 4 4 3 2 2 2 3 2 3 3 3 3 3 3 2 3 3 3 3]
I; MQ:  3,5996; MV:   17; DT:    7; SOL: [0 0 0 0 0 4 4 0 0 0 0 0 0 0 1 0 0 0 1 0 4 1 1 1 1 1 1 1 1 1 1 1 1 1 1 0 1 1 1 4 2 4 4 2 4 4 3 2 2 2 3 2 3 3 3 3 3 3 2 3 3 3 3]
I; MQ:  3,6305; MV:   18; DT:    7; SOL: [0 0 0 0 0 4 4 0 0 0 0 0 0 0 1 0 0 1 1 0 4 1 1 1 1 1 1 1 1 1 1 1 1 1 1 0 1 1 1 4 2 4 4 2 4 4 3 2 2 2 3 2 3 3 3 3 3 3 2 3 3 3 3]

Cycle #1: servlet
S; MQ:  2,5455; MV:    0; DT:    0; SOL: [0 0 0 0 0 0 0 0 0 0 0 0 0 0 0 0 0 0 0 0 0 1 1 1 1 1 1 1 1 1 1 1 1 1 1 1 1 1 2 2 2 2 2 2 2 2 3 3 3 3 3 3 3 3 3 3 3 3 3 3 3 3 3]
C; MQ:  3,2487; MV:   12; DT:    0; SOL: [0 0 0 0 0 0 0 0 0 0 0 0 0 0 0 0 0 0 0 0 0 1 0 1 1 1 1 1 1 1 1 1 1 1 1 0 1 1 1 0 2 0 1 2 2 0 2 2 2 2 3 3 3 3 3 3 3 3 2 3 3 3 3]
I; MQ:  2,8146; MV:    5; DT:    0; SOL: [0 0 0 0 0 0 0 0 0 0 0 0 0 0 0 0 0 0 0 0 0 1 0 1 1 1 1 1 1 1 1 1 1 1 1 0 1 1 2 2 2 2 2 2 2 2 2 3 2 3 3 3 3 3 3 3 3 3 2 3 3 3 3]
I; MQ:  3,1079; MV:   10; DT:    0; SOL: [0 0 0 0 0 0 0 0 0 0 0 0 0 0 0 0 0 0 0 0 0 1 0 1 1 1 1 1 1 1 1 1 1 1 1 0 1 1 1 2 2 0 1 2 2 2 2 2 2 2 3 3 3 3 3 3 3 3 2 3 3 3 3]
I; MQ:  3,2487; MV:   12; DT:    0; SOL: [0 0 0 0 0 0 0 0 0 0 0 0 0 0 0 0 0 0 0 0 0 1 0 1 1 1 1 1 1 1 1 1 1 1 1 0 1 1 1 0 2 0 1 2 2 0 2 2 2 2 3 3 3 3 3 3 3 3 2 3 3 3 3]

Cycle #2: servlet
S; MQ:  2,5455; MV:    0; DT:    0; SOL: [0 0 0 0 0 0 0 0 0 0 0 0 0 0 0 0 0 0 0 0 0 1 1 1 1 1 1 1 1 1 1 1 1 1 1 1 1 1 2 2 2 2 2 2 2 2 3 3 3 3 3 3 3 3 3 3 3 3 3 3 3 3 3]
C; MQ:  3,1932; MV:   14; DT:    0; SOL: [0 0 0 0 0 0 0 0 0 0 0 0 0 0 1 0 0 0 1 0 0 1 1 1 1 1 1 1 1 1 1 1 1 1 1 0 1 1 1 0 2 0 1 2 0 0 0 2 3 2 3 2 3 3 3 3 3 3 2 3 3 3 3]
I; MQ:  2,6748; MV:    5; DT:    0; SOL: [0 0 0 0 0 0 0 0 0 0 0 0 0 0 1 0 0 0 0 0 0 1 1 1 1 1 1 1 1 1 1 1 1 1 1 0 1 1 2 2 2 2 2 2 3 2 3 3 3 2 3 3 3 3 3 3 3 3 2 3 3 3 3]
I; MQ:  2,9786; MV:   10; DT:    0; SOL: [0 0 0 0 0 0 0 0 0 0 0 0 0 0 1 0 0 0 1 0 0 1 1 1 1 1 1 1 1 1 1 1 1 1 1 0 1 1 1 2 2 2 2 2 3 2 2 2 3 2 3 2 3 3 3 3 3 3 2 3 3 3 3]
I; MQ:  3,1051; MV:   13; DT:    1; SOL: [0 0 0 0 0 0 0 0 0 0 0 0 0 0 1 0 0 1 1 0 0 1 1 1 1 1 1 1 1 1 1 1 1 1 1 0 1 1 1 0 2 0 1 2 2 2 2 2 3 2 3 2 3 3 3 3 3 3 2 3 3 3 3]
I; MQ:  3,1932; MV:   14; DT:    4; SOL: [0 0 0 0 0 0 0 0 0 0 0 0 0 0 1 0 0 0 1 0 0 1 1 1 1 1 1 1 1 1 1 1 1 1 1 0 1 1 1 0 2 0 1 2 0 0 0 2 3 2 3 2 3 3 3 3 3 3 2 3 3 3 3]

Cycle #3: servlet
S; MQ:  2,5455; MV:    0; DT:    0; SOL: [0 0 0 0 0 0 0 0 0 0 0 0 0 0 0 0 0 0 0 0 0 1 1 1 1 1 1 1 1 1 1 1 1 1 1 1 1 1 2 2 2 2 2 2 2 2 3 3 3 3 3 3 3 3 3 3 3 3 3 3 3 3 3]
C; MQ:  2,9573; MV:   13; DT:    0; SOL: [0 0 0 2 0 2 2 2 0 0 0 0 2 0 1 0 0 1 1 0 2 1 1 1 1 1 1 1 1 1 1 1 1 1 1 0 1 1 2 2 3 2 2 3 2 2 2 3 3 3 3 3 3 3 3 3 3 3 3 3 3 3 3]
I; MQ:  2,7301; MV:    5; DT:    0; SOL: [0 0 0 0 0 0 0 0 0 0 0 0 0 0 1 0 0 1 1 0 0 1 1 1 1 1 1 1 1 1 1 1 1 1 1 0 1 1 2 2 3 2 2 2 2 2 3 3 3 3 3 3 3 3 3 3 3 3 3 3 3 3 3]
I; MQ:  2,8634; MV:   10; DT:    0; SOL: [0 0 0 0 0 2 2 0 0 0 0 0 2 0 1 0 0 1 1 0 2 1 1 1 1 1 1 1 1 1 1 1 1 1 1 0 1 1 2 2 3 2 2 2 2 2 2 3 3 3 3 3 3 3 3 3 3 3 3 3 3 3 3]
I; MQ:  2,9573; MV:   13; DT:    0; SOL: [0 0 0 2 0 2 2 2 0 0 0 0 2 0 1 0 0 1 1 0 2 1 1 1 1 1 1 1 1 1 1 1 1 1 1 0 1 1 2 2 3 2 2 3 2 2 2 3 3 3 3 3 3 3 3 3 3 3 3 3 3 3 3]

Cycle #4: servlet
S; MQ:  2,5455; MV:    0; DT:    0; SOL: [0 0 0 0 0 0 0 0 0 0 0 0 0 0 0 0 0 0 0 0 0 1 1 1 1 1 1 1 1 1 1 1 1 1 1 1 1 1 2 2 2 2 2 2 2 2 3 3 3 3 3 3 3 3 3 3 3 3 3 3 3 3 3]
C; MQ:  3,1862; MV:   12; DT:    0; SOL: [0 0 0 0 0 0 0 0 0 0 0 0 0 0 0 0 0 0 0 0 0 1 0 1 1 1 1 1 1 1 1 1 1 1 1 0 1 1 1 0 2 0 1 2 2 0 2 2 2 3 3 2 3 3 3 3 3 3 2 3 3 3 3]
I; MQ:  2,7991; MV:    5; DT:    0; SOL: [0 0 0 0 0 0 0 0 0 0 0 0 0 0 0 0 0 0 0 0 0 1 0 1 1 1 1 1 1 1 1 1 1 1 1 1 1 1 2 2 3 2 2 3 2 2 2 3 2 3 3 3 3 3 3 3 3 3 3 3 3 3 3]
I; MQ:  2,9266; MV:    6; DT:    2; SOL: [0 0 0 0 0 0 0 0 0 0 0 0 0 0 0 0 0 0 0 0 0 1 0 1 1 1 1 1 1 1 1 1 1 1 1 1 1 1 2 2 2 2 2 2 2 2 2 0 2 3 3 2 3 3 3 3 3 3 2 3 3 3 3]
I; MQ:  3,1353; MV:   10; DT:    3; SOL: [0 0 0 0 0 0 0 0 0 0 0 0 0 0 0 0 0 0 0 0 0 1 0 1 1 1 1 1 1 1 1 1 1 1 1 1 1 1 1 2 2 0 0 2 2 0 2 2 2 3 3 2 3 3 3 3 3 3 2 3 3 3 3]
I; MQ:  3,1862; MV:   12; DT:    4; SOL: [0 0 0 0 0 0 0 0 0 0 0 0 0 0 0 0 0 0 0 0 0 1 0 1 1 1 1 1 1 1 1 1 1 1 1 0 1 1 1 0 2 0 1 2 2 0 2 2 2 3 3 2 3 3 3 3 3 3 2 3 3 3 3]

Cycle #5: servlet
S; MQ:  2,5455; MV:    0; DT:    0; SOL: [0 0 0 0 0 0 0 0 0 0 0 0 0 0 0 0 0 0 0 0 0 1 1 1 1 1 1 1 1 1 1 1 1 1 1 1 1 1 2 2 2 2 2 2 2 2 3 3 3 3 3 3 3 3 3 3 3 3 3 3 3 3 3]
C; MQ:  2,8229; MV:    9; DT:    0; SOL: [0 0 0 0 0 2 2 0 0 0 0 0 0 0 0 0 0 0 0 0 2 1 0 1 1 1 1 1 1 1 1 1 1 1 1 0 1 1 1 2 3 2 2 3 3 2 3 3 3 3 3 3 3 3 3 3 3 3 3 3 3 3 3]
I; MQ:  2,6799; MV:    5; DT:    0; SOL: [0 0 0 0 0 0 2 0 0 0 0 0 0 0 0 0 0 0 0 0 0 1 0 1 1 1 1 1 1 1 1 1 1 1 1 0 1 1 2 2 3 2 2 0 2 2 3 3 3 3 3 3 3 3 3 3 3 3 3 3 3 3 3]
I; MQ:  2,8229; MV:    9; DT:    1; SOL: [0 0 0 0 0 2 2 0 0 0 0 0 0 0 0 0 0 0 0 0 2 1 0 1 1 1 1 1 1 1 1 1 1 1 1 0 1 1 1 2 3 2 2 3 3 2 3 3 3 3 3 3 3 3 3 3 3 3 3 3 3 3 3]

Cycle #6: servlet
S; MQ:  2,5455; MV:    0; DT:    0; SOL: [0 0 0 0 0 0 0 0 0 0 0 0 0 0 0 0 0 0 0 0 0 1 1 1 1 1 1 1 1 1 1 1 1 1 1 1 1 1 2 2 2 2 2 2 2 2 3 3 3 3 3 3 3 3 3 3 3 3 3 3 3 3 3]
C; MQ:  2,9573; MV:   13; DT:    0; SOL: [0 0 0 2 0 2 2 2 0 0 0 0 2 0 1 0 0 1 1 0 2 1 1 1 1 1 1 1 1 1 1 1 1 1 1 0 1 1 2 2 3 2 2 3 2 2 2 3 3 3 3 3 3 3 3 3 3 3 3 3 3 3 3]
I; MQ:  2,7232; MV:    5; DT:    0; SOL: [0 0 0 0 0 2 0 0 0 0 0 0 0 0 1 0 0 0 0 0 2 1 1 1 1 1 1 1 1 1 1 1 1 1 1 0 1 1 2 2 3 2 2 2 2 2 3 3 3 3 3 3 3 3 3 3 3 3 3 3 3 3 3]
I; MQ:  2,8054; MV:   10; DT:    0; SOL: [0 0 0 2 0 2 2 0 0 0 0 0 2 0 1 0 0 2 0 0 2 1 1 1 1 1 1 1 1 1 1 1 1 1 1 0 1 1 1 2 3 2 2 2 2 2 3 3 3 3 3 3 3 3 3 3 3 3 3 3 3 3 3]
I; MQ:  2,9438; MV:   12; DT:    2; SOL: [0 0 0 2 0 2 2 2 0 0 0 0 2 0 1 0 0 1 1 0 2 1 1 1 1 1 1 1 1 1 1 1 1 1 1 0 1 1 2 2 3 2 2 3 2 2 3 3 3 3 3 3 3 3 3 3 3 3 3 3 3 3 3]
I; MQ:  2,9573; MV:   13; DT:    2; SOL: [0 0 0 2 0 2 2 2 0 0 0 0 2 0 1 0 0 1 1 0 2 1 1 1 1 1 1 1 1 1 1 1 1 1 1 0 1 1 2 2 3 2 2 3 2 2 2 3 3 3 3 3 3 3 3 3 3 3 3 3 3 3 3]

Cycle #7: servlet
S; MQ:  2,5455; MV:    0; DT:    0; SOL: [0 0 0 0 0 0 0 0 0 0 0 0 0 0 0 0 0 0 0 0 0 1 1 1 1 1 1 1 1 1 1 1 1 1 1 1 1 1 2 2 2 2 2 2 2 2 3 3 3 3 3 3 3 3 3 3 3 3 3 3 3 3 3]
C; MQ:  2,8425; MV:    9; DT:    0; SOL: [0 0 0 0 0 2 2 0 0 0 0 0 2 0 0 0 0 0 0 0 2 1 0 1 1 1 1 1 1 1 1 1 1 1 1 0 1 1 2 2 3 2 2 3 2 2 2 3 3 3 3 3 3 3 3 3 3 3 3 3 3 3 3]
I; MQ:  2,7443; MV:    5; DT:    0; SOL: [0 0 0 0 0 2 0 0 0 0 0 0 2 0 0 0 0 0 0 0 2 1 1 1 1 1 1 1 1 1 1 1 1 1 1 1 1 1 2 2 3 2 2 3 2 2 3 3 3 3 3 3 3 3 3 3 3 3 3 3 3 3 3]
I; MQ:  2,8419; MV:    8; DT:    1; SOL: [0 0 0 0 0 2 2 0 0 0 0 0 0 0 0 0 0 0 0 0 2 1 0 1 1 1 1 1 1 1 1 1 1 1 1 0 1 1 2 2 3 2 2 3 2 2 2 3 3 3 3 3 3 3 3 3 3 3 3 3 3 3 3]
I; MQ:  2,8425; MV:    9; DT:    2; SOL: [0 0 0 0 0 2 2 0 0 0 0 0 2 0 0 0 0 0 0 0 2 1 0 1 1 1 1 1 1 1 1 1 1 1 1 0 1 1 2 2 3 2 2 3 2 2 2 3 3 3 3 3 3 3 3 3 3 3 3 3 3 3 3]

Cycle #8: servlet
S; MQ:  2,5455; MV:    0; DT:    0; SOL: [0 0 0 0 0 0 0 0 0 0 0 0 0 0 0 0 0 0 0 0 0 1 1 1 1 1 1 1 1 1 1 1 1 1 1 1 1 1 2 2 2 2 2 2 2 2 3 3 3 3 3 3 3 3 3 3 3 3 3 3 3 3 3]
C; MQ:  3,1862; MV:   12; DT:    0; SOL: [0 0 0 0 0 0 0 0 0 0 0 0 0 0 0 0 0 0 0 0 0 1 0 1 1 1 1 1 1 1 1 1 1 1 1 0 1 1 1 0 2 0 1 2 2 0 2 2 2 3 3 2 3 3 3 3 3 3 2 3 3 3 3]
I; MQ:  2,7691; MV:    5; DT:    0; SOL: [0 0 0 0 0 0 0 0 0 0 0 0 0 0 0 0 0 0 0 0 0 1 0 1 1 1 1 1 1 1 1 1 1 1 1 1 1 1 1 2 2 2 0 2 2 2 3 3 3 3 3 2 3 3 3 3 3 3 2 3 3 3 3]
I; MQ:  3,0075; MV:    9; DT:    1; SOL: [0 0 0 0 0 0 0 0 0 0 0 0 0 0 0 0 0 0 0 0 0 1 0 1 1 1 1 1 1 1 1 1 1 1 1 0 1 1 1 2 2 2 1 2 2 2 2 0 2 3 3 2 3 3 3 3 3 3 2 3 3 3 3]
I; MQ:  3,1862; MV:   12; DT:    2; SOL: [0 0 0 0 0 0 0 0 0 0 0 0 0 0 0 0 0 0 0 0 0 1 0 1 1 1 1 1 1 1 1 1 1 1 1 0 1 1 1 0 2 0 1 2 2 0 2 2 2 3 3 2 3 3 3 3 3 3 2 3 3 3 3]

Cycle #9: servlet
S; MQ:  2,5455; MV:    0; DT:    0; SOL: [0 0 0 0 0 0 0 0 0 0 0 0 0 0 0 0 0 0 0 0 0 1 1 1 1 1 1 1 1 1 1 1 1 1 1 1 1 1 2 2 2 2 2 2 2 2 3 3 3 3 3 3 3 3 3 3 3 3 3 3 3 3 3]
C; MQ:  2,8780; MV:   12; DT:    0; SOL: [0 0 2 2 0 2 2 2 0 0 0 0 2 0 0 0 0 0 0 0 2 1 0 1 1 1 1 1 1 1 1 1 1 1 1 0 1 1 2 2 3 2 2 3 3 2 3 3 3 3 3 3 3 3 3 3 3 3 3 3 3 3 3]
I; MQ:  2,6362; MV:    5; DT:    0; SOL: [0 0 0 0 0 2 0 0 0 0 0 0 0 0 0 0 0 0 0 0 2 1 0 1 1 1 1 1 1 1 1 1 1 1 1 0 1 1 1 2 2 2 2 2 2 2 3 3 3 3 3 3 3 3 3 3 3 3 3 3 3 3 3]
I; MQ:  2,7046; MV:    8; DT:    1; SOL: [0 0 0 0 0 2 2 2 0 0 0 0 2 0 0 0 0 0 0 0 2 1 0 1 1 1 1 1 1 1 1 1 1 1 1 0 1 1 2 2 2 2 2 2 3 2 3 3 3 3 3 3 3 3 3 3 3 3 3 3 3 3 3]
I; MQ:  2,8780; MV:   12; DT:    1; SOL: [0 0 2 2 0 2 2 2 0 0 0 0 2 0 0 0 0 0 0 0 2 1 0 1 1 1 1 1 1 1 1 1 1 1 1 0 1 1 2 2 3 2 2 3 3 2 3 3 3 3 3 3 3 3 3 3 3 3 3 3 3 3 3]

Cycle #10: servlet
S; MQ:  2,5455; MV:    0; DT:    0; SOL: [0 0 0 0 0 0 0 0 0 0 0 0 0 0 0 0 0 0 0 0 0 1 1 1 1 1 1 1 1 1 1 1 1 1 1 1 1 1 2 2 2 2 2 2 2 2 3 3 3 3 3 3 3 3 3 3 3 3 3 3 3 3 3]
C; MQ:  3,1862; MV:   12; DT:    0; SOL: [0 0 0 0 0 0 0 0 0 0 0 0 0 0 0 0 0 0 0 0 0 1 0 1 1 1 1 1 1 1 1 1 1 1 1 0 1 1 1 0 2 0 1 2 2 0 2 3 2 2 3 2 3 3 3 3 3 3 2 3 3 3 3]
I; MQ:  2,7445; MV:    5; DT:    0; SOL: [0 0 0 0 0 0 2 0 0 0 0 0 0 0 0 0 0 0 0 0 0 1 0 1 1 1 1 1 1 1 1 1 1 1 1 0 1 1 2 2 3 2 2 2 2 2 2 3 3 3 3 3 3 3 3 3 3 3 3 3 3 3 3]
I; MQ:  2,8384; MV:    8; DT:    1; SOL: [0 0 0 0 0 0 0 0 0 0 0 0 0 0 0 0 0 0 0 0 0 1 0 1 1 1 1 1 1 1 1 1 1 1 1 0 1 1 1 2 3 2 2 3 2 2 2 3 2 3 3 3 3 3 3 3 3 3 2 3 3 3 3]
I; MQ:  3,0688; MV:    9; DT:    3; SOL: [0 0 0 0 0 0 0 0 0 0 0 0 0 0 0 0 0 0 0 0 0 1 0 1 1 1 1 1 1 1 1 1 1 1 1 0 1 1 1 2 2 0 2 2 2 2 2 3 2 2 3 2 3 3 3 3 3 3 2 3 3 3 3]
I; MQ:  3,1862; MV:   12; DT:    3; SOL: [0 0 0 0 0 0 0 0 0 0 0 0 0 0 0 0 0 0 0 0 0 1 0 1 1 1 1 1 1 1 1 1 1 1 1 0 1 1 1 0 2 0 1 2 2 0 2 3 2 2 3 2 3 3 3 3 3 3 2 3 3 3 3]

Cycle #11: servlet
S; MQ:  2,5455; MV:    0; DT:    0; SOL: [0 0 0 0 0 0 0 0 0 0 0 0 0 0 0 0 0 0 0 0 0 1 1 1 1 1 1 1 1 1 1 1 1 1 1 1 1 1 2 2 2 2 2 2 2 2 3 3 3 3 3 3 3 3 3 3 3 3 3 3 3 3 3]
C; MQ:  3,1434; MV:   11; DT:    0; SOL: [0 0 0 0 0 0 0 0 0 0 0 0 0 0 1 0 0 1 1 0 0 1 1 1 1 1 1 1 1 1 1 1 1 1 1 0 1 1 0 2 2 2 0 2 2 2 2 3 2 2 3 2 3 3 3 3 3 3 2 3 3 3 3]
I; MQ:  2,7089; MV:    5; DT:    0; SOL: [0 0 0 0 0 0 0 0 0 0 0 0 0 0 1 0 0 0 0 0 0 1 1 1 1 1 1 1 1 1 1 1 1 1 1 1 1 1 2 2 3 2 2 0 2 2 2 3 3 3 3 2 3 3 3 3 3 3 3 3 3 3 3]
I; MQ:  2,8443; MV:    7; DT:    2; SOL: [0 0 0 0 0 0 0 0 0 0 0 0 0 0 1 0 0 1 1 0 0 1 1 1 1 1 1 1 1 1 1 1 1 1 1 0 1 1 2 2 3 2 2 3 2 2 2 3 3 3 3 3 3 3 3 3 3 3 3 3 3 3 3]
I; MQ:  2,9445; MV:   10; DT:    4; SOL: [0 0 0 0 0 0 0 0 0 0 0 0 0 0 1 0 0 1 1 0 0 1 1 1 1 1 1 1 1 1 1 1 1 1 1 0 1 1 1 2 2 2 2 3 2 2 2 3 2 3 3 2 3 3 3 3 3 3 2 3 3 3 3]
I; MQ:  3,1434; MV:   11; DT:    6; SOL: [0 0 0 0 0 0 0 0 0 0 0 0 0 0 1 0 0 1 1 0 0 1 1 1 1 1 1 1 1 1 1 1 1 1 1 0 1 1 0 2 2 2 0 2 2 2 2 3 2 2 3 2 3 3 3 3 3 3 2 3 3 3 3]

Cycle #12: servlet
S; MQ:  2,5455; MV:    0; DT:    0; SOL: [0 0 0 0 0 0 0 0 0 0 0 0 0 0 0 0 0 0 0 0 0 1 1 1 1 1 1 1 1 1 1 1 1 1 1 1 1 1 2 2 2 2 2 2 2 2 3 3 3 3 3 3 3 3 3 3 3 3 3 3 3 3 3]
C; MQ:  3,1862; MV:   12; DT:    0; SOL: [0 0 0 0 0 0 0 0 0 0 0 0 0 0 0 0 0 0 0 0 0 1 0 1 1 1 1 1 1 1 1 1 1 1 1 0 1 1 1 0 2 0 1 2 2 0 2 2 2 3 3 2 3 3 3 3 3 3 2 3 3 3 3]
I; MQ:  2,8977; MV:    5; DT:    0; SOL: [0 0 0 0 0 0 0 0 0 0 0 0 0 0 0 0 0 0 0 0 0 1 1 1 1 1 1 1 1 1 1 1 1 1 1 1 1 1 2 2 2 2 2 2 2 2 2 0 2 3 3 2 3 3 3 3 3 3 2 3 3 3 3]
I; MQ:  3,0803; MV:    9; DT:    1; SOL: [0 0 0 0 0 0 0 0 0 0 0 0 0 0 0 0 0 0 0 0 0 1 1 1 1 1 1 1 1 1 1 1 1 1 1 0 1 1 1 2 2 0 1 2 2 2 2 2 2 3 3 2 3 3 3 3 3 3 2 3 3 3 3]
I; MQ:  3,1862; MV:   12; DT:    1; SOL: [0 0 0 0 0 0 0 0 0 0 0 0 0 0 0 0 0 0 0 0 0 1 0 1 1 1 1 1 1 1 1 1 1 1 1 0 1 1 1 0 2 0 1 2 2 0 2 2 2 3 3 2 3 3 3 3 3 3 2 3 3 3 3]

Cycle #13: servlet
S; MQ:  2,5455; MV:    0; DT:    0; SOL: [0 0 0 0 0 0 0 0 0 0 0 0 0 0 0 0 0 0 0 0 0 1 1 1 1 1 1 1 1 1 1 1 1 1 1 1 1 1 2 2 2 2 2 2 2 2 3 3 3 3 3 3 3 3 3 3 3 3 3 3 3 3 3]
C; MQ:  4,6847; MV:   31; DT:    0; SOL: [0 0 5 5 0 5 5 5 4 4 4 4 5 0 0 0 0 0 0 0 5 0 0 0 0 0 0 1 1 1 1 1 1 1 1 0 0 0 5 0 2 0 5 2 5 5 3 2 2 2 3 2 3 3 3 3 3 3 2 3 3 3 3]
I; MQ:  2,7730; MV:    5; DT:    0; SOL: [0 0 0 0 0 0 0 0 0 0 0 0 0 0 0 0 0 0 0 0 0 1 1 1 1 1 1 1 1 1 1 1 1 1 1 1 1 1 2 2 2 2 2 2 3 0 3 2 3 2 3 2 3 3 3 3 3 3 3 3 3 3 3]
I; MQ:  2,9447; MV:   10; DT:    0; SOL: [0 0 0 0 0 0 0 0 0 0 0 0 0 0 0 0 0 0 0 0 0 1 0 1 1 1 1 1 1 1 1 1 1 1 1 0 1 1 1 2 2 0 0 2 3 0 3 2 3 2 3 2 3 3 3 3 3 3 3 3 3 3 3]
I; MQ:  3,0839; MV:   13; DT:    2; SOL: [0 0 0 0 0 0 0 0 0 0 0 0 0 0 0 0 0 0 0 0 0 1 0 1 1 1 1 1 1 1 1 1 1 1 1 0 1 1 1 0 2 0 1 2 0 0 3 2 2 2 3 2 3 3 3 3 3 3 0 3 3 3 3]
I; MQ:  3,4341; MV:   15; DT:    5; SOL: [0 0 0 0 0 0 4 4 0 0 0 0 0 0 0 0 0 0 0 0 0 1 0 1 1 1 1 1 1 1 1 1 1 1 1 0 1 1 1 0 2 0 1 2 4 4 3 2 2 2 3 2 3 3 3 3 3 3 2 3 3 3 3]
I; MQ:  3,6470; MV:   19; DT:    6; SOL: [0 0 0 0 0 0 4 4 4 4 4 4 0 0 0 0 0 0 0 0 0 1 0 1 1 1 1 1 1 1 1 1 1 1 1 0 1 1 1 0 2 0 1 2 4 0 3 2 2 2 3 2 3 3 3 3 3 3 2 3 3 3 3]
I; MQ:  4,2253; MV:   20; DT:   10; SOL: [0 0 5 0 0 0 5 5 4 4 4 4 0 0 0 0 0 0 0 0 0 1 0 1 1 1 1 1 1 1 1 1 1 1 1 0 1 1 1 0 2 0 1 2 5 5 3 2 2 2 3 2 3 3 3 3 3 3 2 3 3 3 3]
I; MQ:  4,3543; MV:   25; DT:   10; SOL: [0 0 5 5 0 5 5 5 4 4 4 4 5 0 0 0 0 0 0 0 5 1 0 1 1 1 1 1 1 1 1 1 1 1 1 0 0 1 1 0 2 0 1 2 5 5 3 2 2 2 3 2 3 3 3 3 3 3 2 3 3 3 3]
I; MQ:  4,4979; MV:   28; DT:   12; SOL: [0 0 5 5 0 5 5 5 4 4 4 4 5 0 0 0 0 0 0 0 5 1 0 1 1 0 0 1 1 1 1 1 1 1 1 0 0 0 5 0 2 0 5 2 5 5 3 2 2 2 3 2 3 3 3 3 3 3 2 3 3 3 3]
I; MQ:  4,6847; MV:   31; DT:   12; SOL: [0 0 5 5 0 5 5 5 4 4 4 4 5 0 0 0 0 0 0 0 5 0 0 0 0 0 0 1 1 1 1 1 1 1 1 0 0 0 5 0 2 0 5 2 5 5 3 2 2 2 3 2 3 3 3 3 3 3 2 3 3 3 3]

Cycle #14: servlet
S; MQ:  2,5455; MV:    0; DT:    0; SOL: [0 0 0 0 0 0 0 0 0 0 0 0 0 0 0 0 0 0 0 0 0 1 1 1 1 1 1 1 1 1 1 1 1 1 1 1 1 1 2 2 2 2 2 2 2 2 3 3 3 3 3 3 3 3 3 3 3 3 3 3 3 3 3]
C; MQ:  3,0677; MV:   12; DT:    0; SOL: [0 0 0 0 0 0 0 0 0 0 0 0 0 0 0 0 0 0 0 0 0 1 0 1 1 1 1 1 1 1 1 1 1 1 1 0 1 1 1 0 3 0 1 3 2 0 2 2 2 3 3 3 3 3 3 3 3 3 3 3 3 3 3]
I; MQ:  2,7879; MV:    5; DT:    0; SOL: [0 0 0 0 0 0 0 0 0 0 0 0 0 0 0 0 0 0 0 0 0 1 0 1 1 1 1 1 1 1 1 1 1 1 1 0 1 1 2 2 3 2 2 3 2 2 2 3 3 3 3 3 3 3 3 3 3 3 3 3 3 3 3]
I; MQ:  2,9513; MV:   10; DT:    0; SOL: [0 0 0 0 0 0 0 0 0 0 0 0 0 0 0 0 0 0 0 0 0 1 0 1 1 1 1 1 1 1 1 1 1 1 1 0 1 1 1 2 3 2 1 3 2 0 2 2 2 3 3 3 3 3 3 3 3 3 3 3 3 3 3]
I; MQ:  3,0677; MV:   12; DT:    0; SOL: [0 0 0 0 0 0 0 0 0 0 0 0 0 0 0 0 0 0 0 0 0 1 0 1 1 1 1 1 1 1 1 1 1 1 1 0 1 1 1 0 3 0 1 3 2 0 2 2 2 3 3 3 3 3 3 3 3 3 3 3 3 3 3]

Cycle #15: servlet
S; MQ:  2,5455; MV:    0; DT:    0; SOL: [0 0 0 0 0 0 0 0 0 0 0 0 0 0 0 0 0 0 0 0 0 1 1 1 1 1 1 1 1 1 1 1 1 1 1 1 1 1 2 2 2 2 2 2 2 2 3 3 3 3 3 3 3 3 3 3 3 3 3 3 3 3 3]
C; MQ:  2,9631; MV:   13; DT:    0; SOL: [0 0 0 2 0 2 2 2 0 0 0 0 2 0 1 0 0 1 1 0 2 1 1 1 1 1 1 1 1 1 1 1 1 1 1 0 1 1 2 2 3 2 2 3 3 2 3 3 3 3 3 3 3 3 3 3 3 3 3 3 3 3 3]
I; MQ:  2,7090; MV:    5; DT:    0; SOL: [0 0 0 0 0 0 0 0 0 0 0 0 0 0 1 0 0 1 1 0 0 1 1 1 1 1 1 1 1 1 1 1 1 1 1 1 1 1 2 2 3 2 2 0 2 2 3 3 3 3 3 3 3 3 3 3 3 3 3 3 3 3 3]
I; MQ:  2,8303; MV:    9; DT:    1; SOL: [0 0 0 0 0 2 2 0 0 0 0 0 2 0 1 0 0 1 1 0 2 1 1 1 1 1 1 1 1 1 1 1 1 1 1 1 1 1 2 2 3 2 2 3 2 2 3 3 3 3 3 3 3 3 3 3 3 3 3 3 3 3 3]
I; MQ:  2,9631; MV:   13; DT:    1; SOL: [0 0 0 2 0 2 2 2 0 0 0 0 2 0 1 0 0 1 1 0 2 1 1 1 1 1 1 1 1 1 1 1 1 1 1 0 1 1 2 2 3 2 2 3 3 2 3 3 3 3 3 3 3 3 3 3 3 3 3 3 3 3 3]

Cycle #16: servlet
S; MQ:  2,5455; MV:    0; DT:    0; SOL: [0 0 0 0 0 0 0 0 0 0 0 0 0 0 0 0 0 0 0 0 0 1 1 1 1 1 1 1 1 1 1 1 1 1 1 1 1 1 2 2 2 2 2 2 2 2 3 3 3 3 3 3 3 3 3 3 3 3 3 3 3 3 3]
C; MQ:  3,1571; MV:   13; DT:    0; SOL: [0 0 0 0 0 0 0 0 0 0 0 0 0 0 0 0 0 0 0 0 0 1 0 1 1 1 1 1 1 1 1 1 1 1 1 0 1 1 1 0 2 0 1 2 0 0 0 2 3 2 3 2 3 3 3 3 3 3 2 3 3 3 3]
I; MQ:  2,7625; MV:    5; DT:    0; SOL: [0 0 0 0 0 0 0 0 0 0 0 0 0 0 0 0 0 0 0 0 0 1 0 1 1 1 1 1 1 1 1 1 1 1 1 0 1 1 2 2 2 2 2 2 2 2 2 3 3 3 3 2 3 3 3 3 3 3 2 3 3 3 3]
I; MQ:  3,0269; MV:   10; DT:    0; SOL: [0 0 0 0 0 0 0 0 0 0 0 0 0 0 0 0 0 0 0 0 0 1 0 1 1 1 1 1 1 1 1 1 1 1 1 0 1 1 2 0 2 0 2 2 2 0 2 2 3 2 3 2 3 3 3 3 3 3 2 3 3 3 3]
I; MQ:  3,1571; MV:   13; DT:    1; SOL: [0 0 0 0 0 0 0 0 0 0 0 0 0 0 0 0 0 0 0 0 0 1 0 1 1 1 1 1 1 1 1 1 1 1 1 0 1 1 1 0 2 0 1 2 0 0 0 2 3 2 3 2 3 3 3 3 3 3 2 3 3 3 3]

Cycle #17: servlet
S; MQ:  2,5455; MV:    0; DT:    0; SOL: [0 0 0 0 0 0 0 0 0 0 0 0 0 0 0 0 0 0 0 0 0 1 1 1 1 1 1 1 1 1 1 1 1 1 1 1 1 1 2 2 2 2 2 2 2 2 3 3 3 3 3 3 3 3 3 3 3 3 3 3 3 3 3]
C; MQ:  3,2487; MV:   12; DT:    0; SOL: [0 0 0 0 0 0 0 0 0 0 0 0 0 0 0 0 0 0 0 0 0 1 0 1 1 1 1 1 1 1 1 1 1 1 1 0 1 1 1 0 2 0 1 2 2 0 2 2 2 2 3 3 3 3 3 3 3 3 2 3 3 3 3]
I; MQ:  2,6156; MV:    5; DT:    0; SOL: [0 0 0 0 0 2 0 0 0 0 0 0 0 0 0 0 0 0 0 0 0 1 0 1 1 1 1 1 1 1 1 1 1 1 1 0 1 1 1 2 2 2 2 2 2 2 3 3 3 3 3 3 3 3 3 3 3 3 2 3 3 3 3]
I; MQ:  2,9069; MV:    8; DT:    1; SOL: [0 0 0 0 0 0 0 0 0 0 0 0 0 0 0 0 0 0 0 0 2 1 0 1 1 1 1 1 1 1 1 1 1 1 1 0 1 1 1 2 2 2 2 2 2 2 2 2 2 3 3 3 3 3 3 3 3 3 2 3 3 3 3]
I; MQ:  3,2158; MV:   11; DT:    2; SOL: [0 0 0 0 0 0 0 0 0 0 0 0 0 0 0 0 0 0 0 0 0 1 0 1 1 1 1 1 1 1 1 1 1 1 1 0 1 1 1 2 2 0 1 2 2 0 2 2 2 2 3 3 3 3 3 3 3 3 2 3 3 3 3]
I; MQ:  3,2487; MV:   12; DT:    2; SOL: [0 0 0 0 0 0 0 0 0 0 0 0 0 0 0 0 0 0 0 0 0 1 0 1 1 1 1 1 1 1 1 1 1 1 1 0 1 1 1 0 2 0 1 2 2 0 2 2 2 2 3 3 3 3 3 3 3 3 2 3 3 3 3]

Cycle #18: servlet
S; MQ:  2,5455; MV:    0; DT:    0; SOL: [0 0 0 0 0 0 0 0 0 0 0 0 0 0 0 0 0 0 0 0 0 1 1 1 1 1 1 1 1 1 1 1 1 1 1 1 1 1 2 2 2 2 2 2 2 2 3 3 3 3 3 3 3 3 3 3 3 3 3 3 3 3 3]
C; MQ:  2,9015; MV:   11; DT:    0; SOL: [0 0 0 0 0 2 2 0 0 0 0 0 0 0 1 0 0 1 1 0 2 1 1 1 1 1 1 1 1 1 1 1 1 1 1 0 1 1 1 2 3 2 2 3 2 2 2 3 3 3 3 3 3 3 3 3 3 3 3 3 3 3 3]
I; MQ:  2,7451; MV:    5; DT:    0; SOL: [0 0 0 0 0 2 2 0 0 0 0 0 0 0 1 0 0 0 0 0 0 1 1 1 1 1 1 1 1 1 1 1 1 1 1 0 1 1 2 2 3 2 2 2 2 2 3 3 3 3 3 3 3 3 3 3 3 3 3 3 3 3 3]
I; MQ:  2,8688; MV:   10; DT:    0; SOL: [0 0 0 0 0 2 2 0 0 0 0 0 0 0 1 0 0 1 1 0 2 1 1 1 1 1 1 1 1 1 1 1 1 1 1 0 1 1 1 2 3 2 2 2 2 2 2 3 3 3 3 3 3 3 3 3 3 3 3 3 3 3 3]
I; MQ:  2,9015; MV:   11; DT:    0; SOL: [0 0 0 0 0 2 2 0 0 0 0 0 0 0 1 0 0 1 1 0 2 1 1 1 1 1 1 1 1 1 1 1 1 1 1 0 1 1 1 2 3 2 2 3 2 2 2 3 3 3 3 3 3 3 3 3 3 3 3 3 3 3 3]

Cycle #19: servlet
S; MQ:  2,5455; MV:    0; DT:    0; SOL: [0 0 0 0 0 0 0 0 0 0 0 0 0 0 0 0 0 0 0 0 0 1 1 1 1 1 1 1 1 1 1 1 1 1 1 1 1 1 2 2 2 2 2 2 2 2 3 3 3 3 3 3 3 3 3 3 3 3 3 3 3 3 3]
C; MQ:  3,1434; MV:   11; DT:    0; SOL: [0 0 0 0 0 0 0 0 0 0 0 0 0 0 1 0 0 1 1 0 0 1 1 1 1 1 1 1 1 1 1 1 1 1 1 0 1 1 0 2 2 2 0 2 2 2 2 2 2 3 3 2 3 3 3 3 3 3 2 3 3 3 3]
I; MQ:  2,7376; MV:    5; DT:    0; SOL: [0 0 0 0 0 0 0 0 0 0 0 0 0 0 1 0 0 0 1 0 0 1 1 1 1 1 1 1 1 1 1 1 1 1 1 0 1 1 2 2 3 2 2 3 2 2 3 3 3 3 3 3 3 3 3 3 3 3 3 3 3 3 3]
I; MQ:  2,9054; MV:   10; DT:    0; SOL: [0 0 0 0 0 0 0 0 0 0 0 0 0 0 1 0 0 1 1 0 0 1 1 1 1 1 1 1 1 1 1 1 1 1 1 0 1 1 2 2 3 2 2 3 2 2 2 3 2 3 3 2 3 3 3 3 3 3 2 3 3 3 3]
I; MQ:  3,1094; MV:   12; DT:    2; SOL: [0 0 0 0 0 0 0 0 0 0 0 0 0 0 1 0 0 1 1 0 0 1 1 1 1 1 1 1 1 1 1 1 1 1 1 0 1 1 0 2 2 2 0 0 2 2 2 2 2 3 3 2 3 3 3 3 3 3 2 3 3 3 3]
I; MQ:  3,1434; MV:   11; DT:    3; SOL: [0 0 0 0 0 0 0 0 0 0 0 0 0 0 1 0 0 1 1 0 0 1 1 1 1 1 1 1 1 1 1 1 1 1 1 0 1 1 0 2 2 2 0 2 2 2 2 2 2 3 3 2 3 3 3 3 3 3 2 3 3 3 3]

Cycle #20: servlet
S; MQ:  2,5455; MV:    0; DT:    0; SOL: [0 0 0 0 0 0 0 0 0 0 0 0 0 0 0 0 0 0 0 0 0 1 1 1 1 1 1 1 1 1 1 1 1 1 1 1 1 1 2 2 2 2 2 2 2 2 3 3 3 3 3 3 3 3 3 3 3 3 3 3 3 3 3]
C; MQ:  3,1434; MV:   11; DT:    0; SOL: [0 0 0 0 0 0 0 0 0 0 0 0 0 0 1 0 0 1 1 0 0 1 1 1 1 1 1 1 1 1 1 1 1 1 1 0 1 1 0 2 2 2 0 2 2 2 2 2 2 3 3 2 3 3 3 3 3 3 2 3 3 3 3]
I; MQ:  2,7031; MV:    5; DT:    0; SOL: [0 0 0 0 0 0 0 0 0 0 0 0 0 0 1 0 0 0 1 0 0 1 1 1 1 1 1 1 1 1 1 1 1 1 1 1 1 1 1 2 2 2 2 2 2 2 2 3 3 3 3 2 3 3 3 3 3 3 3 3 3 3 3]
I; MQ:  2,8556; MV:    9; DT:    1; SOL: [0 0 0 0 0 0 0 0 0 0 0 0 0 0 1 0 0 1 1 0 0 1 1 1 1 1 1 1 1 1 1 1 1 1 1 1 1 1 0 2 2 2 0 2 2 2 2 3 0 3 3 2 3 3 3 3 3 3 2 3 3 3 3]
I; MQ:  3,1434; MV:   11; DT:    2; SOL: [0 0 0 0 0 0 0 0 0 0 0 0 0 0 1 0 0 1 1 0 0 1 1 1 1 1 1 1 1 1 1 1 1 1 1 0 1 1 0 2 2 2 0 2 2 2 2 2 2 3 3 2 3 3 3 3 3 3 2 3 3 3 3]

Cycle #21: servlet
S; MQ:  2,5455; MV:    0; DT:    0; SOL: [0 0 0 0 0 0 0 0 0 0 0 0 0 0 0 0 0 0 0 0 0 1 1 1 1 1 1 1 1 1 1 1 1 1 1 1 1 1 2 2 2 2 2 2 2 2 3 3 3 3 3 3 3 3 3 3 3 3 3 3 3 3 3]
C; MQ:  3,4696; MV:   13; DT:    0; SOL: [0 0 0 0 0 0 0 0 0 0 0 0 0 0 0 0 0 0 0 0 0 1 0 1 1 1 1 1 1 1 1 1 1 1 1 0 1 1 1 0 2 0 1 2 4 0 3 4 4 2 3 2 3 3 3 3 3 3 2 3 3 3 3]
I; MQ:  2,6977; MV:    5; DT:    0; SOL: [0 0 0 0 0 0 0 0 0 0 0 0 0 0 0 0 0 0 0 0 0 1 0 1 1 1 1 1 1 1 1 1 1 1 1 0 1 1 1 2 2 2 2 2 2 2 3 3 3 2 3 2 3 3 3 3 3 3 3 3 3 3 3]
I; MQ:  2,9221; MV:   10; DT:    0; SOL: [0 0 0 0 0 0 0 0 0 0 0 0 0 0 0 0 0 0 0 0 0 1 0 1 1 1 1 1 1 1 1 1 1 1 1 0 1 1 1 0 2 0 2 2 3 0 3 2 3 2 3 2 3 3 3 3 3 3 3 3 3 3 3]
I; MQ:  3,4629; MV:   13; DT:    2; SOL: [0 0 0 0 0 0 0 0 0 0 0 0 0 0 0 0 0 0 0 0 0 1 0 1 1 1 1 1 1 1 1 1 1 1 1 0 1 1 1 0 2 0 0 2 4 0 3 4 4 2 3 2 3 3 3 3 3 3 2 3 3 3 3]
I; MQ:  3,4696; MV:   13; DT:    3; SOL: [0 0 0 0 0 0 0 0 0 0 0 0 0 0 0 0 0 0 0 0 0 1 0 1 1 1 1 1 1 1 1 1 1 1 1 0 1 1 1 0 2 0 1 2 4 0 3 4 4 2 3 2 3 3 3 3 3 3 2 3 3 3 3]

Cycle #22: servlet
S; MQ:  2,5455; MV:    0; DT:    0; SOL: [0 0 0 0 0 0 0 0 0 0 0 0 0 0 0 0 0 0 0 0 0 1 1 1 1 1 1 1 1 1 1 1 1 1 1 1 1 1 2 2 2 2 2 2 2 2 3 3 3 3 3 3 3 3 3 3 3 3 3 3 3 3 3]
C; MQ:  3,0877; MV:   11; DT:    0; SOL: [0 0 0 0 0 0 0 0 0 0 0 0 0 0 1 0 0 1 1 0 0 1 1 1 1 1 1 1 1 1 1 1 1 1 1 0 1 1 0 2 2 2 0 2 2 2 2 2 3 2 3 2 3 3 3 3 3 3 2 3 3 3 3]
I; MQ:  2,7553; MV:    5; DT:    0; SOL: [0 0 0 0 0 0 0 0 0 0 0 0 0 0 1 0 0 0 0 0 0 1 1 1 1 1 1 1 1 1 1 1 1 1 1 1 1 1 2 2 2 2 2 2 3 2 3 3 3 0 3 2 3 3 3 3 3 3 2 3 3 3 3]
I; MQ:  2,9904; MV:    7; DT:    2; SOL: [0 0 0 0 0 0 0 0 0 0 0 0 0 0 1 0 0 0 1 0 0 1 1 1 1 1 1 1 1 1 1 1 1 1 1 1 1 1 2 2 2 2 2 2 2 2 2 2 3 2 3 2 3 3 3 3 3 3 2 3 3 3 3]
I; MQ:  3,0877; MV:   11; DT:    2; SOL: [0 0 0 0 0 0 0 0 0 0 0 0 0 0 1 0 0 1 1 0 0 1 1 1 1 1 1 1 1 1 1 1 1 1 1 0 1 1 0 2 2 2 0 2 2 2 2 2 3 2 3 2 3 3 3 3 3 3 2 3 3 3 3]

Cycle #23: servlet
S; MQ:  2,5455; MV:    0; DT:    0; SOL: [0 0 0 0 0 0 0 0 0 0 0 0 0 0 0 0 0 0 0 0 0 1 1 1 1 1 1 1 1 1 1 1 1 1 1 1 1 1 2 2 2 2 2 2 2 2 3 3 3 3 3 3 3 3 3 3 3 3 3 3 3 3 3]
C; MQ:  3,2487; MV:   12; DT:    0; SOL: [0 0 0 0 0 0 0 0 0 0 0 0 0 0 0 0 0 0 0 0 0 1 0 1 1 1 1 1 1 1 1 1 1 1 1 0 1 1 1 0 2 0 1 2 2 0 2 2 2 2 3 3 3 3 3 3 3 3 2 3 3 3 3]
I; MQ:  2,7565; MV:    5; DT:    0; SOL: [0 0 0 0 0 0 0 0 0 0 0 0 0 0 0 0 0 0 0 0 0 1 0 1 1 1 1 1 1 1 1 1 1 1 1 0 1 1 1 2 3 2 2 2 2 2 2 3 3 3 3 3 3 3 3 3 3 3 3 3 3 3 3]
I; MQ:  2,8576; MV:    8; DT:    1; SOL: [0 0 0 0 0 2 2 0 0 0 0 0 0 0 0 0 0 0 0 0 0 1 0 1 1 1 1 1 1 1 1 1 1 1 1 0 1 1 1 2 2 2 2 2 2 2 2 2 2 3 3 3 3 3 3 3 3 3 3 3 3 3 3]
I; MQ:  3,0511; MV:   11; DT:    2; SOL: [0 0 0 0 0 0 2 0 0 0 0 0 0 0 0 0 0 0 0 0 0 1 0 1 1 1 1 1 1 1 1 1 1 1 1 0 1 1 1 2 2 0 2 2 2 0 2 2 2 2 3 3 3 3 3 3 3 3 2 3 3 3 3]
I; MQ:  3,2487; MV:   12; DT:    3; SOL: [0 0 0 0 0 0 0 0 0 0 0 0 0 0 0 0 0 0 0 0 0 1 0 1 1 1 1 1 1 1 1 1 1 1 1 0 1 1 1 0 2 0 1 2 2 0 2 2 2 2 3 3 3 3 3 3 3 3 2 3 3 3 3]

Cycle #24: servlet
S; MQ:  2,5455; MV:    0; DT:    0; SOL: [0 0 0 0 0 0 0 0 0 0 0 0 0 0 0 0 0 0 0 0 0 1 1 1 1 1 1 1 1 1 1 1 1 1 1 1 1 1 2 2 2 2 2 2 2 2 3 3 3 3 3 3 3 3 3 3 3 3 3 3 3 3 3]
C; MQ:  5,0633; MV:   28; DT:    0; SOL: [7 7 7 6 5 6 6 6 0 0 0 0 2 5 1 5 5 1 1 0 2 1 1 5 5 1 1 1 1 1 1 1 1 1 1 5 1 1 2 8 3 8 2 3 4 6 4 4 4 3 3 3 3 3 3 3 3 3 3 3 3 3 3]
I; MQ:  2,7120; MV:    5; DT:    0; SOL: [0 0 0 0 0 2 0 0 0 0 0 0 0 0 0 0 0 0 0 0 2 1 1 1 1 1 1 1 1 1 1 1 1 1 1 1 1 1 2 2 3 2 2 2 3 0 3 3 3 3 3 3 3 3 3 3 3 3 3 3 3 3 3]
I; MQ:  2,8118; MV:    9; DT:    1; SOL: [0 0 0 0 0 2 0 0 0 0 0 0 0 0 1 0 0 1 1 0 2 1 1 1 1 1 1 1 1 1 1 1 1 1 1 1 1 1 2 2 3 2 2 3 3 4 3 3 3 3 3 3 3 3 3 3 3 3 3 3 3 3 3]
I; MQ:  3,2244; MV:   13; DT:    2; SOL: [0 0 0 0 0 2 4 0 0 0 0 0 0 0 1 0 0 1 1 0 2 1 1 1 1 1 1 1 1 1 1 1 1 1 1 1 1 1 2 2 3 2 2 3 4 4 4 4 4 3 3 3 3 3 3 3 3 3 3 3 3 3 3]
I; MQ:  3,5414; MV:   15; DT:    4; SOL: [0 0 0 0 0 2 0 0 0 0 0 0 0 5 1 5 5 1 1 0 2 1 1 1 1 1 1 1 1 1 1 1 1 1 1 1 1 1 2 2 3 2 2 3 4 5 4 4 4 3 3 3 3 3 3 3 3 3 3 3 3 3 3]
I; MQ:  3,7114; MV:   18; DT:    7; SOL: [0 0 0 6 0 2 2 0 0 0 0 0 0 5 1 6 5 1 1 0 2 1 1 1 5 1 1 1 1 1 1 1 1 1 1 1 1 1 2 2 3 2 2 3 4 6 4 4 4 3 3 3 3 3 3 3 3 3 3 3 3 3 3]
I; MQ:  3,9109; MV:   20; DT:   10; SOL: [7 7 0 6 0 2 6 0 0 0 0 0 0 5 1 7 5 1 1 0 2 1 1 1 5 1 1 1 1 1 1 1 1 1 1 1 1 1 2 2 3 2 2 3 4 7 4 4 4 3 3 3 3 3 3 3 3 3 3 3 3 3 3]
I; MQ:  4,2093; MV:   23; DT:   12; SOL: [7 7 7 6 0 2 6 6 0 0 0 0 2 5 1 8 5 1 1 0 2 1 1 1 5 1 1 1 1 1 1 1 1 1 1 1 1 1 2 2 3 2 2 3 4 8 4 4 4 3 3 3 3 3 3 3 3 3 3 3 3 3 3]
I; MQ:  4,3081; MV:   25; DT:   15; SOL: [7 7 7 6 0 6 6 6 0 0 0 0 2 5 1 5 5 8 1 0 2 1 1 1 5 1 1 1 1 1 1 1 1 1 1 1 1 1 2 1 3 8 2 3 4 8 4 4 4 3 3 3 3 3 3 3 3 3 3 3 3 3 3]
I; MQ:  5,0244; MV:   27; DT:   18; SOL: [7 7 7 6 5 6 6 6 0 0 0 0 2 5 1 5 5 1 1 0 2 1 1 1 5 1 1 1 1 1 1 1 1 1 1 5 1 1 2 8 3 8 2 3 4 6 4 4 4 3 3 3 3 3 3 3 3 3 3 3 3 3 3]
I; MQ:  5,0633; MV:   28; DT:   18; SOL: [7 7 7 6 5 6 6 6 0 0 0 0 2 5 1 5 5 1 1 0 2 1 1 5 5 1 1 1 1 1 1 1 1 1 1 5 1 1 2 8 3 8 2 3 4 6 4 4 4 3 3 3 3 3 3 3 3 3 3 3 3 3 3]

Cycle #25: servlet
S; MQ:  2,5455; MV:    0; DT:    0; SOL: [0 0 0 0 0 0 0 0 0 0 0 0 0 0 0 0 0 0 0 0 0 1 1 1 1 1 1 1 1 1 1 1 1 1 1 1 1 1 2 2 2 2 2 2 2 2 3 3 3 3 3 3 3 3 3 3 3 3 3 3 3 3 3]
C; MQ:  3,2212; MV:   13; DT:    0; SOL: [0 0 0 0 0 0 0 0 0 0 0 0 0 0 1 0 0 0 1 0 0 1 1 1 1 1 1 1 1 1 1 1 1 1 1 0 1 1 1 0 2 0 1 2 2 0 2 2 2 3 3 2 3 3 3 3 3 3 2 3 3 3 3]
I; MQ:  2,8912; MV:    5; DT:    0; SOL: [0 0 0 0 0 0 0 0 0 0 0 0 0 0 1 0 0 0 0 0 0 1 1 1 1 1 1 1 1 1 1 1 1 1 1 1 1 1 2 2 2 2 2 2 2 0 2 2 2 3 3 3 3 3 3 3 3 3 3 3 3 3 3]
I; MQ:  3,1096; MV:   10; DT:    0; SOL: [0 0 0 0 0 0 0 0 0 0 0 0 0 0 1 0 0 0 0 0 0 1 1 1 1 1 1 1 1 1 1 1 1 1 1 0 1 1 2 0 2 0 2 2 2 0 2 2 2 3 3 2 3 3 3 3 3 3 2 3 3 3 3]
I; MQ:  3,2212; MV:   13; DT:    0; SOL: [0 0 0 0 0 0 0 0 0 0 0 0 0 0 1 0 0 0 1 0 0 1 1 1 1 1 1 1 1 1 1 1 1 1 1 0 1 1 1 0 2 0 1 2 2 0 2 2 2 3 3 2 3 3 3 3 3 3 2 3 3 3 3]

Cycle #26: servlet
S; MQ:  2,5455; MV:    0; DT:    0; SOL: [0 0 0 0 0 0 0 0 0 0 0 0 0 0 0 0 0 0 0 0 0 1 1 1 1 1 1 1 1 1 1 1 1 1 1 1 1 1 2 2 2 2 2 2 2 2 3 3 3 3 3 3 3 3 3 3 3 3 3 3 3 3 3]
C; MQ:  2,9631; MV:   13; DT:    0; SOL: [0 0 0 2 0 2 2 2 0 0 0 0 2 0 1 0 0 1 1 0 2 1 1 1 1 1 1 1 1 1 1 1 1 1 1 0 1 1 2 2 3 2 2 3 3 2 3 3 3 3 3 3 3 3 3 3 3 3 3 3 3 3 3]
I; MQ:  2,6252; MV:    5; DT:    0; SOL: [0 0 0 0 0 2 0 0 0 0 0 0 0 0 1 0 0 0 0 0 2 1 1 1 1 1 1 1 1 1 1 1 1 1 1 0 1 1 1 2 2 2 2 2 2 2 3 3 3 3 3 3 3 3 3 3 3 3 3 3 3 3 3]
I; MQ:  2,8198; MV:    8; DT:    1; SOL: [0 0 0 0 0 2 0 0 0 0 0 0 2 0 1 0 0 0 1 0 2 1 1 1 1 1 1 1 1 1 1 1 1 1 1 0 1 1 2 2 3 2 2 3 2 2 3 3 3 3 3 3 3 3 3 3 3 3 3 3 3 3 3]
I; MQ:  2,9631; MV:   13; DT:    1; SOL: [0 0 0 2 0 2 2 2 0 0 0 0 2 0 1 0 0 1 1 0 2 1 1 1 1 1 1 1 1 1 1 1 1 1 1 0 1 1 2 2 3 2 2 3 3 2 3 3 3 3 3 3 3 3 3 3 3 3 3 3 3 3 3]

Cycle #27: servlet
S; MQ:  2,5455; MV:    0; DT:    0; SOL: [0 0 0 0 0 0 0 0 0 0 0 0 0 0 0 0 0 0 0 0 0 1 1 1 1 1 1 1 1 1 1 1 1 1 1 1 1 1 2 2 2 2 2 2 2 2 3 3 3 3 3 3 3 3 3 3 3 3 3 3 3 3 3]
C; MQ:  3,2212; MV:   13; DT:    0; SOL: [0 0 0 0 0 0 0 0 0 0 0 0 0 0 1 0 0 0 1 0 0 1 1 1 1 1 1 1 1 1 1 1 1 1 1 0 1 1 1 0 2 0 1 2 2 0 2 3 2 2 3 2 3 3 3 3 3 3 2 3 3 3 3]
I; MQ:  2,6992; MV:    5; DT:    0; SOL: [0 0 0 0 0 0 0 0 0 0 0 0 0 0 1 0 0 0 1 0 0 1 1 1 1 1 1 1 1 1 1 1 1 1 1 1 1 1 2 2 2 2 2 2 3 0 3 3 3 3 3 2 3 3 3 3 3 3 3 3 3 3 3]
I; MQ:  2,8841; MV:   10; DT:    0; SOL: [0 0 0 0 0 0 0 0 0 0 0 0 0 0 1 0 0 0 1 0 0 1 1 1 1 1 1 1 1 1 1 1 1 1 1 0 1 1 2 0 2 0 2 2 3 0 3 3 2 3 3 2 3 3 3 3 3 3 2 3 3 3 3]
I; MQ:  3,0880; MV:   13; DT:    1; SOL: [0 0 0 0 0 0 0 0 0 0 0 0 0 0 1 0 0 0 1 0 0 1 1 1 1 1 1 1 1 1 1 1 1 1 1 0 1 1 1 0 2 0 1 2 2 0 2 3 2 0 3 2 3 3 3 3 3 3 2 3 3 3 3]
I; MQ:  3,2212; MV:   13; DT:    2; SOL: [0 0 0 0 0 0 0 0 0 0 0 0 0 0 1 0 0 0 1 0 0 1 1 1 1 1 1 1 1 1 1 1 1 1 1 0 1 1 1 0 2 0 1 2 2 0 2 3 2 2 3 2 3 3 3 3 3 3 2 3 3 3 3]

Cycle #28: servlet
S; MQ:  2,5455; MV:    0; DT:    0; SOL: [0 0 0 0 0 0 0 0 0 0 0 0 0 0 0 0 0 0 0 0 0 1 1 1 1 1 1 1 1 1 1 1 1 1 1 1 1 1 2 2 2 2 2 2 2 2 3 3 3 3 3 3 3 3 3 3 3 3 3 3 3 3 3]
C; MQ:  4,3903; MV:   26; DT:    0; SOL: [0 0 5 5 0 5 5 5 4 4 4 4 5 0 0 0 0 0 0 0 5 1 0 0 0 1 1 1 1 1 1 1 1 1 1 0 1 1 5 5 2 5 5 2 5 5 3 2 2 2 3 2 3 3 3 3 3 3 2 3 3 3 3]
I; MQ:  2,7803; MV:    5; DT:    0; SOL: [0 0 0 0 0 0 0 0 0 0 0 0 0 0 0 0 0 0 0 0 0 1 1 1 1 1 1 1 1 1 1 1 1 1 1 1 1 1 2 2 2 2 2 2 2 0 3 3 2 2 3 0 3 3 3 3 3 3 2 3 3 3 3]
I; MQ:  3,1150; MV:    9; DT:    1; SOL: [0 0 0 0 0 0 0 0 0 0 0 0 0 0 0 0 0 0 0 0 0 1 1 1 1 1 1 1 1 1 1 1 1 1 1 1 1 1 2 0 2 0 2 2 0 0 3 2 2 2 3 2 3 3 3 3 3 3 2 3 3 3 3]
I; MQ:  3,2850; MV:   12; DT:    3; SOL: [0 0 0 0 0 0 4 4 0 0 4 0 0 0 0 0 0 0 0 0 0 1 1 1 1 1 1 1 1 1 1 1 1 1 1 1 1 1 2 0 2 0 2 2 4 4 3 2 2 2 3 2 3 3 3 3 3 3 2 3 3 3 3]
I; MQ:  3,4250; MV:   17; DT:    3; SOL: [0 0 0 0 0 0 4 4 0 0 4 4 0 0 0 0 0 0 0 0 0 1 0 0 1 1 1 1 1 1 1 1 1 1 1 0 1 1 0 0 2 0 2 2 4 4 3 2 2 2 3 2 3 3 3 3 3 3 2 3 3 3 3]
I; MQ:  3,6576; MV:   22; DT:    3; SOL: [0 0 4 0 0 0 4 4 4 4 4 4 0 0 0 0 0 0 0 0 0 1 0 0 0 1 1 1 1 1 1 1 1 1 1 0 1 1 0 0 2 0 0 2 4 4 3 2 2 2 3 2 3 3 3 3 3 3 2 3 3 3 3]
I; MQ:  4,0366; MV:   22; DT:    8; SOL: [0 0 4 0 0 0 5 4 4 4 4 4 0 0 0 0 0 0 0 0 0 1 0 0 0 1 1 1 1 1 1 1 1 1 1 0 1 1 0 5 2 5 0 2 5 5 3 2 2 2 3 2 3 3 3 3 3 3 2 3 3 3 3]
I; MQ:  4,3104; MV:   25; DT:   10; SOL: [0 0 5 0 0 5 5 5 4 4 4 4 5 0 0 0 0 0 0 0 5 1 0 0 0 1 1 1 1 1 1 1 1 1 1 0 1 1 0 5 2 5 0 2 5 5 3 2 2 2 3 2 3 3 3 3 3 3 2 3 3 3 3]
I; MQ:  4,3903; MV:   26; DT:   12; SOL: [0 0 5 5 0 5 5 5 4 4 4 4 5 0 0 0 0 0 0 0 5 1 0 0 0 1 1 1 1 1 1 1 1 1 1 0 1 1 5 5 2 5 5 2 5 5 3 2 2 2 3 2 3 3 3 3 3 3 2 3 3 3 3]

Cycle #29: servlet
S; MQ:  2,5455; MV:    0; DT:    0; SOL: [0 0 0 0 0 0 0 0 0 0 0 0 0 0 0 0 0 0 0 0 0 1 1 1 1 1 1 1 1 1 1 1 1 1 1 1 1 1 2 2 2 2 2 2 2 2 3 3 3 3 3 3 3 3 3 3 3 3 3 3 3 3 3]
C; MQ:  3,1571; MV:   13; DT:    0; SOL: [0 0 0 0 0 0 0 0 0 0 0 0 0 0 0 0 0 0 0 0 0 1 0 1 1 1 1 1 1 1 1 1 1 1 1 0 1 1 1 0 2 0 1 2 0 0 0 2 3 2 3 2 3 3 3 3 3 3 2 3 3 3 3]
I; MQ:  2,7410; MV:    5; DT:    0; SOL: [0 0 0 0 0 0 0 0 0 0 0 0 0 0 0 0 0 0 0 0 0 1 1 1 1 1 1 1 1 1 1 1 1 1 1 1 1 1 1 2 2 2 2 2 2 2 2 3 3 0 3 2 3 3 3 3 3 3 2 3 3 3 3]
I; MQ:  3,0334; MV:    9; DT:    1; SOL: [0 0 0 0 0 0 0 0 0 0 0 0 0 0 0 0 0 0 0 0 0 1 0 1 1 1 1 1 1 1 1 1 1 1 1 1 1 1 1 2 2 0 1 2 2 2 2 2 3 2 3 2 3 3 3 3 3 3 2 3 3 3 3]
I; MQ:  3,1571; MV:   13; DT:    2; SOL: [0 0 0 0 0 0 0 0 0 0 0 0 0 0 0 0 0 0 0 0 0 1 0 1 1 1 1 1 1 1 1 1 1 1 1 0 1 1 1 0 2 0 1 2 0 0 0 2 3 2 3 2 3 3 3 3 3 3 2 3 3 3 3]
