udt-java (56 classes; 7 packages; 227 deps)

Cycle #0: udt-java
S; MQ:  1,9411; MV:    0; DT:    0; SOL: [0 0 0 0 0 0 0 0 0 0 0 0 0 0 0 0 0 0 1 1 1 1 1 1 1 1 1 1 1 1 1 2 2 2 2 2 2 3 4 5 5 6 6 6 6 6 6 6 6 6 6 6 6 6 6 6]
C; MQ:  2,9320; MV:   18; DT:    0; SOL: [0 3 5 0 1 0 0 0 5 0 0 1 0 0 5 0 5 3 2 1 1 1 1 1 3 0 1 1 1 1 3 2 2 2 2 2 2 0 0 3 5 6 6 6 6 0 0 6 6 6 6 6 6 0 6 6]
I; MQ:  2,0988; MV:    5; DT:    0; SOL: [0 3 0 0 1 0 0 0 0 0 0 0 0 0 0 0 0 5 1 1 1 1 1 1 1 1 1 1 1 1 1 2 2 2 2 2 2 3 4 5 5 6 6 6 6 6 0 6 6 6 6 6 6 0 6 6]
I; MQ:  2,1833; MV:    5; DT:    3; SOL: [0 3 0 0 0 2 0 0 0 0 0 0 0 0 0 0 0 3 1 1 1 1 1 1 0 1 1 1 1 1 1 2 2 2 2 2 2 3 4 5 5 6 6 6 6 6 6 6 6 6 6 6 6 0 6 6]
I; MQ:  2,3703; MV:    9; DT:    5; SOL: [0 3 0 0 0 2 0 0 5 0 0 0 0 0 0 0 5 3 1 1 1 1 1 1 3 1 1 1 1 1 1 2 2 2 2 2 2 3 4 5 5 6 6 6 6 0 0 6 6 6 6 6 6 0 6 6]
I; MQ:  2,5028; MV:   14; DT:    6; SOL: [0 3 0 0 1 2 0 0 5 0 0 1 0 0 0 0 5 3 1 1 1 1 1 1 3 1 1 1 1 1 1 2 2 2 2 2 2 3 0 0 5 6 6 6 6 0 0 6 6 6 6 6 6 0 6 0]
I; MQ:  2,8266; MV:   14; DT:    9; SOL: [0 3 0 0 1 0 0 0 5 0 0 1 0 0 0 0 5 3 2 1 1 1 1 1 3 1 1 1 1 1 0 2 2 2 2 2 2 3 0 3 5 6 6 6 6 0 0 6 6 6 6 6 6 0 6 6]
I; MQ:  2,9320; MV:   18; DT:   10; SOL: [0 3 5 0 1 0 0 0 5 0 0 1 0 0 5 0 5 3 2 1 1 1 1 1 3 0 1 1 1 1 3 2 2 2 2 2 2 0 0 3 5 6 6 6 6 0 0 6 6 6 6 6 6 0 6 6]

Cycle #1: udt-java
S; MQ:  1,9411; MV:    0; DT:    0; SOL: [0 0 0 0 0 0 0 0 0 0 0 0 0 0 0 0 0 0 1 1 1 1 1 1 1 1 1 1 1 1 1 2 2 2 2 2 2 3 4 5 5 6 6 6 6 6 6 6 6 6 6 6 6 6 6 6]
C; MQ:  3,3252; MV:   20; DT:    0; SOL: [0 0 5 0 3 0 0 0 5 0 0 3 0 0 5 0 0 0 2 1 1 5 5 1 0 0 5 5 5 3 5 2 2 2 2 2 2 0 0 5 5 6 6 6 6 0 6 6 6 6 6 6 6 0 6 0]
I; MQ:  2,0786; MV:    5; DT:    0; SOL: [0 0 0 0 0 0 0 0 0 0 0 0 0 0 0 0 0 0 1 1 1 1 1 1 1 0 1 1 1 0 1 2 2 0 2 2 2 3 4 5 0 6 6 6 6 0 6 6 6 6 6 6 6 6 6 6]
I; MQ:  2,2641; MV:    7; DT:    2; SOL: [0 0 0 0 0 0 0 0 5 0 0 0 0 0 0 0 0 0 1 1 1 1 1 1 1 0 1 1 1 0 1 2 2 1 2 2 2 3 0 5 5 6 6 6 6 0 6 6 6 6 6 6 6 0 6 6]
I; MQ:  2,3752; MV:   12; DT:    3; SOL: [0 0 0 0 0 0 0 0 5 0 0 0 0 0 0 0 0 0 1 1 1 1 1 1 1 0 5 1 5 0 1 2 2 1 2 1 2 0 0 5 1 6 6 6 6 0 6 6 6 6 6 6 6 0 6 6]
I; MQ:  2,4482; MV:   15; DT:    4; SOL: [0 0 0 0 0 0 0 0 5 0 0 0 0 0 5 0 0 0 1 1 1 0 1 1 0 0 5 5 5 0 1 2 2 1 2 1 2 0 0 5 5 6 6 6 6 0 6 6 6 6 6 6 6 0 6 6]
I; MQ:  2,5590; MV:   18; DT:    7; SOL: [0 0 5 0 0 0 0 0 5 0 0 5 0 0 5 0 0 0 1 1 1 5 1 1 0 0 5 5 5 5 1 2 2 1 2 1 2 0 0 5 1 6 6 6 6 0 6 6 6 6 6 6 6 0 6 6]
I; MQ:  3,0348; MV:   20; DT:   10; SOL: [0 0 5 0 3 0 0 0 5 0 0 3 0 0 5 0 0 0 2 1 1 5 1 1 0 0 5 5 5 3 1 2 2 0 2 1 2 0 0 5 1 6 6 6 6 0 6 6 6 6 6 6 6 0 6 6]
I; MQ:  3,2706; MV:   19; DT:   13; SOL: [0 0 5 0 3 0 0 0 5 0 0 3 0 0 5 0 5 0 2 1 1 5 1 1 0 0 5 5 5 3 0 2 2 2 2 2 2 0 0 5 5 6 6 6 6 0 6 6 6 6 6 6 6 0 6 6]
I; MQ:  3,3252; MV:   20; DT:   15; SOL: [0 0 5 0 3 0 0 0 5 0 0 3 0 0 5 0 0 0 2 1 1 5 5 1 0 0 5 5 5 3 5 2 2 2 2 2 2 0 0 5 5 6 6 6 6 0 6 6 6 6 6 6 6 0 6 0]

Cycle #2: udt-java
S; MQ:  1,9411; MV:    0; DT:    0; SOL: [0 0 0 0 0 0 0 0 0 0 0 0 0 0 0 0 0 0 1 1 1 1 1 1 1 1 1 1 1 1 1 2 2 2 2 2 2 3 4 5 5 6 6 6 6 6 6 6 6 6 6 6 6 6 6 6]
C; MQ:  3,4270; MV:   26; DT:    0; SOL: [4 0 0 0 1 0 0 4 5 0 3 1 0 3 0 4 0 0 2 1 1 5 0 1 3 3 5 5 5 1 4 2 4 2 4 2 4 3 4 4 0 6 6 6 6 0 0 6 6 6 6 6 6 0 6 0]
I; MQ:  2,1021; MV:    5; DT:    0; SOL: [0 0 0 0 0 0 0 0 0 0 0 0 0 3 0 0 0 0 1 1 1 1 1 1 1 1 1 1 1 1 1 2 2 1 2 1 2 3 4 5 5 6 6 6 6 6 6 3 6 6 6 6 6 6 3 6]
I; MQ:  2,3554; MV:    8; DT:    1; SOL: [0 0 0 0 0 1 3 0 0 0 0 0 0 3 5 4 0 0 1 1 1 1 1 1 1 1 1 1 1 1 1 2 2 1 2 1 2 3 4 5 5 6 6 6 6 6 6 3 6 6 6 6 6 6 6 6]
I; MQ:  2,4063; MV:   12; DT:    3; SOL: [0 0 5 0 0 3 3 0 0 3 3 0 0 3 5 4 0 0 1 1 1 1 1 1 1 1 1 1 1 1 1 2 2 1 2 1 2 3 4 5 5 6 6 6 6 6 6 3 6 6 6 6 6 6 3 6]
I; MQ:  2,4843; MV:   10; DT:    7; SOL: [0 0 5 0 0 1 0 0 0 0 3 0 0 3 5 4 0 0 1 3 1 1 1 1 1 1 1 1 1 1 1 2 2 1 2 1 2 3 4 5 5 6 6 6 6 6 6 3 6 6 6 6 6 6 6 6]
I; MQ:  2,6323; MV:    9; DT:   10; SOL: [0 0 5 0 0 1 0 0 0 0 3 0 0 3 5 4 0 0 2 3 1 1 1 1 1 1 1 1 1 1 1 2 1 2 2 2 2 3 4 5 5 6 6 6 6 6 6 6 6 6 6 6 6 6 6 6]
I; MQ:  2,7700; MV:   10; DT:   12; SOL: [0 0 5 0 0 0 0 0 0 0 3 0 0 3 5 4 0 0 2 3 1 1 1 1 1 3 1 1 1 1 1 2 2 2 2 2 2 3 4 5 5 6 6 6 6 6 6 6 6 6 6 6 6 0 6 0]
I; MQ:  2,8937; MV:   15; DT:   12; SOL: [4 0 5 0 1 0 0 0 5 0 3 1 0 3 5 4 0 0 2 3 1 1 1 1 1 3 1 1 1 1 1 2 2 2 2 2 2 3 4 5 0 6 6 6 6 6 6 6 6 6 6 6 6 0 6 0]
I; MQ:  2,9774; MV:   16; DT:   14; SOL: [4 0 0 0 1 0 0 0 5 0 3 1 0 3 0 4 0 0 2 3 1 1 1 1 1 3 5 1 5 1 1 2 2 2 2 2 2 3 4 1 0 6 6 6 6 6 6 6 6 6 6 6 6 0 6 0]
I; MQ:  3,0923; MV:   21; DT:   14; SOL: [4 0 0 0 1 0 0 0 5 0 3 1 0 3 0 4 0 0 2 3 1 5 0 1 1 3 5 5 5 1 1 2 2 2 2 2 2 3 4 1 0 6 6 6 6 0 0 6 6 6 6 6 6 0 6 0]
I; MQ:  3,2733; MV:   25; DT:   16; SOL: [4 0 0 0 1 0 0 4 5 0 3 1 0 3 0 4 0 0 2 3 1 5 0 1 1 3 5 5 5 1 4 2 4 2 2 2 0 3 4 0 0 6 6 6 6 0 0 6 6 6 6 6 6 0 6 0]
I; MQ:  3,4270; MV:   26; DT:   19; SOL: [4 0 0 0 1 0 0 4 5 0 3 1 0 3 0 4 0 0 2 1 1 5 0 1 3 3 5 5 5 1 4 2 4 2 4 2 4 3 4 4 0 6 6 6 6 0 0 6 6 6 6 6 6 0 6 0]

Cycle #3: udt-java
S; MQ:  1,9411; MV:    0; DT:    0; SOL: [0 0 0 0 0 0 0 0 0 0 0 0 0 0 0 0 0 0 1 1 1 1 1 1 1 1 1 1 1 1 1 2 2 2 2 2 2 3 4 5 5 6 6 6 6 6 6 6 6 6 6 6 6 6 6 6]
C; MQ:  2,9283; MV:   21; DT:    0; SOL: [4 0 0 0 1 0 0 4 0 0 4 1 4 0 0 4 0 0 1 1 1 5 1 1 0 0 5 5 1 1 2 2 2 1 2 1 2 0 4 2 0 6 6 6 6 0 0 6 6 6 6 6 6 0 6 6]
I; MQ:  2,2776; MV:    5; DT:    0; SOL: [0 0 0 0 0 0 0 0 0 0 0 1 0 0 5 4 0 0 1 1 1 1 1 1 0 1 1 1 1 1 1 2 2 2 2 1 2 3 4 5 5 6 6 6 6 6 6 6 6 6 6 6 6 6 6 6]
I; MQ:  2,4696; MV:   10; DT:    0; SOL: [0 0 0 0 1 0 0 0 0 0 0 1 0 0 5 4 0 0 1 1 1 1 1 1 0 1 1 1 1 1 1 2 2 2 2 1 2 3 4 5 5 6 6 6 6 0 0 6 6 6 6 6 6 0 6 0]
I; MQ:  2,5868; MV:   13; DT:    1; SOL: [0 0 0 0 1 0 0 0 0 0 0 1 0 0 5 4 0 0 1 1 1 5 1 1 0 1 5 5 1 1 1 2 2 2 2 1 2 3 4 5 0 6 6 6 6 0 0 6 6 6 6 6 6 0 6 6]
I; MQ:  2,7654; MV:   16; DT:    2; SOL: [0 0 0 0 1 0 0 0 0 0 0 1 0 0 0 4 0 0 1 1 1 5 1 1 0 1 5 5 1 1 0 2 2 1 2 1 2 0 4 1 0 6 6 6 6 0 0 6 6 6 6 6 6 0 6 6]
I; MQ:  2,9111; MV:   19; DT:    4; SOL: [4 0 0 0 1 0 0 4 0 0 0 1 0 0 0 4 0 0 1 1 1 5 1 1 0 0 5 5 1 1 2 2 2 1 2 1 2 0 4 2 0 6 6 6 6 0 0 6 6 6 6 6 6 0 6 6]
I; MQ:  2,9283; MV:   21; DT:    4; SOL: [4 0 0 0 1 0 0 4 0 0 4 1 4 0 0 4 0 0 1 1 1 5 1 1 0 0 5 5 1 1 2 2 2 1 2 1 2 0 4 2 0 6 6 6 6 0 0 6 6 6 6 6 6 0 6 6]

Cycle #4: udt-java
S; MQ:  1,9411; MV:    0; DT:    0; SOL: [0 0 0 0 0 0 0 0 0 0 0 0 0 0 0 0 0 0 1 1 1 1 1 1 1 1 1 1 1 1 1 2 2 2 2 2 2 3 4 5 5 6 6 6 6 6 6 6 6 6 6 6 6 6 6 6]
C; MQ:  2,8225; MV:   15; DT:    0; SOL: [0 0 0 0 1 0 0 0 0 0 0 1 0 0 0 0 0 0 2 1 1 5 1 1 0 0 5 5 1 1 0 2 2 2 2 2 2 0 0 0 0 6 6 6 6 0 6 6 6 6 6 6 6 0 6 6]
I; MQ:  2,1434; MV:    5; DT:    0; SOL: [0 0 0 0 0 0 0 0 0 0 0 0 0 0 5 0 0 0 1 1 1 1 1 1 1 0 1 1 1 1 1 2 2 2 2 2 2 0 0 5 5 6 6 6 6 6 6 6 6 6 6 6 6 0 6 6]
I; MQ:  2,2369; MV:    9; DT:    1; SOL: [0 0 0 0 0 2 0 0 0 0 0 0 0 0 5 0 0 0 1 1 1 1 1 1 2 2 1 1 1 1 1 2 2 2 2 2 2 0 0 5 5 6 6 6 6 0 6 6 6 6 6 6 6 0 6 0]
I; MQ:  2,3934; MV:   14; DT:    1; SOL: [0 0 0 0 0 2 0 2 0 0 0 1 0 0 5 0 0 0 1 1 1 1 1 1 2 2 1 5 1 1 2 2 2 2 2 2 2 0 0 1 5 6 6 6 6 0 6 6 6 6 6 6 6 0 6 0]
I; MQ:  2,4984; MV:   13; DT:    5; SOL: [0 0 0 0 0 0 0 2 0 0 0 1 0 0 5 0 0 0 2 1 1 1 1 1 0 0 1 5 1 1 2 2 2 2 2 2 2 0 0 1 5 6 6 6 6 0 6 6 6 6 6 6 6 0 6 6]
I; MQ:  2,6486; MV:   12; DT:    9; SOL: [0 0 0 0 1 0 0 0 0 0 0 1 0 0 5 0 0 0 2 1 1 1 1 1 0 0 1 1 1 1 0 2 2 2 2 2 2 0 0 0 5 6 6 6 6 0 6 6 6 6 6 6 6 0 6 6]
I; MQ:  2,8225; MV:   15; DT:   11; SOL: [0 0 0 0 1 0 0 0 0 0 0 1 0 0 0 0 0 0 2 1 1 5 1 1 0 0 5 5 1 1 0 2 2 2 2 2 2 0 0 0 0 6 6 6 6 0 6 6 6 6 6 6 6 0 6 6]

Cycle #5: udt-java
S; MQ:  1,9411; MV:    0; DT:    0; SOL: [0 0 0 0 0 0 0 0 0 0 0 0 0 0 0 0 0 0 1 1 1 1 1 1 1 1 1 1 1 1 1 2 2 2 2 2 2 3 4 5 5 6 6 6 6 6 6 6 6 6 6 6 6 6 6 6]
C; MQ:  2,9892; MV:   18; DT:    0; SOL: [4 5 0 0 1 0 0 4 0 0 4 1 4 0 5 4 0 5 2 1 1 1 1 1 5 0 1 1 1 1 5 2 2 2 2 2 2 0 4 5 5 6 6 6 6 0 0 6 6 6 6 6 6 0 6 6]
I; MQ:  2,2272; MV:    5; DT:    0; SOL: [0 3 0 0 0 0 0 0 0 0 0 1 0 0 5 4 0 5 1 1 1 1 1 1 1 1 1 1 1 1 1 2 2 2 2 2 2 3 4 5 5 6 6 6 6 6 6 6 6 6 6 6 6 6 6 6]
I; MQ:  2,4557; MV:    9; DT:    1; SOL: [0 5 0 0 0 0 0 0 0 0 0 1 0 0 5 4 0 5 1 1 1 1 1 1 1 1 1 1 1 1 2 2 2 0 2 2 2 0 4 5 5 6 6 6 6 6 0 6 6 6 6 6 6 6 6 6]
I; MQ:  2,6213; MV:   11; DT:    3; SOL: [0 5 0 0 0 0 0 0 0 0 0 1 0 0 5 4 0 5 2 1 1 1 1 1 5 0 1 1 1 1 1 2 2 1 2 2 2 0 4 5 5 6 6 6 6 6 0 6 6 6 6 6 6 6 6 6]
I; MQ:  2,8693; MV:   14; DT:    5; SOL: [4 5 0 0 0 0 0 0 0 0 0 1 0 0 5 4 0 5 2 1 1 1 1 1 5 0 1 1 1 1 5 2 2 2 2 2 2 0 4 5 5 6 6 6 6 0 0 6 6 6 6 6 6 0 6 6]
I; MQ:  2,9892; MV:   18; DT:    5; SOL: [4 5 0 0 1 0 0 4 0 0 4 1 4 0 5 4 0 5 2 1 1 1 1 1 5 0 1 1 1 1 5 2 2 2 2 2 2 0 4 5 5 6 6 6 6 0 0 6 6 6 6 6 6 0 6 6]

Cycle #6: udt-java
S; MQ:  1,9411; MV:    0; DT:    0; SOL: [0 0 0 0 0 0 0 0 0 0 0 0 0 0 0 0 0 0 1 1 1 1 1 1 1 1 1 1 1 1 1 2 2 2 2 2 2 3 4 5 5 6 6 6 6 6 6 6 6 6 6 6 6 6 6 6]
C; MQ:  3,3838; MV:   19; DT:    0; SOL: [4 0 0 0 3 0 0 4 0 0 4 3 4 0 0 4 0 0 2 1 1 1 1 1 0 0 1 1 1 3 5 5 2 2 5 2 2 0 4 5 0 6 6 6 6 0 0 6 6 6 6 6 6 0 6 6]
I; MQ:  2,5280; MV:    5; DT:    0; SOL: [0 0 0 0 0 0 0 0 0 0 3 0 0 3 0 4 0 0 2 1 1 1 1 1 1 1 1 1 1 0 1 2 2 2 2 2 2 3 4 5 5 6 6 6 6 6 6 6 6 6 6 6 6 6 6 6]
I; MQ:  2,7491; MV:   10; DT:    0; SOL: [4 0 0 0 0 0 0 0 0 0 3 0 0 3 0 4 0 0 2 1 1 1 1 1 1 1 1 1 1 0 5 2 2 2 5 2 2 3 4 5 0 6 6 6 6 6 6 6 6 6 6 6 6 6 3 6]
I; MQ:  2,8586; MV:   10; DT:    3; SOL: [4 0 0 0 3 0 0 0 0 0 3 0 0 0 0 4 0 0 2 1 1 1 1 1 1 3 1 1 1 3 5 2 2 2 5 2 2 3 4 5 0 6 6 6 6 6 6 6 6 6 6 6 6 6 6 6]
I; MQ:  3,1158; MV:   13; DT:    4; SOL: [4 0 0 0 3 0 0 4 0 0 0 0 0 0 0 4 0 0 2 1 1 1 1 1 1 3 1 1 1 3 5 5 2 2 5 2 2 0 4 5 0 6 6 6 6 6 6 6 6 6 6 6 6 0 6 6]
I; MQ:  3,2079; MV:   18; DT:    5; SOL: [4 0 0 0 3 0 0 4 0 0 4 0 4 0 0 4 0 0 2 1 1 1 1 1 0 3 1 1 1 3 5 5 2 2 5 2 2 0 4 5 0 6 6 6 6 0 0 6 6 6 6 6 6 0 6 6]
I; MQ:  3,3838; MV:   19; DT:    6; SOL: [4 0 0 0 3 0 0 4 0 0 4 3 4 0 0 4 0 0 2 1 1 1 1 1 0 0 1 1 1 3 5 5 2 2 5 2 2 0 4 5 0 6 6 6 6 0 0 6 6 6 6 6 6 0 6 6]

Cycle #7: udt-java
S; MQ:  1,9411; MV:    0; DT:    0; SOL: [0 0 0 0 0 0 0 0 0 0 0 0 0 0 0 0 0 0 1 1 1 1 1 1 1 1 1 1 1 1 1 2 2 2 2 2 2 3 4 5 5 6 6 6 6 6 6 6 6 6 6 6 6 6 6 6]
C; MQ:  3,0231; MV:   20; DT:    0; SOL: [0 0 0 0 1 0 0 0 5 0 3 1 0 3 0 0 0 0 2 3 3 1 3 3 3 3 5 1 5 1 5 2 2 2 2 2 2 3 0 5 5 6 6 6 6 0 0 6 6 6 6 6 6 0 6 0]
I; MQ:  2,1299; MV:    5; DT:    0; SOL: [0 0 0 0 0 0 0 0 0 0 0 0 0 3 5 0 0 0 1 1 1 1 1 1 1 1 1 1 1 1 1 2 2 2 2 2 2 3 0 0 5 6 6 6 6 6 6 3 6 6 6 6 6 6 6 6]
I; MQ:  2,2907; MV:    8; DT:    1; SOL: [0 0 0 0 0 0 0 0 5 0 3 0 0 3 5 0 0 0 1 1 1 1 1 1 1 3 1 1 1 1 1 2 2 2 2 2 2 3 0 0 5 6 6 6 6 6 0 6 6 6 6 6 6 6 6 6]
I; MQ:  2,4977; MV:   13; DT:    1; SOL: [0 0 0 0 1 0 0 0 5 0 3 0 0 3 5 0 0 0 2 1 1 1 1 1 1 3 1 1 5 1 2 2 2 2 2 1 2 3 0 0 5 6 6 6 6 6 0 6 6 6 6 6 6 6 6 6]
I; MQ:  2,6400; MV:   12; DT:    4; SOL: [0 0 0 0 1 0 0 0 5 0 3 0 0 3 5 0 0 0 2 1 1 1 1 1 0 3 1 1 1 1 1 2 2 2 2 2 2 3 0 0 5 6 6 6 6 0 0 6 6 6 6 6 6 6 6 6]
I; MQ:  2,6818; MV:   13; DT:    8; SOL: [0 0 0 0 1 0 0 0 5 0 3 0 0 3 0 0 0 0 2 1 1 1 1 1 0 3 1 1 5 1 5 2 2 2 2 2 5 3 0 5 5 6 6 6 6 0 0 6 6 6 6 6 6 6 6 6]
I; MQ:  2,8871; MV:   15; DT:   10; SOL: [0 0 0 0 1 0 0 0 5 0 3 1 0 3 0 0 0 0 2 1 1 1 1 1 3 3 5 1 5 1 5 2 2 2 2 2 2 3 0 5 5 6 6 6 6 0 0 6 6 6 6 6 6 0 6 6]
I; MQ:  2,9898; MV:   20; DT:   10; SOL: [0 0 0 0 1 0 0 0 5 0 3 1 0 3 0 0 0 0 2 3 3 1 0 3 3 3 5 1 5 1 5 2 2 2 2 2 2 3 0 5 5 6 6 6 6 0 0 6 6 6 6 6 6 0 6 0]
I; MQ:  3,0231; MV:   20; DT:   11; SOL: [0 0 0 0 1 0 0 0 5 0 3 1 0 3 0 0 0 0 2 3 3 1 3 3 3 3 5 1 5 1 5 2 2 2 2 2 2 3 0 5 5 6 6 6 6 0 0 6 6 6 6 6 6 0 6 0]

Cycle #8: udt-java
S; MQ:  1,9411; MV:    0; DT:    0; SOL: [0 0 0 0 0 0 0 0 0 0 0 0 0 0 0 0 0 0 1 1 1 1 1 1 1 1 1 1 1 1 1 2 2 2 2 2 2 3 4 5 5 6 6 6 6 6 6 6 6 6 6 6 6 6 6 6]
C; MQ:  2,8203; MV:   19; DT:    0; SOL: [4 5 0 0 0 0 0 4 0 0 4 0 4 0 5 4 0 5 1 1 1 1 1 1 5 0 1 1 0 0 2 2 2 1 2 1 2 0 4 5 5 6 6 6 6 0 0 6 6 6 6 6 6 0 6 6]
I; MQ:  2,2672; MV:    5; DT:    0; SOL: [0 0 0 0 0 0 0 0 0 0 0 0 0 0 0 4 0 0 1 1 1 1 1 1 0 1 1 1 1 0 2 2 2 2 2 1 2 3 4 5 5 6 6 6 6 6 6 6 6 6 6 6 6 6 6 6]
I; MQ:  2,4665; MV:    9; DT:    1; SOL: [0 0 0 0 0 0 0 0 0 0 0 0 0 0 0 4 0 0 1 1 1 1 1 1 0 1 1 1 5 0 5 2 2 2 2 1 2 0 4 5 5 6 6 6 6 0 6 6 6 6 6 6 6 0 6 6]
I; MQ:  2,5434; MV:   10; DT:    4; SOL: [0 0 0 0 0 0 0 0 0 0 0 0 0 0 5 4 0 5 1 1 1 1 1 1 5 1 1 1 1 0 2 2 2 2 2 1 2 0 4 5 5 6 6 6 6 0 6 6 6 6 6 6 6 0 6 6]
I; MQ:  2,7881; MV:   15; DT:    4; SOL: [4 5 0 0 0 0 0 4 0 0 0 0 0 0 5 4 0 5 1 1 1 1 1 1 5 0 1 1 1 0 2 2 2 1 2 1 2 0 4 5 5 6 6 6 6 0 6 6 6 6 6 6 6 0 6 6]
I; MQ:  2,8203; MV:   19; DT:    5; SOL: [4 5 0 0 0 0 0 4 0 0 4 0 4 0 5 4 0 5 1 1 1 1 1 1 5 0 1 1 0 0 2 2 2 1 2 1 2 0 4 5 5 6 6 6 6 0 0 6 6 6 6 6 6 0 6 6]

Cycle #9: udt-java
S; MQ:  1,9411; MV:    0; DT:    0; SOL: [0 0 0 0 0 0 0 0 0 0 0 0 0 0 0 0 0 0 1 1 1 1 1 1 1 1 1 1 1 1 1 2 2 2 2 2 2 3 4 5 5 6 6 6 6 6 6 6 6 6 6 6 6 6 6 6]
C; MQ:  3,7195; MV:   25; DT:    0; SOL: [4 0 0 0 3 0 0 4 1 0 0 3 0 0 1 4 0 0 2 5 5 1 1 5 0 0 1 1 1 3 4 2 4 2 4 2 4 0 4 4 1 6 6 6 6 0 0 6 6 6 6 6 6 0 6 0]
I; MQ:  2,1117; MV:    5; DT:    0; SOL: [0 0 0 0 0 0 0 0 0 0 0 0 0 3 0 0 0 0 1 1 5 1 5 5 1 1 1 1 1 1 1 2 2 2 2 2 2 3 4 5 5 6 6 6 6 6 6 6 6 6 6 6 6 6 3 6]
I; MQ:  2,2616; MV:   10; DT:    0; SOL: [0 0 0 0 1 0 0 0 0 0 0 0 0 3 0 0 0 0 1 1 5 1 5 5 3 3 1 1 1 1 1 2 2 0 2 2 2 3 4 5 5 6 6 6 6 0 6 6 6 6 6 6 6 6 3 6]
I; MQ:  2,4495; MV:   12; DT:    2; SOL: [0 0 0 0 1 0 0 0 1 0 3 0 0 3 0 0 0 0 1 1 5 1 5 5 3 3 1 1 1 1 1 2 2 1 2 2 2 3 4 0 5 6 6 6 6 0 6 6 6 6 6 6 6 6 6 6]
I; MQ:  2,8187; MV:   17; DT:    2; SOL: [4 0 0 0 1 0 0 4 1 0 3 0 0 3 0 4 0 0 1 1 5 1 5 5 3 3 1 1 1 1 1 2 2 1 2 1 2 3 4 0 5 6 6 6 6 0 6 6 6 6 6 6 6 0 6 6]
I; MQ:  2,8748; MV:   20; DT:    3; SOL: [4 0 0 0 0 0 0 4 1 0 3 0 0 3 1 4 0 0 1 0 5 1 5 5 3 3 1 1 1 1 1 2 2 1 2 1 2 3 4 0 1 6 6 6 6 0 6 6 6 6 6 6 6 0 6 0]
I; MQ:  3,0033; MV:   20; DT:    7; SOL: [4 0 0 0 1 0 0 4 1 0 3 0 0 3 0 4 0 0 2 5 5 1 1 5 3 3 1 1 1 1 1 2 2 1 2 1 2 3 4 0 1 6 6 6 6 0 6 6 6 6 6 6 6 0 6 0]
I; MQ:  3,1930; MV:   19; DT:   11; SOL: [4 0 0 0 0 0 0 4 1 0 3 0 0 3 1 4 0 0 2 5 5 1 1 5 3 3 1 1 1 0 1 2 2 2 2 2 2 3 4 0 1 6 6 6 6 0 6 6 6 6 6 6 6 0 6 0]
I; MQ:  3,4117; MV:   23; DT:   13; SOL: [4 0 0 0 3 0 0 4 1 0 3 0 0 3 1 4 0 0 2 5 5 1 1 5 3 3 1 1 1 3 4 2 4 2 2 2 4 3 4 0 1 6 6 6 6 0 6 6 6 6 6 6 6 0 6 0]
I; MQ:  3,6215; MV:   24; DT:   16; SOL: [4 0 0 0 3 0 0 4 1 0 3 3 0 0 1 4 0 0 2 5 5 1 1 5 0 0 1 1 1 3 4 2 4 2 2 2 4 0 4 0 1 6 6 6 6 0 6 6 6 6 6 6 6 0 6 0]
I; MQ:  3,7195; MV:   25; DT:   18; SOL: [4 0 0 0 3 0 0 4 1 0 0 3 0 0 1 4 0 0 2 5 5 1 1 5 0 0 1 1 1 3 4 2 4 2 4 2 4 0 4 4 1 6 6 6 6 0 0 6 6 6 6 6 6 0 6 0]

Cycle #10: udt-java
S; MQ:  1,9411; MV:    0; DT:    0; SOL: [0 0 0 0 0 0 0 0 0 0 0 0 0 0 0 0 0 0 1 1 1 1 1 1 1 1 1 1 1 1 1 2 2 2 2 2 2 3 4 5 5 6 6 6 6 6 6 6 6 6 6 6 6 6 6 6]
C; MQ:  2,7432; MV:   14; DT:    0; SOL: [0 5 0 0 0 0 0 0 1 0 0 0 0 0 5 0 0 5 2 1 1 1 1 1 5 0 1 1 1 0 5 2 2 2 2 2 2 0 0 5 5 6 6 6 6 0 0 6 6 6 6 6 6 0 6 6]
I; MQ:  2,2896; MV:    5; DT:    0; SOL: [0 0 0 0 0 0 0 0 0 0 0 0 0 0 0 0 0 5 2 1 1 1 1 1 1 1 1 1 1 1 1 2 2 2 2 2 2 0 0 5 0 6 6 6 6 6 6 6 6 6 6 6 6 6 6 6]
I; MQ:  2,5488; MV:    8; DT:    1; SOL: [0 5 0 0 0 0 0 0 0 0 0 0 0 0 5 0 0 5 2 1 1 1 1 1 1 0 1 1 1 0 1 2 2 2 2 2 2 0 0 5 5 6 6 6 6 6 6 6 6 6 6 6 6 6 6 6]
I; MQ:  2,6606; MV:   13; DT:    1; SOL: [0 5 0 0 0 0 0 0 1 0 0 0 0 0 5 0 0 5 2 1 1 1 1 1 5 0 1 1 1 0 5 2 2 2 2 2 2 0 0 5 5 6 6 6 6 0 0 6 6 6 6 6 6 6 6 6]
I; MQ:  2,7432; MV:   14; DT:    1; SOL: [0 5 0 0 0 0 0 0 1 0 0 0 0 0 5 0 0 5 2 1 1 1 1 1 5 0 1 1 1 0 5 2 2 2 2 2 2 0 0 5 5 6 6 6 6 0 0 6 6 6 6 6 6 0 6 6]

Cycle #11: udt-java
S; MQ:  1,9411; MV:    0; DT:    0; SOL: [0 0 0 0 0 0 0 0 0 0 0 0 0 0 0 0 0 0 1 1 1 1 1 1 1 1 1 1 1 1 1 2 2 2 2 2 2 3 4 5 5 6 6 6 6 6 6 6 6 6 6 6 6 6 6 6]
C; MQ:  3,0512; MV:   24; DT:    0; SOL: [3 0 0 0 1 3 0 3 5 0 3 1 0 3 0 3 0 0 2 5 5 1 5 5 3 3 1 1 5 1 3 2 2 2 2 2 2 3 3 0 5 6 6 6 6 0 0 6 6 6 6 6 6 0 6 0]
I; MQ:  2,3251; MV:    5; DT:    0; SOL: [0 0 0 0 0 0 0 0 0 0 0 0 0 0 0 0 0 0 2 1 1 1 5 5 1 1 1 1 1 1 1 2 2 2 2 2 2 3 0 5 5 6 6 6 6 6 0 6 6 6 6 6 6 6 6 6]
I; MQ:  2,5027; MV:   10; DT:    0; SOL: [0 0 0 0 1 0 0 0 0 0 0 0 0 0 0 0 0 0 2 1 5 1 5 5 1 1 1 1 0 1 0 2 2 2 2 2 2 3 0 5 5 6 6 6 6 6 0 6 6 6 6 6 6 0 6 6]
I; MQ:  2,7150; MV:   13; DT:    2; SOL: [0 0 0 0 1 0 0 0 5 0 0 1 0 0 0 0 0 0 2 1 5 1 5 5 1 1 1 1 5 1 5 2 2 2 2 2 2 3 0 0 5 6 6 6 6 6 0 6 6 6 6 6 6 0 6 6]
I; MQ:  2,7646; MV:   16; DT:    3; SOL: [0 0 0 0 1 0 0 0 5 0 0 1 0 3 0 0 0 0 2 1 5 1 5 5 1 0 1 1 5 1 5 2 2 2 2 2 2 3 0 5 5 6 6 6 6 6 0 3 6 6 6 6 6 0 3 6]
I; MQ:  2,8037; MV:   19; DT:    5; SOL: [3 0 0 0 1 3 0 3 5 0 0 1 0 3 0 0 0 0 2 1 5 1 5 5 1 0 1 1 5 1 5 2 2 2 2 2 2 3 0 0 5 6 6 6 6 6 6 3 6 6 6 6 6 0 3 6]
I; MQ:  2,8468; MV:   20; DT:    9; SOL: [3 0 0 0 1 3 0 3 5 0 0 1 0 3 0 3 0 0 2 1 5 1 5 5 1 0 1 1 5 1 3 2 2 2 2 2 2 3 3 0 5 6 6 6 6 6 0 3 6 6 6 6 6 0 6 6]
I; MQ:  2,9118; MV:   22; DT:   11; SOL: [3 0 0 0 1 3 0 3 5 0 0 1 0 3 0 3 0 0 2 1 5 1 5 5 0 3 5 1 5 1 3 2 2 2 3 2 2 3 3 0 5 6 6 6 6 6 0 6 6 6 6 6 6 0 6 6]
I; MQ:  2,9993; MV:   23; DT:   14; SOL: [3 0 0 0 1 3 0 3 5 0 0 1 0 3 0 3 0 0 2 3 3 1 5 5 3 3 5 1 5 1 3 2 2 2 2 2 2 3 3 0 5 6 6 6 6 0 0 6 6 6 6 6 6 0 6 6]
I; MQ:  3,0512; MV:   24; DT:   17; SOL: [3 0 0 0 1 3 0 3 5 0 3 1 0 3 0 3 0 0 2 5 5 1 5 5 3 3 1 1 5 1 3 2 2 2 2 2 2 3 3 0 5 6 6 6 6 0 0 6 6 6 6 6 6 0 6 0]

Cycle #12: udt-java
S; MQ:  1,9411; MV:    0; DT:    0; SOL: [0 0 0 0 0 0 0 0 0 0 0 0 0 0 0 0 0 0 1 1 1 1 1 1 1 1 1 1 1 1 1 2 2 2 2 2 2 3 4 5 5 6 6 6 6 6 6 6 6 6 6 6 6 6 6 6]
C; MQ:  3,2071; MV:   20; DT:    0; SOL: [4 0 0 0 1 0 0 4 0 0 4 1 4 0 0 4 0 0 2 1 1 1 1 1 0 0 1 1 1 1 5 5 5 2 5 2 5 0 4 5 0 6 6 6 6 0 0 6 6 6 6 6 6 0 6 6]
I; MQ:  2,2929; MV:    5; DT:    0; SOL: [4 0 0 0 1 2 0 0 0 0 0 0 0 0 0 4 0 0 1 1 1 1 1 1 1 1 1 1 1 1 5 2 2 2 2 2 2 3 4 5 5 6 6 6 6 6 6 6 6 6 6 6 6 6 6 6]
I; MQ:  2,6036; MV:    8; DT:    1; SOL: [4 0 0 0 1 0 0 0 0 0 0 0 0 0 0 4 0 0 2 1 1 1 1 1 1 1 1 1 1 1 5 2 2 2 5 2 2 0 4 5 5 6 6 6 6 6 0 6 6 6 6 6 6 6 6 6]
I; MQ:  2,7960; MV:   13; DT:    1; SOL: [4 0 0 0 1 0 0 4 0 0 0 0 4 0 0 4 0 0 2 1 1 1 1 1 0 1 1 1 1 1 5 2 2 2 5 2 2 0 4 5 5 6 6 6 6 0 0 6 6 6 6 6 6 0 6 6]
I; MQ:  2,9443; MV:   18; DT:    1; SOL: [4 0 0 0 1 0 0 4 0 0 4 1 4 0 0 4 0 0 2 1 1 1 1 1 0 0 1 1 1 1 5 2 5 2 5 2 2 0 4 5 0 6 6 6 6 0 0 6 6 6 6 6 6 0 6 6]
I; MQ:  3,2071; MV:   20; DT:    1; SOL: [4 0 0 0 1 0 0 4 0 0 4 1 4 0 0 4 0 0 2 1 1 1 1 1 0 0 1 1 1 1 5 5 5 2 5 2 5 0 4 5 0 6 6 6 6 0 0 6 6 6 6 6 6 0 6 6]

Cycle #13: udt-java
S; MQ:  1,9411; MV:    0; DT:    0; SOL: [0 0 0 0 0 0 0 0 0 0 0 0 0 0 0 0 0 0 1 1 1 1 1 1 1 1 1 1 1 1 1 2 2 2 2 2 2 3 4 5 5 6 6 6 6 6 6 6 6 6 6 6 6 6 6 6]
C; MQ:  3,2871; MV:   24; DT:    0; SOL: [4 0 5 0 3 0 0 4 5 0 4 3 4 0 5 4 5 0 1 1 1 1 1 1 0 0 1 1 5 3 2 2 2 1 2 1 2 0 4 2 5 6 6 6 6 0 0 6 6 6 6 6 6 0 6 0]
I; MQ:  2,1436; MV:    5; DT:    0; SOL: [0 0 0 0 1 0 0 0 0 0 0 0 0 0 0 0 0 5 1 1 1 1 1 1 1 1 1 1 1 1 1 2 2 0 2 2 2 3 4 5 5 6 6 6 6 6 6 6 6 6 6 6 6 5 6 5]
I; MQ:  2,2207; MV:    7; DT:    2; SOL: [0 0 5 0 0 0 0 0 0 0 0 0 0 0 0 0 0 5 1 1 1 1 1 1 1 0 1 1 1 0 1 2 2 1 2 2 2 3 4 5 5 6 6 6 6 6 6 6 6 6 6 6 6 5 6 5]
I; MQ:  2,5477; MV:   12; DT:    2; SOL: [0 0 5 0 0 0 0 0 0 0 0 0 0 0 0 4 0 5 1 1 1 1 1 1 0 0 1 1 1 0 2 2 2 1 2 1 2 3 4 5 0 6 6 6 6 6 6 6 6 6 6 6 6 5 6 5]
I; MQ:  2,6015; MV:   14; DT:    4; SOL: [0 0 5 0 0 0 0 0 1 0 0 0 0 0 5 4 0 5 1 1 1 1 1 1 5 0 1 1 1 0 2 2 2 1 2 1 2 0 4 5 5 6 6 6 6 6 6 6 6 6 6 6 6 5 6 5]
I; MQ:  2,6467; MV:   15; DT:    8; SOL: [0 0 5 0 0 0 0 0 5 0 0 0 0 0 5 4 5 5 1 1 1 1 1 1 0 0 1 1 1 0 2 2 2 1 2 1 2 0 4 5 5 6 6 6 6 6 6 6 6 6 6 6 6 0 6 0]
I; MQ:  2,7671; MV:   17; DT:   11; SOL: [0 0 5 0 5 0 0 0 5 0 0 5 0 0 5 4 5 0 1 1 1 1 1 1 0 0 1 1 5 3 2 2 2 1 2 1 2 0 4 5 5 6 6 6 6 6 6 6 6 6 6 6 6 0 6 0]
I; MQ:  3,2431; MV:   20; DT:   13; SOL: [4 0 5 0 3 0 0 0 5 0 0 3 0 0 5 4 5 0 1 1 1 1 1 1 0 0 1 1 5 3 2 2 2 1 2 1 2 0 4 2 5 6 6 6 6 0 6 6 6 6 6 6 6 0 6 0]
I; MQ:  3,2871; MV:   24; DT:   13; SOL: [4 0 5 0 3 0 0 4 5 0 4 3 4 0 5 4 5 0 1 1 1 1 1 1 0 0 1 1 5 3 2 2 2 1 2 1 2 0 4 2 5 6 6 6 6 0 0 6 6 6 6 6 6 0 6 0]

Cycle #14: udt-java
S; MQ:  1,9411; MV:    0; DT:    0; SOL: [0 0 0 0 0 0 0 0 0 0 0 0 0 0 0 0 0 0 1 1 1 1 1 1 1 1 1 1 1 1 1 2 2 2 2 2 2 3 4 5 5 6 6 6 6 6 6 6 6 6 6 6 6 6 6 6]
C; MQ:  2,9444; MV:   26; DT:    0; SOL: [0 0 5 0 1 3 0 3 5 0 3 1 0 3 5 0 5 0 1 1 1 5 5 1 3 3 5 5 5 1 2 2 2 1 2 1 2 3 0 2 5 6 6 6 6 3 6 3 6 6 6 6 6 0 6 0]
I; MQ:  2,0384; MV:    5; DT:    0; SOL: [0 0 0 0 0 0 0 0 0 0 0 0 0 3 0 0 0 0 1 1 1 1 1 1 1 1 1 1 1 1 1 2 2 2 2 0 2 3 4 0 5 6 6 6 6 6 0 3 6 6 6 6 6 6 6 6]
I; MQ:  2,2008; MV:    9; DT:    1; SOL: [3 0 0 0 0 0 0 3 0 0 0 0 0 3 0 0 0 0 1 1 1 1 5 1 1 1 1 1 1 1 1 2 2 2 2 1 2 3 4 0 5 6 6 6 6 6 0 3 6 6 6 6 6 0 6 6]
I; MQ:  2,3731; MV:   14; DT:    1; SOL: [3 0 0 0 0 3 0 3 0 0 0 0 0 3 0 0 0 0 1 1 1 0 5 1 1 1 1 0 1 1 2 2 2 1 2 1 2 3 4 0 5 6 6 6 6 6 0 3 6 6 6 6 6 0 6 6]
I; MQ:  2,4356; MV:   16; DT:    3; SOL: [3 0 0 3 0 3 0 3 0 3 0 0 0 3 0 0 0 0 1 1 1 0 5 1 1 1 1 0 1 1 2 2 2 1 2 1 2 3 4 0 5 6 6 6 6 3 3 6 6 6 6 6 6 0 6 6]
I; MQ:  2,5696; MV:   19; DT:    5; SOL: [3 0 0 3 1 3 0 3 5 3 0 0 0 3 0 0 0 0 1 1 1 5 5 1 1 1 1 5 1 1 2 2 2 1 2 1 2 3 0 0 5 6 6 6 6 3 3 6 6 6 6 6 6 0 6 6]
I; MQ:  2,6774; MV:   20; DT:    7; SOL: [3 0 0 3 1 3 0 3 5 0 0 1 0 3 0 0 5 0 1 1 1 5 1 1 1 1 5 5 1 1 2 2 2 1 2 1 2 3 0 0 5 6 6 6 6 3 3 6 6 6 6 6 6 0 6 6]
I; MQ:  2,7018; MV:   19; DT:   12; SOL: [0 0 0 0 1 3 0 3 5 0 0 1 0 3 0 0 5 0 1 1 1 5 1 1 1 1 5 5 1 1 2 2 2 1 2 1 2 3 0 2 5 6 6 6 6 3 0 3 6 6 6 6 6 0 6 6]
I; MQ:  2,8540; MV:   22; DT:   13; SOL: [0 0 0 0 1 3 0 3 5 0 0 1 0 3 5 0 5 0 1 1 1 5 1 1 3 3 5 5 1 1 2 2 2 1 2 1 2 3 0 2 5 6 6 6 6 3 6 3 6 6 6 6 6 0 6 0]
I; MQ:  2,9197; MV:   25; DT:   16; SOL: [0 0 0 0 1 3 0 3 5 0 3 1 0 3 5 0 5 0 1 1 1 5 3 1 3 3 5 5 5 1 2 2 2 1 2 1 2 3 0 2 5 6 6 6 6 3 0 6 6 6 6 6 6 0 6 0]
I; MQ:  2,9444; MV:   26; DT:   19; SOL: [0 0 5 0 1 3 0 3 5 0 3 1 0 3 5 0 5 0 1 1 1 5 5 1 3 3 5 5 5 1 2 2 2 1 2 1 2 3 0 2 5 6 6 6 6 3 6 3 6 6 6 6 6 0 6 0]

Cycle #15: udt-java
S; MQ:  1,9411; MV:    0; DT:    0; SOL: [0 0 0 0 0 0 0 0 0 0 0 0 0 0 0 0 0 0 1 1 1 1 1 1 1 1 1 1 1 1 1 2 2 2 2 2 2 3 4 5 5 6 6 6 6 6 6 6 6 6 6 6 6 6 6 6]
C; MQ:  2,8905; MV:   17; DT:    0; SOL: [0 3 0 3 0 0 3 0 0 0 0 0 0 0 5 0 0 3 2 1 1 1 1 1 0 0 1 1 1 0 5 2 2 2 5 2 2 0 0 5 5 6 6 6 6 0 3 6 6 6 6 6 6 3 6 3]
I; MQ:  2,1830; MV:    5; DT:    0; SOL: [0 0 0 0 0 2 0 0 0 0 0 0 0 0 0 0 0 0 1 1 1 1 1 1 1 0 1 1 1 0 5 2 2 2 2 2 2 3 0 5 5 6 6 6 6 6 6 6 6 6 6 6 6 6 6 6]
I; MQ:  2,3012; MV:   10; DT:    0; SOL: [0 0 0 0 0 2 0 2 0 0 0 0 0 0 5 0 0 0 1 1 1 1 1 1 2 0 1 1 1 0 5 2 2 2 2 1 2 3 0 5 5 6 6 6 6 0 6 6 6 6 6 6 6 6 6 6]
I; MQ:  2,4958; MV:   13; DT:    1; SOL: [0 0 0 0 0 2 0 2 0 0 0 0 0 0 5 0 0 0 2 1 1 1 1 1 2 0 1 1 1 0 5 2 2 2 2 2 2 0 0 5 5 6 6 6 6 0 6 6 6 6 6 6 6 0 6 0]
I; MQ:  2,5526; MV:   16; DT:    3; SOL: [0 0 5 0 0 2 0 2 1 0 0 0 0 0 5 0 0 5 2 1 1 1 1 1 5 0 1 1 1 0 2 2 2 2 2 2 2 0 0 5 5 6 6 6 6 0 6 6 6 6 6 6 6 0 6 0]
I; MQ:  2,6659; MV:   14; DT:    7; SOL: [0 0 0 0 0 0 0 0 1 0 0 0 0 0 5 0 0 5 2 1 1 1 1 1 5 0 1 1 1 0 5 2 2 2 2 2 2 0 0 5 5 6 6 6 6 0 0 6 6 6 6 6 6 0 6 0]
I; MQ:  2,7676; MV:   15; DT:   10; SOL: [0 3 0 0 0 0 0 0 1 0 0 0 0 0 3 0 0 3 2 1 1 1 1 1 5 0 1 1 1 0 5 2 2 2 5 2 2 0 0 5 5 6 6 6 6 0 0 6 6 6 6 6 6 0 6 6]
I; MQ:  2,7880; MV:   18; DT:   13; SOL: [0 3 0 0 0 5 3 5 1 0 0 0 0 0 3 0 0 3 2 1 1 1 1 1 5 0 1 1 1 0 5 5 2 2 5 2 2 0 0 5 5 6 6 6 6 0 6 6 6 6 6 6 6 0 6 6]
I; MQ:  2,8333; MV:   15; DT:   18; SOL: [0 3 0 0 0 0 3 0 1 0 0 0 0 0 5 0 0 3 2 1 1 1 1 1 3 0 1 1 1 0 5 2 2 2 5 2 2 0 0 5 5 6 6 6 6 0 6 6 6 6 6 6 6 0 6 6]
I; MQ:  2,8896; MV:   17; DT:   22; SOL: [0 3 0 3 0 0 3 0 0 0 0 0 0 0 5 0 0 3 2 1 1 1 1 1 3 0 1 1 1 0 5 2 2 2 5 2 2 0 0 5 5 6 6 6 6 0 3 6 6 6 6 6 6 3 6 3]
I; MQ:  2,8905; MV:   17; DT:   23; SOL: [0 3 0 3 0 0 3 0 0 0 0 0 0 0 5 0 0 3 2 1 1 1 1 1 0 0 1 1 1 0 5 2 2 2 5 2 2 0 0 5 5 6 6 6 6 0 3 6 6 6 6 6 6 3 6 3]

Cycle #16: udt-java
S; MQ:  1,9411; MV:    0; DT:    0; SOL: [0 0 0 0 0 0 0 0 0 0 0 0 0 0 0 0 0 0 1 1 1 1 1 1 1 1 1 1 1 1 1 2 2 2 2 2 2 3 4 5 5 6 6 6 6 6 6 6 6 6 6 6 6 6 6 6]
C; MQ:  2,9621; MV:   23; DT:    0; SOL: [4 0 0 0 1 0 0 4 0 0 4 1 4 0 0 4 0 0 1 1 1 5 0 1 0 0 5 5 0 1 2 2 2 1 2 1 2 0 4 2 0 6 6 6 6 0 0 6 6 6 6 6 6 0 6 6]
I; MQ:  2,1243; MV:    5; DT:    0; SOL: [0 0 0 0 0 0 0 0 5 0 0 0 0 0 0 0 0 0 1 1 1 1 1 1 1 0 1 1 1 1 1 2 2 2 2 1 2 3 4 5 5 6 6 6 6 0 0 6 6 6 6 6 6 6 6 6]
I; MQ:  2,4555; MV:   10; DT:    0; SOL: [4 0 0 0 0 0 0 0 5 0 0 0 0 0 0 4 0 0 1 1 1 5 1 1 1 0 1 1 1 1 5 2 2 1 2 1 2 3 4 5 5 6 6 6 6 0 0 6 6 6 6 6 6 6 6 6]
I; MQ:  2,5299; MV:   12; DT:    2; SOL: [4 0 0 0 0 0 0 0 0 0 0 0 0 0 0 4 0 0 1 1 1 5 1 1 1 0 1 5 1 1 2 2 2 1 2 1 2 0 4 5 0 6 6 6 6 0 0 6 6 6 6 6 6 6 6 6]
I; MQ:  2,7326; MV:   15; DT:    3; SOL: [4 0 0 0 0 0 0 0 0 0 0 0 0 0 0 4 0 0 1 1 1 5 1 1 0 1 5 5 0 1 2 2 2 1 2 1 2 0 4 5 0 6 6 6 6 0 0 6 6 6 6 6 6 0 6 6]
I; MQ:  2,9078; MV:   20; DT:    4; SOL: [4 0 0 0 1 0 0 0 0 0 0 1 0 0 0 4 0 0 1 1 1 5 0 1 0 0 5 5 0 1 2 2 2 1 2 1 2 0 4 0 0 6 6 6 6 0 0 6 6 6 6 6 6 0 6 6]
I; MQ:  2,9621; MV:   23; DT:    5; SOL: [4 0 0 0 1 0 0 4 0 0 4 1 4 0 0 4 0 0 1 1 1 5 0 1 0 0 5 5 0 1 2 2 2 1 2 1 2 0 4 2 0 6 6 6 6 0 0 6 6 6 6 6 6 0 6 6]

Cycle #17: udt-java
S; MQ:  1,9411; MV:    0; DT:    0; SOL: [0 0 0 0 0 0 0 0 0 0 0 0 0 0 0 0 0 0 1 1 1 1 1 1 1 1 1 1 1 1 1 2 2 2 2 2 2 3 4 5 5 6 6 6 6 6 6 6 6 6 6 6 6 6 6 6]
C; MQ:  2,9076; MV:   17; DT:    0; SOL: [4 0 0 0 0 0 0 4 5 0 4 0 4 0 5 4 5 0 2 1 1 1 1 1 0 0 1 1 1 0 1 2 2 2 2 2 2 0 4 0 5 6 6 6 6 0 0 6 6 6 6 6 6 0 6 6]
I; MQ:  2,4000; MV:    5; DT:    0; SOL: [0 0 0 0 0 0 0 0 5 0 0 0 0 0 5 0 5 0 2 1 1 1 1 1 1 1 1 1 1 1 1 2 2 2 2 2 2 0 4 5 5 6 6 6 6 6 6 6 6 6 6 6 6 6 6 6]
I; MQ:  2,4904; MV:   10; DT:    0; SOL: [0 0 0 0 0 0 0 0 5 4 0 0 4 0 5 0 5 0 2 1 1 1 1 1 1 0 1 1 1 0 1 2 2 2 2 2 2 0 4 5 5 6 6 6 6 6 6 6 6 6 6 6 6 6 6 4]
I; MQ:  2,7636; MV:   13; DT:    1; SOL: [0 0 5 0 0 0 0 0 5 4 0 0 4 0 5 0 5 0 2 1 1 1 1 1 0 0 1 1 1 0 1 2 2 2 2 2 2 0 4 5 5 6 6 6 6 4 6 6 6 6 6 6 6 0 6 6]
I; MQ:  2,8643; MV:   18; DT:    2; SOL: [4 0 5 0 0 0 0 4 5 4 4 0 4 0 5 4 5 0 2 1 1 1 1 1 0 0 1 1 1 0 1 2 2 2 2 2 2 0 4 5 5 6 6 6 6 4 6 6 6 6 6 6 6 0 6 0]
I; MQ:  2,8960; MV:   16; DT:    6; SOL: [4 0 0 0 0 0 0 4 5 0 4 0 4 0 5 4 5 0 2 1 1 1 1 1 0 0 1 1 1 0 1 2 2 2 2 2 2 0 4 0 5 6 6 6 6 0 6 6 6 6 6 6 6 0 6 6]
I; MQ:  2,9076; MV:   17; DT:    6; SOL: [4 0 0 0 0 0 0 4 5 0 4 0 4 0 5 4 5 0 2 1 1 1 1 1 0 0 1 1 1 0 1 2 2 2 2 2 2 0 4 0 5 6 6 6 6 0 0 6 6 6 6 6 6 0 6 6]

Cycle #18: udt-java
S; MQ:  1,9411; MV:    0; DT:    0; SOL: [0 0 0 0 0 0 0 0 0 0 0 0 0 0 0 0 0 0 1 1 1 1 1 1 1 1 1 1 1 1 1 2 2 2 2 2 2 3 4 5 5 6 6 6 6 6 6 6 6 6 6 6 6 6 6 6]
C; MQ:  2,9234; MV:   14; DT:    0; SOL: [0 0 0 0 0 0 0 0 0 0 0 0 0 0 0 0 0 0 2 1 1 1 1 1 0 0 1 1 1 0 5 5 5 2 5 2 5 0 0 5 0 6 6 6 6 0 6 6 6 6 6 6 6 0 6 6]
I; MQ:  2,0428; MV:    5; DT:    0; SOL: [0 0 0 0 0 2 0 0 0 0 0 0 0 0 0 0 0 0 1 1 1 1 1 1 1 1 1 1 1 1 1 2 2 2 2 2 2 0 0 5 5 6 6 6 6 6 6 6 6 6 5 6 5 6 6 6]
I; MQ:  2,3820; MV:    8; DT:    1; SOL: [0 0 0 0 1 0 0 0 0 0 0 0 0 0 0 0 0 0 2 1 1 1 1 1 0 1 1 1 1 1 1 2 2 2 2 2 2 0 0 5 5 6 6 6 6 0 6 6 6 6 5 6 5 6 6 6]
I; MQ:  2,4344; MV:    8; DT:    4; SOL: [0 0 0 0 1 0 0 0 0 0 0 0 0 0 0 0 0 0 2 1 1 1 1 1 0 1 1 1 1 1 5 2 2 2 5 2 2 0 0 5 5 6 6 6 6 5 6 6 6 6 6 6 6 6 6 6]
I; MQ:  2,7948; MV:   12; DT:    5; SOL: [0 0 0 0 1 0 0 0 0 0 0 0 0 0 0 0 0 0 2 1 1 1 1 1 0 0 1 1 1 1 5 2 5 2 5 2 5 0 0 5 0 6 6 6 6 0 6 6 6 6 6 6 6 6 6 6]
I; MQ:  2,9234; MV:   14; DT:    6; SOL: [0 0 0 0 0 0 0 0 0 0 0 0 0 0 0 0 0 0 2 1 1 1 1 1 0 0 1 1 1 0 5 5 5 2 5 2 5 0 0 5 0 6 6 6 6 0 6 6 6 6 6 6 6 0 6 6]

Cycle #19: udt-java
S; MQ:  1,9411; MV:    0; DT:    0; SOL: [0 0 0 0 0 0 0 0 0 0 0 0 0 0 0 0 0 0 1 1 1 1 1 1 1 1 1 1 1 1 1 2 2 2 2 2 2 3 4 5 5 6 6 6 6 6 6 6 6 6 6 6 6 6 6 6]
C; MQ:  3,6101; MV:   18; DT:    0; SOL: [0 0 0 0 3 0 0 5 0 0 0 3 0 0 0 0 0 0 2 1 1 1 1 1 0 0 1 1 1 3 5 5 4 2 5 2 4 0 0 5 0 6 6 6 6 0 0 6 6 6 6 6 6 0 6 6]
I; MQ:  2,3915; MV:    5; DT:    0; SOL: [0 0 0 0 0 0 0 0 0 0 0 0 0 0 0 0 0 5 2 1 1 1 1 1 1 1 1 1 1 0 5 2 5 2 2 2 2 3 4 5 5 6 6 6 6 6 6 6 6 6 6 6 6 6 6 6]
I; MQ:  2,4609; MV:    8; DT:    1; SOL: [0 0 0 0 0 0 0 5 0 0 0 0 0 3 0 0 0 0 2 1 1 1 1 1 1 1 1 1 1 0 5 2 5 2 2 2 2 3 4 5 0 6 6 6 6 6 0 6 6 6 6 6 6 6 6 6]
I; MQ:  2,5823; MV:   12; DT:    2; SOL: [3 0 0 0 0 0 0 5 0 0 0 0 0 3 0 0 0 0 2 1 1 1 1 1 1 3 1 1 1 3 5 2 5 2 2 2 2 3 0 5 0 6 6 6 6 6 0 3 6 6 6 6 6 6 6 6]
I; MQ:  2,8423; MV:   11; DT:    5; SOL: [0 0 0 0 3 0 0 5 0 0 0 0 0 0 0 0 0 0 2 1 1 1 1 1 0 3 1 1 1 3 5 2 5 2 2 2 2 3 0 5 0 6 6 6 6 6 0 6 6 6 6 6 6 6 6 6]
I; MQ:  3,2447; MV:   15; DT:    6; SOL: [0 0 0 0 3 0 0 5 0 0 0 3 0 0 0 0 0 0 2 1 1 1 1 1 0 0 1 1 1 3 5 2 5 2 2 2 0 0 0 5 0 6 6 6 6 6 0 6 6 6 6 6 6 0 6 6]
I; MQ:  3,5455; MV:   16; DT:    9; SOL: [0 0 0 0 3 0 0 5 0 0 0 3 0 0 5 0 0 0 2 1 1 1 1 1 0 0 1 1 1 3 5 2 4 2 5 2 4 0 0 5 5 6 6 6 6 6 0 6 6 6 6 6 6 0 6 6]
I; MQ:  3,6101; MV:   18; DT:   11; SOL: [0 0 0 0 3 0 0 5 0 0 0 3 0 0 0 0 0 0 2 1 1 1 1 1 0 0 1 1 1 3 5 5 4 2 5 2 4 0 0 5 0 6 6 6 6 0 0 6 6 6 6 6 6 0 6 6]

Cycle #20: udt-java
S; MQ:  1,9411; MV:    0; DT:    0; SOL: [0 0 0 0 0 0 0 0 0 0 0 0 0 0 0 0 0 0 1 1 1 1 1 1 1 1 1 1 1 1 1 2 2 2 2 2 2 3 4 5 5 6 6 6 6 6 6 6 6 6 6 6 6 6 6 6]
C; MQ:  3,3195; MV:   20; DT:    0; SOL: [0 0 0 0 3 0 0 0 5 0 0 3 0 0 5 0 0 0 2 1 1 5 5 1 0 0 5 5 5 3 0 2 2 2 2 2 2 0 0 0 5 6 6 6 6 0 0 6 6 6 6 6 6 0 6 6]
I; MQ:  2,1358; MV:    5; DT:    0; SOL: [0 0 0 0 0 0 0 0 0 0 0 1 0 0 5 0 0 0 1 1 1 1 1 1 0 1 1 1 1 1 0 2 2 2 2 1 2 3 4 5 5 6 6 6 6 6 6 6 6 6 6 6 6 6 6 6]
I; MQ:  2,2795; MV:    9; DT:    1; SOL: [0 0 0 0 0 0 0 0 0 0 0 1 0 0 5 0 0 0 1 1 1 1 1 1 0 1 5 5 1 1 2 2 2 2 2 1 2 0 0 5 5 6 6 6 6 6 6 6 6 6 6 6 6 6 6 6]
I; MQ:  2,4394; MV:   12; DT:    2; SOL: [0 0 0 0 0 0 0 0 0 0 0 1 0 0 0 0 0 0 2 1 1 5 1 1 0 1 5 5 1 1 2 2 2 2 2 1 2 0 0 5 0 6 6 6 6 6 0 6 6 6 6 6 6 6 6 6]
I; MQ:  2,5686; MV:   12; DT:    5; SOL: [0 0 0 0 0 0 0 0 0 0 0 0 0 0 0 0 0 0 2 1 1 5 1 1 0 1 5 5 5 1 5 2 2 2 5 2 2 0 0 5 0 6 6 6 6 6 0 6 6 6 6 6 6 6 6 6]
I; MQ:  2,7127; MV:   15; DT:    7; SOL: [0 0 0 0 0 0 0 0 0 0 0 5 0 0 0 0 0 0 2 1 1 5 1 1 0 0 5 5 5 5 5 2 2 2 2 2 2 0 0 5 0 6 6 6 6 0 0 6 6 6 6 6 6 6 6 6]
I; MQ:  2,9234; MV:   16; DT:   10; SOL: [0 0 0 0 3 0 0 0 0 0 0 3 0 0 0 0 0 0 2 1 1 5 0 1 0 0 5 5 5 0 5 2 2 2 2 2 2 0 0 5 0 6 6 6 6 0 6 6 6 6 6 6 6 6 6 6]
I; MQ:  3,2217; MV:   17; DT:   14; SOL: [0 0 0 0 3 0 0 0 5 0 0 3 0 0 5 0 0 0 2 1 1 5 5 1 0 0 5 5 5 3 5 2 2 2 2 2 2 0 0 5 5 6 6 6 6 0 6 6 6 6 6 6 6 6 6 6]
I; MQ:  3,3195; MV:   20; DT:   16; SOL: [0 0 0 0 3 0 0 0 5 0 0 3 0 0 5 0 0 0 2 1 1 5 5 1 0 0 5 5 5 3 0 2 2 2 2 2 2 0 0 0 5 6 6 6 6 0 0 6 6 6 6 6 6 0 6 6]

Cycle #21: udt-java
S; MQ:  1,9411; MV:    0; DT:    0; SOL: [0 0 0 0 0 0 0 0 0 0 0 0 0 0 0 0 0 0 1 1 1 1 1 1 1 1 1 1 1 1 1 2 2 2 2 2 2 3 4 5 5 6 6 6 6 6 6 6 6 6 6 6 6 6 6 6]
C; MQ:  3,5527; MV:   20; DT:    0; SOL: [0 0 5 0 4 0 0 0 5 0 0 4 0 0 5 0 0 0 2 3 3 1 5 3 0 0 1 1 5 4 5 2 2 2 2 2 2 0 0 5 5 6 6 6 6 0 6 6 6 6 6 6 6 0 6 0]
I; MQ:  2,0226; MV:    5; DT:    0; SOL: [0 0 0 0 0 0 3 0 1 3 0 0 0 3 0 0 0 0 1 1 1 1 1 1 1 1 1 1 1 1 1 2 2 2 2 2 2 3 4 5 5 6 6 6 6 3 6 6 6 6 6 6 6 6 6 6]
I; MQ:  2,1903; MV:    7; DT:    2; SOL: [0 0 5 0 0 0 0 0 5 3 0 0 0 3 0 0 5 0 1 1 1 1 1 1 1 1 1 1 1 1 1 2 2 0 2 2 2 3 4 5 5 6 6 6 6 3 6 6 6 6 6 6 6 6 6 6]
I; MQ:  2,3425; MV:   11; DT:    3; SOL: [0 0 5 0 0 0 0 0 5 3 0 5 0 3 0 0 5 0 1 1 1 1 1 1 1 1 1 1 5 1 1 2 2 1 2 1 2 3 0 5 5 6 6 6 6 3 6 6 6 6 6 6 6 6 6 6]
I; MQ:  2,4009; MV:   14; DT:    4; SOL: [0 0 5 0 0 0 0 0 5 3 0 5 0 3 0 0 0 0 2 3 1 1 1 1 1 1 5 1 5 1 1 2 2 1 2 1 2 3 0 5 0 6 6 6 6 3 6 6 6 6 6 6 6 6 6 6]
I; MQ:  2,5940; MV:   13; DT:    7; SOL: [0 0 5 0 4 0 0 0 5 3 0 5 0 3 0 0 0 0 2 3 1 1 1 1 1 1 1 1 5 5 1 2 2 2 2 2 2 3 0 5 0 6 6 6 6 3 6 6 6 6 6 6 6 6 6 6]
I; MQ:  3,0753; MV:   15; DT:   11; SOL: [0 0 5 0 4 0 0 0 5 3 3 4 0 3 0 0 0 0 2 3 1 1 1 1 1 1 5 1 5 4 1 2 2 2 2 2 2 3 0 5 1 6 6 6 6 3 6 6 6 6 6 6 6 6 6 6]
I; MQ:  3,1231; MV:   17; DT:   13; SOL: [0 0 5 0 4 0 0 0 5 0 3 4 0 3 1 0 0 0 2 3 3 1 1 1 1 1 5 1 5 4 0 2 2 2 2 2 2 3 0 5 1 6 6 6 6 0 6 6 6 6 6 6 6 6 6 6]
I; MQ:  3,2715; MV:   16; DT:   16; SOL: [0 0 5 0 4 0 0 0 5 0 0 4 0 0 1 0 0 0 2 3 3 1 1 3 1 0 5 1 5 4 1 2 2 2 2 2 2 3 0 5 1 6 6 6 6 0 6 6 6 6 6 6 6 6 6 6]
I; MQ:  3,4383; MV:   21; DT:   17; SOL: [0 0 5 0 4 0 0 0 5 0 0 4 0 0 1 0 0 0 2 3 3 1 1 3 0 0 5 1 5 4 0 2 2 2 2 2 2 0 0 5 1 6 6 6 6 0 6 6 6 6 6 6 6 0 6 0]
I; MQ:  3,4692; MV:   22; DT:   20; SOL: [0 0 5 0 4 0 0 0 5 0 0 4 0 0 1 0 0 0 2 3 3 5 5 3 0 0 1 1 5 4 5 2 2 2 2 2 2 0 0 5 0 6 6 6 6 0 6 6 6 6 6 6 6 0 6 0]
I; MQ:  3,5527; MV:   20; DT:   23; SOL: [0 0 5 0 4 0 0 0 5 0 0 4 0 0 5 0 0 0 2 3 3 1 5 3 0 0 1 1 5 4 5 2 2 2 2 2 2 0 0 5 5 6 6 6 6 0 6 6 6 6 6 6 6 0 6 0]

Cycle #22: udt-java
S; MQ:  1,9411; MV:    0; DT:    0; SOL: [0 0 0 0 0 0 0 0 0 0 0 0 0 0 0 0 0 0 1 1 1 1 1 1 1 1 1 1 1 1 1 2 2 2 2 2 2 3 4 5 5 6 6 6 6 6 6 6 6 6 6 6 6 6 6 6]
C; MQ:  2,6770; MV:   14; DT:    0; SOL: [0 0 0 0 0 0 0 0 5 0 0 0 0 0 5 0 5 0 2 1 1 1 1 1 0 0 1 1 1 0 0 2 2 2 2 2 2 0 0 0 5 6 6 6 6 0 0 6 6 6 6 6 6 0 6 6]
I; MQ:  2,1665; MV:    5; DT:    0; SOL: [0 0 0 0 0 0 0 0 5 0 0 0 0 0 0 0 0 0 1 1 1 1 1 1 0 1 1 1 1 1 1 2 2 1 2 2 2 0 4 0 5 6 6 6 6 6 6 6 6 6 6 6 6 6 6 6]
I; MQ:  2,3407; MV:   10; DT:    0; SOL: [0 0 0 0 0 0 0 0 5 0 0 0 0 0 5 0 0 0 1 1 1 1 1 1 0 1 1 1 1 0 1 2 2 1 2 2 2 0 0 0 5 6 6 6 6 0 6 6 6 6 6 6 6 0 6 6]
I; MQ:  2,6201; MV:   13; DT:    1; SOL: [0 0 0 0 0 0 0 0 5 0 0 0 0 0 5 0 5 0 2 1 1 1 1 1 0 1 1 1 1 0 0 2 2 2 2 2 2 0 0 0 5 6 6 6 6 0 0 6 6 6 6 6 6 0 6 6]
I; MQ:  2,6770; MV:   14; DT:    1; SOL: [0 0 0 0 0 0 0 0 5 0 0 0 0 0 5 0 5 0 2 1 1 1 1 1 0 0 1 1 1 0 0 2 2 2 2 2 2 0 0 0 5 6 6 6 6 0 0 6 6 6 6 6 6 0 6 6]

Cycle #23: udt-java
S; MQ:  1,9411; MV:    0; DT:    0; SOL: [0 0 0 0 0 0 0 0 0 0 0 0 0 0 0 0 0 0 1 1 1 1 1 1 1 1 1 1 1 1 1 2 2 2 2 2 2 3 4 5 5 6 6 6 6 6 6 6 6 6 6 6 6 6 6 6]
C; MQ:  2,7660; MV:   15; DT:    0; SOL: [5 0 0 0 1 0 0 5 0 0 0 1 0 0 0 5 0 0 2 1 1 1 1 1 0 0 1 1 1 1 5 2 2 2 2 2 2 0 5 5 0 6 6 6 6 0 0 6 6 6 6 6 6 0 6 6]
I; MQ:  2,0537; MV:    5; DT:    0; SOL: [0 0 0 0 1 2 0 0 0 0 0 0 0 0 0 0 0 0 1 1 1 1 5 1 0 1 1 1 1 1 1 2 2 2 2 2 2 3 4 5 5 6 6 6 6 0 6 6 6 6 6 6 6 6 6 6]
I; MQ:  2,1616; MV:    9; DT:    1; SOL: [0 0 0 0 1 2 0 2 0 0 0 0 0 0 0 0 0 0 1 1 1 1 5 1 2 1 1 1 1 1 2 2 2 2 2 2 2 0 0 5 5 6 6 6 6 0 6 6 6 6 6 6 6 6 6 6]
I; MQ:  2,2479; MV:   10; DT:    4; SOL: [5 0 0 0 1 2 0 5 0 0 0 0 0 0 0 0 0 0 1 1 1 1 1 1 2 1 1 1 1 1 5 2 2 2 2 2 2 0 0 5 0 6 6 6 6 0 6 6 6 6 6 6 6 6 6 6]
I; MQ:  2,4361; MV:   14; DT:    5; SOL: [5 0 0 0 1 2 0 5 0 0 0 1 0 0 0 5 0 0 0 1 1 1 1 1 2 2 1 1 1 1 5 2 2 2 2 2 2 0 5 5 0 6 6 6 6 0 6 6 6 6 6 6 6 6 6 6]
I; MQ:  2,6754; MV:   14; DT:    9; SOL: [5 0 0 0 1 0 0 5 0 0 0 1 0 0 0 5 0 0 2 1 1 1 1 1 0 0 1 1 1 1 5 2 2 2 2 2 2 0 5 5 0 6 6 6 6 0 0 6 6 6 6 6 6 6 6 6]
I; MQ:  2,7660; MV:   15; DT:    9; SOL: [5 0 0 0 1 0 0 5 0 0 0 1 0 0 0 5 0 0 2 1 1 1 1 1 0 0 1 1 1 1 5 2 2 2 2 2 2 0 5 5 0 6 6 6 6 0 0 6 6 6 6 6 6 0 6 6]

Cycle #24: udt-java
S; MQ:  1,9411; MV:    0; DT:    0; SOL: [0 0 0 0 0 0 0 0 0 0 0 0 0 0 0 0 0 0 1 1 1 1 1 1 1 1 1 1 1 1 1 2 2 2 2 2 2 3 4 5 5 6 6 6 6 6 6 6 6 6 6 6 6 6 6 6]
C; MQ:  3,2247; MV:   25; DT:    0; SOL: [4 0 0 0 1 0 0 4 5 0 3 1 4 3 5 4 5 0 2 3 3 1 3 3 3 0 1 1 0 1 0 2 2 2 2 2 2 3 4 0 5 6 6 6 6 0 0 6 6 6 6 6 6 0 6 0]
I; MQ:  2,2614; MV:    5; DT:    0; SOL: [0 0 0 0 0 0 0 0 0 0 3 0 0 3 5 0 0 0 1 1 1 1 1 1 1 1 1 1 1 1 2 2 2 2 2 0 2 3 4 5 5 6 6 6 6 6 6 6 6 6 6 6 6 6 6 6]
I; MQ:  2,5599; MV:    9; DT:    1; SOL: [0 0 0 0 0 0 0 0 0 0 3 0 0 3 5 4 0 0 1 1 1 1 1 1 0 1 1 1 1 1 2 2 2 2 2 1 2 3 4 5 5 6 6 6 6 6 6 6 6 6 6 6 6 0 6 0]
I; MQ:  2,7050; MV:   13; DT:    2; SOL: [0 0 5 0 0 0 0 0 5 0 3 0 0 3 5 4 5 0 1 1 1 1 1 1 3 1 1 1 1 1 2 2 2 2 2 1 2 3 4 0 5 6 6 6 6 6 6 6 6 6 6 6 6 0 6 0]
I; MQ:  2,8630; MV:   15; DT:    4; SOL: [4 0 0 0 0 0 0 0 5 0 3 0 0 3 5 4 5 0 2 1 1 1 1 1 3 1 1 1 1 1 0 2 2 2 2 1 2 3 4 0 5 6 6 6 6 0 6 6 6 6 6 6 6 0 6 0]
I; MQ:  2,9886; MV:   16; DT:    6; SOL: [4 0 0 0 0 0 0 0 5 0 3 1 0 3 5 4 5 0 2 3 1 1 1 1 3 3 1 1 1 1 1 2 2 2 2 2 2 3 4 0 5 6 6 6 6 0 6 6 6 6 6 6 6 0 6 0]
I; MQ:  3,1273; MV:   21; DT:    7; SOL: [4 0 0 0 1 0 0 0 5 0 3 1 0 3 5 4 5 0 2 3 3 1 1 3 3 3 1 1 1 1 0 2 2 2 2 2 2 3 4 0 5 6 6 6 6 0 0 6 6 6 6 6 6 0 6 0]
I; MQ:  3,2247; MV:   25; DT:    8; SOL: [4 0 0 0 1 0 0 4 5 0 3 1 4 3 5 4 5 0 2 3 3 1 3 3 3 0 1 1 0 1 0 2 2 2 2 2 2 3 4 0 5 6 6 6 6 0 0 6 6 6 6 6 6 0 6 0]

Cycle #25: udt-java
S; MQ:  1,9411; MV:    0; DT:    0; SOL: [0 0 0 0 0 0 0 0 0 0 0 0 0 0 0 0 0 0 1 1 1 1 1 1 1 1 1 1 1 1 1 2 2 2 2 2 2 3 4 5 5 6 6 6 6 6 6 6 6 6 6 6 6 6 6 6]
C; MQ:  2,7055; MV:   13; DT:    0; SOL: [0 0 5 0 0 0 0 0 5 0 0 0 0 0 5 0 0 0 2 1 1 1 1 1 0 0 1 1 5 0 5 2 2 2 2 2 2 0 0 5 5 6 6 6 6 0 6 6 6 6 6 6 6 0 6 6]
I; MQ:  2,2005; MV:    5; DT:    0; SOL: [0 0 5 0 0 0 0 0 0 0 0 0 0 0 0 0 0 0 1 1 1 1 1 1 1 1 1 1 5 1 2 2 2 2 2 2 2 3 4 5 0 6 6 6 6 6 6 6 6 6 6 6 6 0 6 6]
I; MQ:  2,3081; MV:   10; DT:    0; SOL: [0 0 5 0 0 2 0 2 0 0 0 0 0 0 0 0 0 0 1 1 1 1 1 1 1 1 5 1 5 1 2 2 2 2 2 2 2 3 0 5 0 6 6 6 6 6 6 6 6 6 6 6 6 0 6 0]
I; MQ:  2,3843; MV:   15; DT:    0; SOL: [0 0 5 0 0 2 0 2 0 0 0 0 0 0 5 0 0 0 2 1 1 1 1 1 2 1 5 5 5 1 2 2 2 2 2 1 2 3 0 5 0 6 6 6 6 6 6 6 6 6 6 6 6 0 6 0]
I; MQ:  2,4516; MV:   12; DT:    5; SOL: [0 0 5 0 0 0 0 0 0 0 0 0 0 0 5 0 0 0 2 1 1 1 1 1 0 1 5 5 5 1 0 2 2 2 2 1 2 3 0 5 0 6 6 6 6 6 6 6 6 6 6 6 6 0 6 6]
I; MQ:  2,5924; MV:   10; DT:    9; SOL: [0 0 5 0 0 0 0 0 5 0 0 0 0 0 5 0 0 0 2 1 1 1 1 1 0 1 5 1 5 1 5 2 2 2 2 2 2 3 0 5 5 6 6 6 6 6 6 6 6 6 6 6 6 0 6 6]
I; MQ:  2,6431; MV:   13; DT:   11; SOL: [0 0 5 0 0 0 0 0 5 0 0 0 0 0 5 0 0 0 2 1 1 1 1 1 0 0 1 1 5 1 5 2 2 2 2 2 2 0 0 5 5 6 6 6 6 0 6 6 6 6 6 6 6 0 6 0]
I; MQ:  2,7055; MV:   13; DT:   12; SOL: [0 0 5 0 0 0 0 0 5 0 0 0 0 0 5 0 0 0 2 1 1 1 1 1 0 0 1 1 5 0 5 2 2 2 2 2 2 0 0 5 5 6 6 6 6 0 6 6 6 6 6 6 6 0 6 6]

Cycle #26: udt-java
S; MQ:  1,9411; MV:    0; DT:    0; SOL: [0 0 0 0 0 0 0 0 0 0 0 0 0 0 0 0 0 0 1 1 1 1 1 1 1 1 1 1 1 1 1 2 2 2 2 2 2 3 4 5 5 6 6 6 6 6 6 6 6 6 6 6 6 6 6 6]
C; MQ:  3,1132; MV:   16; DT:    0; SOL: [0 0 0 0 0 0 0 5 0 0 0 0 0 0 0 0 0 0 2 1 1 1 1 1 0 0 1 1 1 0 5 5 3 2 5 2 3 0 0 5 0 6 6 6 6 0 0 6 6 6 6 6 6 0 6 6]
I; MQ:  2,2979; MV:    5; DT:    0; SOL: [0 0 0 0 1 0 0 0 0 0 0 0 0 0 0 0 0 0 2 1 1 1 1 1 1 1 1 1 1 1 1 2 2 2 2 2 2 3 0 5 5 6 6 6 6 6 6 6 6 6 5 6 5 6 6 6]
I; MQ:  2,4100; MV:   10; DT:    0; SOL: [0 0 0 0 1 0 0 0 0 0 0 0 0 0 0 0 0 0 2 1 1 1 1 1 1 0 1 1 1 0 1 2 2 2 2 2 2 0 0 5 5 6 6 6 6 6 6 6 6 6 5 6 5 0 6 5]
I; MQ:  2,5670; MV:   11; DT:    2; SOL: [0 0 0 0 0 0 0 0 0 0 0 0 0 0 0 0 0 0 2 1 1 1 1 1 0 0 1 1 1 0 5 2 2 2 2 2 2 0 0 5 5 6 6 6 6 5 6 6 6 6 6 6 5 0 6 5]
I; MQ:  2,6344; MV:   11; DT:    5; SOL: [0 0 0 0 0 0 0 5 0 0 0 0 0 0 0 0 0 0 2 1 1 1 1 1 0 0 1 1 1 0 5 2 2 2 2 2 2 0 0 5 5 6 6 6 6 0 0 6 6 6 6 6 6 0 6 6]
I; MQ:  3,1132; MV:   16; DT:    5; SOL: [0 0 0 0 0 0 0 5 0 0 0 0 0 0 0 0 0 0 2 1 1 1 1 1 0 0 1 1 1 0 5 5 3 2 5 2 3 0 0 5 0 6 6 6 6 0 0 6 6 6 6 6 6 0 6 6]

Cycle #27: udt-java
S; MQ:  1,9411; MV:    0; DT:    0; SOL: [0 0 0 0 0 0 0 0 0 0 0 0 0 0 0 0 0 0 1 1 1 1 1 1 1 1 1 1 1 1 1 2 2 2 2 2 2 3 4 5 5 6 6 6 6 6 6 6 6 6 6 6 6 6 6 6]
C; MQ:  2,7383; MV:   20; DT:    0; SOL: [4 0 5 5 1 0 0 4 0 0 4 1 4 0 0 4 0 0 1 1 1 1 1 1 0 5 1 1 1 1 2 2 2 1 2 1 2 0 4 5 0 6 6 6 6 0 5 6 6 6 6 6 6 5 6 5]
I; MQ:  2,0954; MV:    5; DT:    0; SOL: [0 0 5 0 1 0 0 0 0 0 0 0 0 0 0 0 0 0 1 1 1 1 1 1 0 1 1 1 1 1 2 2 2 2 2 2 2 0 4 5 5 6 6 6 6 6 6 6 6 6 6 6 6 6 6 6]
I; MQ:  2,4043; MV:   10; DT:    0; SOL: [4 0 5 0 1 0 0 0 0 0 0 0 0 0 5 4 0 0 1 1 1 1 1 1 0 1 1 1 1 1 2 2 2 2 2 2 2 0 4 5 5 6 6 6 6 0 5 6 6 6 6 6 6 6 6 6]
I; MQ:  2,5194; MV:   13; DT:    1; SOL: [4 0 5 5 1 0 0 0 0 0 0 1 0 0 0 4 0 0 1 1 1 1 1 1 0 0 1 1 1 1 2 2 2 2 2 2 2 0 4 5 0 6 6 6 6 0 5 6 6 6 6 6 6 6 6 6]
I; MQ:  2,6447; MV:   17; DT:    2; SOL: [4 0 5 5 1 0 0 4 0 0 0 1 4 0 0 4 0 0 1 1 1 1 1 1 0 5 1 1 1 1 2 2 2 1 2 1 2 0 4 5 0 6 6 6 6 0 5 6 6 6 6 6 6 6 6 6]
I; MQ:  2,7383; MV:   20; DT:    2; SOL: [4 0 5 5 1 0 0 4 0 0 4 1 4 0 0 4 0 0 1 1 1 1 1 1 0 5 1 1 1 1 2 2 2 1 2 1 2 0 4 5 0 6 6 6 6 0 5 6 6 6 6 6 6 5 6 5]

Cycle #28: udt-java
S; MQ:  1,9411; MV:    0; DT:    0; SOL: [0 0 0 0 0 0 0 0 0 0 0 0 0 0 0 0 0 0 1 1 1 1 1 1 1 1 1 1 1 1 1 2 2 2 2 2 2 3 4 5 5 6 6 6 6 6 6 6 6 6 6 6 6 6 6 6]
C; MQ:  3,0783; MV:   22; DT:    0; SOL: [4 0 0 0 1 0 0 4 0 0 4 1 4 0 0 4 0 0 2 1 1 5 0 1 0 0 5 5 0 1 0 2 2 2 2 2 2 0 4 0 0 6 6 6 6 0 0 6 6 6 6 6 6 0 6 6]
I; MQ:  2,0840; MV:    5; DT:    0; SOL: [0 0 5 0 1 0 0 0 0 0 0 0 0 0 0 0 0 0 0 1 1 1 5 1 1 1 1 1 1 1 1 2 2 2 2 2 2 3 4 5 5 6 6 6 6 6 6 6 6 6 6 6 6 0 6 6]
I; MQ:  2,4439; MV:    9; DT:    1; SOL: [0 0 5 0 1 0 0 0 0 0 0 0 0 0 0 0 0 0 2 1 1 1 5 1 1 1 5 1 5 1 1 2 2 2 2 2 2 0 4 5 0 6 6 6 6 6 6 6 6 6 6 6 6 0 6 6]
I; MQ:  2,6215; MV:   11; DT:    3; SOL: [0 0 0 0 1 0 0 0 0 0 0 1 0 0 0 0 0 0 2 1 1 1 0 1 1 1 5 5 5 1 1 2 2 2 2 2 2 0 4 1 0 6 6 6 6 6 6 6 6 6 6 6 6 0 6 6]
I; MQ:  2,9056; MV:   12; DT:    5; SOL: [0 0 0 0 1 0 0 0 0 0 0 1 0 0 0 4 0 0 2 1 1 5 1 1 0 1 5 5 1 1 1 2 2 2 2 2 2 0 4 1 0 6 6 6 6 6 6 6 6 6 6 6 6 0 6 6]
I; MQ:  2,9858; MV:   16; DT:    6; SOL: [4 0 0 0 1 0 0 4 0 0 0 1 4 0 0 4 0 0 2 1 1 5 1 1 0 1 5 5 1 1 0 2 2 2 2 2 2 0 4 0 0 6 6 6 6 6 6 6 6 6 6 6 6 0 6 6]
I; MQ:  3,0740; MV:   21; DT:    8; SOL: [4 0 0 0 1 0 0 4 0 0 4 1 4 0 0 4 0 0 2 1 1 5 0 1 0 0 5 5 0 1 0 2 2 2 2 2 2 0 4 0 0 6 6 6 6 0 6 6 6 6 6 6 6 0 6 6]
I; MQ:  3,0783; MV:   22; DT:    8; SOL: [4 0 0 0 1 0 0 4 0 0 4 1 4 0 0 4 0 0 2 1 1 5 0 1 0 0 5 5 0 1 0 2 2 2 2 2 2 0 4 0 0 6 6 6 6 0 0 6 6 6 6 6 6 0 6 6]

Cycle #29: udt-java
S; MQ:  1,9411; MV:    0; DT:    0; SOL: [0 0 0 0 0 0 0 0 0 0 0 0 0 0 0 0 0 0 1 1 1 1 1 1 1 1 1 1 1 1 1 2 2 2 2 2 2 3 4 5 5 6 6 6 6 6 6 6 6 6 6 6 6 6 6 6]
C; MQ:  3,9939; MV:   32; DT:    0; SOL: [4 0 0 0 5 8 0 8 1 4 3 5 4 3 1 4 1 0 7 3 3 1 3 3 8 8 1 1 1 5 2 8 2 7 8 7 2 3 4 2 1 6 6 6 6 4 0 6 6 6 6 6 6 0 6 0]
I; MQ:  2,2929; MV:    5; DT:    0; SOL: [0 0 5 0 0 0 0 0 0 0 3 0 0 3 0 4 0 0 1 1 1 1 1 1 1 1 1 1 1 1 1 2 2 2 2 1 2 3 4 5 5 6 6 6 6 6 6 6 6 6 6 6 6 6 6 6]
I; MQ:  2,3958; MV:   10; DT:    0; SOL: [4 0 5 0 0 0 0 0 0 0 3 5 0 3 0 4 0 0 1 1 1 1 1 1 1 3 1 1 5 1 1 2 2 2 2 1 2 3 4 5 5 6 6 6 6 6 5 6 6 6 6 6 6 6 6 6]
I; MQ:  2,5955; MV:   14; DT:    1; SOL: [4 0 5 0 1 0 0 0 0 0 3 5 0 3 0 4 0 0 1 3 1 1 1 1 1 3 1 1 5 1 2 2 2 1 2 1 2 3 4 5 5 6 6 6 6 6 0 6 6 6 6 6 6 6 6 6]
I; MQ:  2,7936; MV:   14; DT:    4; SOL: [4 0 0 0 5 0 0 0 1 0 3 5 0 3 0 4 0 0 1 3 1 1 1 1 1 3 1 1 1 1 2 2 2 1 2 1 2 3 4 5 0 6 6 6 6 6 0 6 6 6 6 6 6 6 6 6]
I; MQ:  3,2023; MV:   19; DT:    4; SOL: [4 0 0 0 5 0 0 0 1 0 3 5 0 3 0 4 0 0 1 3 3 1 1 1 0 3 1 1 1 5 2 2 2 1 2 1 2 3 4 2 0 6 6 6 6 6 0 6 6 6 6 6 6 0 6 6]
I; MQ:  3,2452; MV:   21; DT:    6; SOL: [4 0 0 0 5 7 0 4 0 0 3 5 4 3 0 4 0 0 1 3 3 1 1 1 3 3 1 1 1 5 2 2 2 1 2 1 2 3 4 2 0 6 6 6 6 6 0 6 6 6 6 6 6 0 6 6]
I; MQ:  3,3450; MV:   23; DT:    9; SOL: [4 0 0 0 5 7 0 4 0 0 3 5 4 3 0 4 0 0 1 3 3 1 1 1 3 7 1 1 1 5 2 7 2 7 7 7 2 3 4 2 0 6 6 6 6 6 0 6 6 6 6 6 6 0 6 6]
I; MQ:  3,7827; MV:   21; DT:   13; SOL: [4 0 0 0 5 0 0 4 0 0 3 5 4 3 0 4 0 0 7 3 3 1 1 1 3 3 1 1 1 5 2 2 2 7 2 7 2 3 4 2 0 6 6 6 6 6 0 6 6 6 6 6 6 0 6 6]
I; MQ:  3,7962; MV:   24; DT:   16; SOL: [4 0 0 0 5 0 0 4 1 0 3 5 4 3 1 4 0 0 7 3 3 1 1 1 3 3 1 1 1 5 2 2 2 7 2 7 2 3 4 0 1 6 6 6 6 6 0 6 6 6 6 6 6 0 6 0]
I; MQ:  3,8633; MV:   29; DT:   19; SOL: [4 0 0 0 5 8 0 4 1 0 3 5 4 3 1 4 1 0 7 3 3 1 1 1 3 3 1 1 1 5 2 8 2 7 8 7 2 3 4 0 1 6 6 6 6 6 0 6 6 6 8 6 6 0 6 0]
I; MQ:  3,9178; MV:   28; DT:   24; SOL: [4 0 0 0 5 8 0 8 1 0 3 5 4 3 1 4 1 0 7 3 3 1 1 1 8 8 1 1 1 5 2 8 2 7 8 7 2 3 4 2 1 6 6 6 6 6 0 6 6 6 6 6 6 0 6 0]
I; MQ:  3,9718; MV:   32; DT:   26; SOL: [4 0 1 0 5 8 0 8 1 4 3 5 4 3 1 4 1 0 7 3 3 1 1 3 3 8 1 1 1 5 2 8 2 7 8 7 2 3 4 2 1 6 6 6 6 4 0 6 6 6 6 6 6 0 6 0]
I; MQ:  3,9939; MV:   32; DT:   28; SOL: [4 0 0 0 5 8 0 8 1 4 3 5 4 3 1 4 1 0 7 3 3 1 3 3 8 8 1 1 1 5 2 8 2 7 8 7 2 3 4 2 1 6 6 6 6 4 0 6 6 6 6 6 6 0 6 0]
