xmldom (119 classes; 9 packages; 209 deps)

Cycle #0: xmldom
S; MQ:  5,5833; MV:    0; DT:    0; SOL: [0 1 1 1 1 1 1 1 1 1 1 1 1 1 1 1 1 1 1 2 2 2 2 2 2 2 2 2 2 2 2 2 2 2 2 2 2 2 2 2 2 3 3 3 3 3 3 3 3 4 4 4 4 4 4 4 4 4 4 4 4 4 4 4 4 4 4 4 4 4 4 4 4 4 4 4 4 4 4 4 4 4 4 4 4 4 4 4 4 4 4 4 4 4 4 4 4 4 4 4 4 4 4 4 4 5 5 5 6 6 6 6 6 7 7 7 7 8 8]
C; MQ:  6,5297; MV:   19; DT:    0; SOL: [0 1 1 1 1 1 5 1 1 1 1 1 1 1 1 1 1 1 1 2 1 0 0 0 0 0 2 0 0 0 0 0 0 2 2 6 1 0 2 2 8 3 3 3 3 3 3 3 3 4 4 4 4 4 4 4 4 4 4 4 4 4 1 4 4 4 4 4 4 4 4 4 4 4 4 4 4 4 4 4 4 4 4 4 4 4 4 4 4 4 4 4 4 4 4 4 4 4 4 4 4 4 4 4 4 5 5 5 6 6 0 6 6 7 7 7 7 8 8]
I; MQ:  5,8649; MV:    5; DT:    0; SOL: [0 1 1 1 1 1 1 1 1 1 1 1 1 1 1 1 1 1 1 2 1 2 2 2 2 2 2 2 0 2 2 0 2 2 2 6 0 2 2 2 2 3 3 3 3 3 3 3 3 4 4 4 4 4 4 4 4 4 4 4 4 4 4 4 4 4 4 4 4 4 4 4 4 4 4 4 4 4 4 4 4 4 4 4 4 4 4 4 4 4 4 4 4 4 4 4 4 4 4 4 4 4 4 4 4 5 5 5 6 6 6 6 6 7 7 7 7 8 8]
I; MQ:  6,1557; MV:   10; DT:    0; SOL: [0 1 1 1 1 1 1 1 1 1 1 1 1 1 1 1 1 1 1 2 1 2 2 0 0 2 2 0 0 2 2 0 2 2 2 6 0 2 2 2 8 3 3 3 3 3 3 3 3 4 4 4 4 4 4 4 4 4 4 4 4 4 4 4 4 4 4 4 4 4 4 4 4 4 4 4 4 4 4 4 4 4 4 4 4 4 4 4 4 4 4 4 4 4 4 4 4 4 4 4 4 4 4 4 4 5 5 5 6 6 0 6 6 7 7 7 7 8 8]
I; MQ:  6,2836; MV:   14; DT:    1; SOL: [0 1 1 1 1 1 1 1 1 1 1 1 1 1 1 1 1 1 1 2 1 0 2 0 0 0 2 0 0 2 0 0 0 2 2 6 1 2 2 2 8 3 3 3 3 3 3 3 3 4 4 4 4 4 4 4 4 4 4 4 4 4 4 4 4 4 4 4 4 4 4 4 4 4 4 4 4 4 4 4 4 4 4 4 4 4 4 4 4 4 4 4 4 4 4 4 4 4 4 4 4 4 4 4 4 5 5 5 6 6 0 6 6 7 7 7 7 8 8]
I; MQ:  6,5297; MV:   19; DT:    1; SOL: [0 1 1 1 1 1 5 1 1 1 1 1 1 1 1 1 1 1 1 2 1 0 0 0 0 0 2 0 0 0 0 0 0 2 2 6 1 0 2 2 8 3 3 3 3 3 3 3 3 4 4 4 4 4 4 4 4 4 4 4 4 4 1 4 4 4 4 4 4 4 4 4 4 4 4 4 4 4 4 4 4 4 4 4 4 4 4 4 4 4 4 4 4 4 4 4 4 4 4 4 4 4 4 4 4 5 5 5 6 6 0 6 6 7 7 7 7 8 8]

Cycle #1: xmldom
S; MQ:  5,5833; MV:    0; DT:    0; SOL: [0 1 1 1 1 1 1 1 1 1 1 1 1 1 1 1 1 1 1 2 2 2 2 2 2 2 2 2 2 2 2 2 2 2 2 2 2 2 2 2 2 3 3 3 3 3 3 3 3 4 4 4 4 4 4 4 4 4 4 4 4 4 4 4 4 4 4 4 4 4 4 4 4 4 4 4 4 4 4 4 4 4 4 4 4 4 4 4 4 4 4 4 4 4 4 4 4 4 4 4 4 4 4 4 4 5 5 5 6 6 6 6 6 7 7 7 7 8 8]
C; MQ:  6,5297; MV:   19; DT:    0; SOL: [0 1 1 1 1 1 5 1 1 1 1 1 1 1 1 1 1 1 1 2 1 0 0 0 0 0 2 0 0 0 0 0 0 2 2 6 1 0 2 2 8 3 3 3 3 3 3 3 3 4 4 4 4 4 4 4 4 4 4 4 4 4 1 4 4 4 4 4 4 4 4 4 4 4 4 4 4 4 4 4 4 4 4 4 4 4 4 4 4 4 4 4 4 4 4 4 4 4 4 4 4 4 4 4 4 5 5 5 6 6 0 6 6 7 7 7 7 8 8]
I; MQ:  5,9708; MV:    5; DT:    0; SOL: [0 1 1 1 1 1 5 1 1 1 1 1 1 1 1 1 1 1 1 2 1 2 2 2 0 2 2 2 0 2 2 2 2 2 2 2 2 2 2 2 2 3 3 3 3 3 3 3 3 4 4 4 4 4 4 4 4 4 4 4 4 4 4 4 4 4 4 4 4 4 4 4 4 4 4 4 4 4 4 4 4 4 4 4 4 4 4 4 4 4 4 4 4 4 4 4 4 4 4 4 4 4 4 4 4 5 5 5 6 6 0 6 6 7 7 7 7 8 8]
I; MQ:  6,1069; MV:   10; DT:    0; SOL: [0 1 1 1 1 1 5 1 1 1 1 1 1 1 1 1 1 1 1 2 1 2 2 0 0 2 2 2 0 2 2 0 2 2 2 6 2 2 2 2 8 3 3 3 3 3 3 3 3 4 4 4 4 4 4 4 4 4 4 4 4 4 1 4 4 4 4 4 4 4 4 4 4 4 4 4 4 4 4 4 4 4 4 4 4 4 4 4 4 4 4 4 4 4 4 4 4 4 4 4 4 4 4 4 4 5 5 5 6 6 0 6 6 7 7 7 7 8 8]
I; MQ:  6,3057; MV:   15; DT:    0; SOL: [0 1 1 1 1 1 5 1 1 1 1 1 1 1 1 1 1 1 1 2 1 0 2 0 0 0 2 0 0 2 2 0 0 2 2 6 0 2 2 2 8 3 3 3 3 3 3 3 3 4 4 4 4 4 4 4 4 4 4 4 4 4 1 4 4 4 4 4 4 4 4 4 4 4 4 4 4 4 4 4 4 4 4 4 4 4 4 4 4 4 4 4 4 4 4 4 4 4 4 4 4 4 4 4 4 5 5 5 6 6 0 6 6 7 7 7 7 8 8]
I; MQ:  6,5297; MV:   19; DT:    1; SOL: [0 1 1 1 1 1 5 1 1 1 1 1 1 1 1 1 1 1 1 2 1 0 0 0 0 0 2 0 0 0 0 0 0 2 2 6 1 0 2 2 8 3 3 3 3 3 3 3 3 4 4 4 4 4 4 4 4 4 4 4 4 4 1 4 4 4 4 4 4 4 4 4 4 4 4 4 4 4 4 4 4 4 4 4 4 4 4 4 4 4 4 4 4 4 4 4 4 4 4 4 4 4 4 4 4 5 5 5 6 6 0 6 6 7 7 7 7 8 8]

Cycle #2: xmldom
S; MQ:  5,5833; MV:    0; DT:    0; SOL: [0 1 1 1 1 1 1 1 1 1 1 1 1 1 1 1 1 1 1 2 2 2 2 2 2 2 2 2 2 2 2 2 2 2 2 2 2 2 2 2 2 3 3 3 3 3 3 3 3 4 4 4 4 4 4 4 4 4 4 4 4 4 4 4 4 4 4 4 4 4 4 4 4 4 4 4 4 4 4 4 4 4 4 4 4 4 4 4 4 4 4 4 4 4 4 4 4 4 4 4 4 4 4 4 4 5 5 5 6 6 6 6 6 7 7 7 7 8 8]
C; MQ:  6,0735; MV:    9; DT:    0; SOL: [0 0 1 1 1 1 5 1 2 1 0 1 1 1 1 0 1 1 1 2 2 2 2 2 2 2 2 2 2 2 2 2 2 2 2 0 2 2 2 2 8 3 3 3 3 3 3 3 3 4 4 4 4 4 4 4 4 4 4 4 4 4 0 4 4 4 4 4 4 4 4 4 4 4 4 4 4 4 4 4 4 4 4 4 4 4 4 4 4 4 4 4 4 4 4 4 4 4 4 4 4 4 4 4 4 5 5 5 6 6 2 6 6 7 7 7 7 8 8]
I; MQ:  5,9113; MV:    5; DT:    0; SOL: [0 1 1 1 1 1 1 1 2 1 0 1 1 1 1 0 1 1 1 2 2 2 2 2 2 2 2 2 2 2 2 2 2 2 2 0 2 2 2 2 2 3 3 3 3 3 3 3 3 4 4 4 4 4 4 4 4 4 4 4 4 4 0 4 4 4 4 4 4 4 4 4 4 4 4 4 4 4 4 4 4 4 4 4 4 4 4 4 4 4 4 4 4 4 4 4 4 4 4 4 4 4 4 4 4 5 5 5 6 6 6 6 6 7 7 7 7 8 8]
I; MQ:  6,0735; MV:    9; DT:    0; SOL: [0 0 1 1 1 1 5 1 2 1 0 1 1 1 1 0 1 1 1 2 2 2 2 2 2 2 2 2 2 2 2 2 2 2 2 0 2 2 2 2 8 3 3 3 3 3 3 3 3 4 4 4 4 4 4 4 4 4 4 4 4 4 0 4 4 4 4 4 4 4 4 4 4 4 4 4 4 4 4 4 4 4 4 4 4 4 4 4 4 4 4 4 4 4 4 4 4 4 4 4 4 4 4 4 4 5 5 5 6 6 2 6 6 7 7 7 7 8 8]

Cycle #3: xmldom
S; MQ:  5,5833; MV:    0; DT:    0; SOL: [0 1 1 1 1 1 1 1 1 1 1 1 1 1 1 1 1 1 1 2 2 2 2 2 2 2 2 2 2 2 2 2 2 2 2 2 2 2 2 2 2 3 3 3 3 3 3 3 3 4 4 4 4 4 4 4 4 4 4 4 4 4 4 4 4 4 4 4 4 4 4 4 4 4 4 4 4 4 4 4 4 4 4 4 4 4 4 4 4 4 4 4 4 4 4 4 4 4 4 4 4 4 4 4 4 5 5 5 6 6 6 6 6 7 7 7 7 8 8]
C; MQ:  6,5297; MV:   19; DT:    0; SOL: [0 1 1 1 1 1 5 1 1 1 1 1 1 1 1 1 1 1 1 2 1 0 0 0 0 0 2 0 0 0 0 0 0 2 2 6 1 0 2 2 8 3 3 3 3 3 3 3 3 4 4 4 4 4 4 4 4 4 4 4 4 4 1 4 4 4 4 4 4 4 4 4 4 4 4 4 4 4 4 4 4 4 4 4 4 4 4 4 4 4 4 4 4 4 4 4 4 4 4 4 4 4 4 4 4 5 5 5 6 6 0 6 6 7 7 7 7 8 8]
I; MQ:  5,9251; MV:    5; DT:    0; SOL: [0 1 1 1 1 1 1 1 1 1 1 1 1 1 1 1 1 1 1 2 1 2 2 2 0 2 2 2 2 2 2 2 2 2 2 2 2 2 2 2 8 3 3 3 3 3 3 3 3 4 4 4 4 4 4 4 4 4 4 4 4 4 1 4 4 4 4 4 4 4 4 4 4 4 4 4 4 4 4 4 4 4 4 4 4 4 4 4 4 4 4 4 4 4 4 4 4 4 4 4 4 4 4 4 4 5 5 5 6 6 0 6 6 7 7 7 7 8 8]
I; MQ:  6,1069; MV:   10; DT:    0; SOL: [0 1 1 1 1 1 5 1 1 1 1 1 1 1 1 1 1 1 1 2 1 2 2 0 0 2 2 2 0 2 2 0 2 2 2 6 2 2 2 2 8 3 3 3 3 3 3 3 3 4 4 4 4 4 4 4 4 4 4 4 4 4 1 4 4 4 4 4 4 4 4 4 4 4 4 4 4 4 4 4 4 4 4 4 4 4 4 4 4 4 4 4 4 4 4 4 4 4 4 4 4 4 4 4 4 5 5 5 6 6 0 6 6 7 7 7 7 8 8]
I; MQ:  6,3057; MV:   15; DT:    0; SOL: [0 1 1 1 1 1 5 1 1 1 1 1 1 1 1 1 1 1 1 2 1 0 2 0 0 0 2 0 0 2 2 0 0 2 2 6 0 2 2 2 8 3 3 3 3 3 3 3 3 4 4 4 4 4 4 4 4 4 4 4 4 4 1 4 4 4 4 4 4 4 4 4 4 4 4 4 4 4 4 4 4 4 4 4 4 4 4 4 4 4 4 4 4 4 4 4 4 4 4 4 4 4 4 4 4 5 5 5 6 6 0 6 6 7 7 7 7 8 8]
I; MQ:  6,5297; MV:   19; DT:    1; SOL: [0 1 1 1 1 1 5 1 1 1 1 1 1 1 1 1 1 1 1 2 1 0 0 0 0 0 2 0 0 0 0 0 0 2 2 6 1 0 2 2 8 3 3 3 3 3 3 3 3 4 4 4 4 4 4 4 4 4 4 4 4 4 1 4 4 4 4 4 4 4 4 4 4 4 4 4 4 4 4 4 4 4 4 4 4 4 4 4 4 4 4 4 4 4 4 4 4 4 4 4 4 4 4 4 4 5 5 5 6 6 0 6 6 7 7 7 7 8 8]

Cycle #4: xmldom
S; MQ:  5,5833; MV:    0; DT:    0; SOL: [0 1 1 1 1 1 1 1 1 1 1 1 1 1 1 1 1 1 1 2 2 2 2 2 2 2 2 2 2 2 2 2 2 2 2 2 2 2 2 2 2 3 3 3 3 3 3 3 3 4 4 4 4 4 4 4 4 4 4 4 4 4 4 4 4 4 4 4 4 4 4 4 4 4 4 4 4 4 4 4 4 4 4 4 4 4 4 4 4 4 4 4 4 4 4 4 4 4 4 4 4 4 4 4 4 5 5 5 6 6 6 6 6 7 7 7 7 8 8]
C; MQ:  6,0489; MV:   12; DT:    0; SOL: [0 1 1 1 1 1 5 1 0 0 1 1 1 1 1 1 1 1 1 2 0 0 2 2 0 2 2 2 2 2 2 2 2 2 2 6 0 2 2 2 8 0 3 3 3 3 3 3 3 4 4 4 4 4 4 4 4 4 4 4 4 4 1 4 4 4 4 4 4 4 4 4 4 4 4 4 4 4 4 4 4 4 4 4 4 4 4 4 4 4 4 4 4 4 4 4 4 4 4 4 4 4 4 4 4 5 5 5 6 6 0 6 6 7 7 7 7 8 8]
I; MQ:  5,7613; MV:    5; DT:    0; SOL: [0 1 1 1 1 1 1 1 0 0 1 1 1 1 1 1 1 1 1 2 2 2 2 2 2 2 2 2 2 2 0 2 2 2 2 2 2 2 2 2 8 3 3 3 3 3 3 3 3 4 4 4 4 4 4 4 4 4 4 4 4 4 4 4 4 4 4 4 4 4 4 4 4 4 4 4 4 4 4 4 4 4 4 4 4 4 4 4 4 4 4 4 4 4 4 4 4 4 4 4 4 4 4 4 4 5 5 5 6 6 0 6 6 7 7 7 7 8 8]
I; MQ:  5,9216; MV:    8; DT:    1; SOL: [0 1 1 1 1 1 1 1 0 1 1 1 1 1 1 1 1 0 1 2 0 0 2 2 0 2 2 2 2 2 0 2 2 2 2 2 2 2 2 2 8 3 3 3 3 3 3 3 3 4 4 4 4 4 4 4 4 4 4 4 4 4 4 4 4 4 4 4 4 4 4 4 4 4 4 4 4 4 4 4 4 4 4 4 4 4 4 4 4 4 4 4 4 4 4 4 4 4 4 4 4 4 4 4 4 5 5 5 6 6 0 6 6 7 7 7 7 8 8]
I; MQ:  5,9900; MV:   11; DT:    3; SOL: [0 1 1 1 1 1 5 1 0 0 1 1 1 1 1 1 1 0 1 2 0 0 2 2 0 2 2 2 2 2 2 2 2 2 2 2 0 2 2 2 8 0 3 3 3 3 3 3 3 4 4 4 4 4 4 4 4 4 4 4 4 4 4 4 4 4 4 4 4 4 4 4 4 4 4 4 4 4 4 4 4 4 4 4 4 4 4 4 4 4 4 4 4 4 4 4 4 4 4 4 4 4 4 4 4 5 5 5 6 6 0 6 6 7 7 7 7 8 8]
I; MQ:  6,0489; MV:   12; DT:    4; SOL: [0 1 1 1 1 1 5 1 0 0 1 1 1 1 1 1 1 1 1 2 0 0 2 2 0 2 2 2 2 2 2 2 2 2 2 6 0 2 2 2 8 0 3 3 3 3 3 3 3 4 4 4 4 4 4 4 4 4 4 4 4 4 1 4 4 4 4 4 4 4 4 4 4 4 4 4 4 4 4 4 4 4 4 4 4 4 4 4 4 4 4 4 4 4 4 4 4 4 4 4 4 4 4 4 4 5 5 5 6 6 0 6 6 7 7 7 7 8 8]

Cycle #5: xmldom
S; MQ:  5,5833; MV:    0; DT:    0; SOL: [0 1 1 1 1 1 1 1 1 1 1 1 1 1 1 1 1 1 1 2 2 2 2 2 2 2 2 2 2 2 2 2 2 2 2 2 2 2 2 2 2 3 3 3 3 3 3 3 3 4 4 4 4 4 4 4 4 4 4 4 4 4 4 4 4 4 4 4 4 4 4 4 4 4 4 4 4 4 4 4 4 4 4 4 4 4 4 4 4 4 4 4 4 4 4 4 4 4 4 4 4 4 4 4 4 5 5 5 6 6 6 6 6 7 7 7 7 8 8]
C; MQ:  6,0471; MV:   10; DT:    0; SOL: [0 1 1 1 1 1 5 0 2 0 1 1 1 0 1 1 1 1 1 2 2 2 2 2 2 2 2 2 2 2 2 2 2 2 2 6 0 2 2 2 8 3 3 3 3 3 3 3 3 4 4 4 4 4 4 4 4 4 4 4 4 4 1 4 4 4 4 4 4 4 4 4 4 4 4 4 4 4 4 4 4 4 4 4 4 4 4 4 4 4 4 4 4 4 4 4 4 4 4 4 4 4 4 4 4 5 5 5 6 6 2 6 6 7 7 7 7 8 8]
I; MQ:  5,8876; MV:    5; DT:    0; SOL: [0 1 1 1 1 1 1 1 1 0 1 1 1 1 1 1 1 1 1 2 1 2 2 2 2 2 2 2 2 2 2 2 2 2 2 2 0 2 2 2 2 3 3 3 3 3 3 3 3 4 4 4 4 4 4 4 4 4 4 4 4 4 1 4 4 4 4 4 4 4 4 4 4 4 4 4 4 4 4 4 4 4 4 4 4 4 4 4 4 4 4 4 4 4 4 4 4 4 4 4 4 4 4 4 4 5 5 5 6 6 2 6 6 7 7 7 7 8 8]
I; MQ:  5,9736; MV:   10; DT:    0; SOL: [0 1 1 1 1 1 5 0 1 0 1 1 1 0 1 1 1 1 1 2 1 1 2 2 2 2 2 2 2 2 2 2 2 2 2 2 0 2 2 2 1 3 3 3 3 3 3 3 3 4 4 4 4 4 4 4 4 4 4 4 4 4 1 4 4 4 4 4 4 4 4 4 4 4 4 4 4 4 4 4 4 4 4 4 4 4 4 4 4 4 4 4 4 4 4 4 4 4 4 4 4 4 4 4 4 5 5 5 6 6 2 6 6 7 7 7 7 8 8]
I; MQ:  6,0318; MV:   10; DT:    3; SOL: [0 1 1 1 1 1 5 0 2 0 1 1 1 0 1 1 1 1 1 2 2 2 2 2 2 2 2 2 2 2 2 2 2 2 2 1 0 2 2 2 8 3 3 3 3 3 3 3 3 4 4 4 4 4 4 4 4 4 4 4 4 4 1 4 4 4 4 4 4 4 4 4 4 4 4 4 4 4 4 4 4 4 4 4 4 4 4 4 4 4 4 4 4 4 4 4 4 4 4 4 4 4 4 4 4 5 5 5 6 6 2 6 6 7 7 7 7 8 8]
I; MQ:  6,0471; MV:   10; DT:    4; SOL: [0 1 1 1 1 1 5 0 2 0 1 1 1 0 1 1 1 1 1 2 2 2 2 2 2 2 2 2 2 2 2 2 2 2 2 6 0 2 2 2 8 3 3 3 3 3 3 3 3 4 4 4 4 4 4 4 4 4 4 4 4 4 1 4 4 4 4 4 4 4 4 4 4 4 4 4 4 4 4 4 4 4 4 4 4 4 4 4 4 4 4 4 4 4 4 4 4 4 4 4 4 4 4 4 4 5 5 5 6 6 2 6 6 7 7 7 7 8 8]

Cycle #6: xmldom
S; MQ:  5,5833; MV:    0; DT:    0; SOL: [0 1 1 1 1 1 1 1 1 1 1 1 1 1 1 1 1 1 1 2 2 2 2 2 2 2 2 2 2 2 2 2 2 2 2 2 2 2 2 2 2 3 3 3 3 3 3 3 3 4 4 4 4 4 4 4 4 4 4 4 4 4 4 4 4 4 4 4 4 4 4 4 4 4 4 4 4 4 4 4 4 4 4 4 4 4 4 4 4 4 4 4 4 4 4 4 4 4 4 4 4 4 4 4 4 5 5 5 6 6 6 6 6 7 7 7 7 8 8]
C; MQ:  6,0735; MV:    9; DT:    0; SOL: [0 0 1 1 1 1 5 1 2 1 0 1 1 1 1 0 1 1 1 2 2 2 2 2 2 2 2 2 2 2 2 2 2 2 2 0 2 2 2 2 8 3 3 3 3 3 3 3 3 4 4 4 4 4 4 4 4 4 4 4 4 4 0 4 4 4 4 4 4 4 4 4 4 4 4 4 4 4 4 4 4 4 4 4 4 4 4 4 4 4 4 4 4 4 4 4 4 4 4 4 4 4 4 4 4 5 5 5 6 6 2 6 6 7 7 7 7 8 8]
I; MQ:  5,9274; MV:    5; DT:    0; SOL: [0 0 1 1 1 1 1 1 1 1 0 1 1 1 1 0 1 1 1 2 2 2 2 2 2 2 2 2 2 2 2 2 2 2 2 2 2 2 2 2 0 3 3 3 3 3 3 3 3 4 4 4 4 4 4 4 4 4 4 4 4 4 0 4 4 4 4 4 4 4 4 4 4 4 4 4 4 4 4 4 4 4 4 4 4 4 4 4 4 4 4 4 4 4 4 4 4 4 4 4 4 4 4 4 4 5 5 5 6 6 6 6 6 7 7 7 7 8 8]
I; MQ:  6,0735; MV:    9; DT:    1; SOL: [0 0 1 1 1 1 5 1 2 1 0 1 1 1 1 0 1 1 1 2 2 2 2 2 2 2 2 2 2 2 2 2 2 2 2 0 2 2 2 2 8 3 3 3 3 3 3 3 3 4 4 4 4 4 4 4 4 4 4 4 4 4 0 4 4 4 4 4 4 4 4 4 4 4 4 4 4 4 4 4 4 4 4 4 4 4 4 4 4 4 4 4 4 4 4 4 4 4 4 4 4 4 4 4 4 5 5 5 6 6 2 6 6 7 7 7 7 8 8]

Cycle #7: xmldom
S; MQ:  5,5833; MV:    0; DT:    0; SOL: [0 1 1 1 1 1 1 1 1 1 1 1 1 1 1 1 1 1 1 2 2 2 2 2 2 2 2 2 2 2 2 2 2 2 2 2 2 2 2 2 2 3 3 3 3 3 3 3 3 4 4 4 4 4 4 4 4 4 4 4 4 4 4 4 4 4 4 4 4 4 4 4 4 4 4 4 4 4 4 4 4 4 4 4 4 4 4 4 4 4 4 4 4 4 4 4 4 4 4 4 4 4 4 4 4 5 5 5 6 6 6 6 6 7 7 7 7 8 8]
C; MQ:  6,0735; MV:    9; DT:    0; SOL: [0 0 1 1 1 1 5 1 2 1 0 1 1 1 1 0 1 1 1 2 2 2 2 2 2 2 2 2 2 2 2 2 2 2 2 0 2 2 2 2 8 3 3 3 3 3 3 3 3 4 4 4 4 4 4 4 4 4 4 4 4 4 0 4 4 4 4 4 4 4 4 4 4 4 4 4 4 4 4 4 4 4 4 4 4 4 4 4 4 4 4 4 4 4 4 4 4 4 4 4 4 4 4 4 4 5 5 5 6 6 2 6 6 7 7 7 7 8 8]
I; MQ:  5,9672; MV:    5; DT:    0; SOL: [0 0 1 1 1 1 1 1 2 1 0 1 1 1 1 1 1 1 1 2 2 2 2 2 2 2 2 2 2 2 2 2 2 2 2 0 2 2 2 2 0 3 3 3 3 3 3 3 3 4 4 4 4 4 4 4 4 4 4 4 4 4 4 4 4 4 4 4 4 4 4 4 4 4 4 4 4 4 4 4 4 4 4 4 4 4 4 4 4 4 4 4 4 4 4 4 4 4 4 4 4 4 4 4 4 5 5 5 6 6 6 6 6 7 7 7 7 8 8]
I; MQ:  6,0735; MV:    9; DT:    1; SOL: [0 0 1 1 1 1 5 1 2 1 0 1 1 1 1 0 1 1 1 2 2 2 2 2 2 2 2 2 2 2 2 2 2 2 2 0 2 2 2 2 8 3 3 3 3 3 3 3 3 4 4 4 4 4 4 4 4 4 4 4 4 4 0 4 4 4 4 4 4 4 4 4 4 4 4 4 4 4 4 4 4 4 4 4 4 4 4 4 4 4 4 4 4 4 4 4 4 4 4 4 4 4 4 4 4 5 5 5 6 6 2 6 6 7 7 7 7 8 8]

Cycle #8: xmldom
S; MQ:  5,5833; MV:    0; DT:    0; SOL: [0 1 1 1 1 1 1 1 1 1 1 1 1 1 1 1 1 1 1 2 2 2 2 2 2 2 2 2 2 2 2 2 2 2 2 2 2 2 2 2 2 3 3 3 3 3 3 3 3 4 4 4 4 4 4 4 4 4 4 4 4 4 4 4 4 4 4 4 4 4 4 4 4 4 4 4 4 4 4 4 4 4 4 4 4 4 4 4 4 4 4 4 4 4 4 4 4 4 4 4 4 4 4 4 4 5 5 5 6 6 6 6 6 7 7 7 7 8 8]
C; MQ:  6,0735; MV:    9; DT:    0; SOL: [0 0 1 1 1 1 5 1 2 1 0 1 1 1 1 0 1 1 1 2 2 2 2 2 2 2 2 2 2 2 2 2 2 2 2 0 2 2 2 2 8 3 3 3 3 3 3 3 3 4 4 4 4 4 4 4 4 4 4 4 4 4 0 4 4 4 4 4 4 4 4 4 4 4 4 4 4 4 4 4 4 4 4 4 4 4 4 4 4 4 4 4 4 4 4 4 4 4 4 4 4 4 4 4 4 5 5 5 6 6 2 6 6 7 7 7 7 8 8]
I; MQ:  5,7805; MV:    5; DT:    0; SOL: [0 1 1 1 1 1 5 1 2 1 1 1 1 1 1 0 1 1 1 2 2 2 2 6 2 2 2 2 2 2 2 2 2 2 2 2 2 2 2 2 2 3 3 3 3 3 3 3 3 4 4 4 4 4 4 4 4 4 4 4 4 4 0 4 4 4 4 4 4 4 4 4 4 4 4 4 4 4 4 4 4 4 4 4 4 4 4 4 4 4 4 4 4 4 4 4 4 4 4 4 4 4 4 4 4 5 5 5 6 6 6 6 6 7 7 7 7 8 8]
I; MQ:  6,0110; MV:    8; DT:    1; SOL: [0 0 1 1 1 1 5 1 2 1 0 1 1 1 1 0 1 1 1 2 2 2 2 2 2 2 2 2 2 2 2 2 2 2 2 0 2 2 2 2 0 3 3 3 3 3 3 3 3 4 4 4 4 4 4 4 4 4 4 4 4 4 0 4 4 4 4 4 4 4 4 4 4 4 4 4 4 4 4 4 4 4 4 4 4 4 4 4 4 4 4 4 4 4 4 4 4 4 4 4 4 4 4 4 4 5 5 5 6 6 6 6 6 7 7 7 7 8 8]
I; MQ:  6,0735; MV:    9; DT:    2; SOL: [0 0 1 1 1 1 5 1 2 1 0 1 1 1 1 0 1 1 1 2 2 2 2 2 2 2 2 2 2 2 2 2 2 2 2 0 2 2 2 2 8 3 3 3 3 3 3 3 3 4 4 4 4 4 4 4 4 4 4 4 4 4 0 4 4 4 4 4 4 4 4 4 4 4 4 4 4 4 4 4 4 4 4 4 4 4 4 4 4 4 4 4 4 4 4 4 4 4 4 4 4 4 4 4 4 5 5 5 6 6 2 6 6 7 7 7 7 8 8]

Cycle #9: xmldom
S; MQ:  5,5833; MV:    0; DT:    0; SOL: [0 1 1 1 1 1 1 1 1 1 1 1 1 1 1 1 1 1 1 2 2 2 2 2 2 2 2 2 2 2 2 2 2 2 2 2 2 2 2 2 2 3 3 3 3 3 3 3 3 4 4 4 4 4 4 4 4 4 4 4 4 4 4 4 4 4 4 4 4 4 4 4 4 4 4 4 4 4 4 4 4 4 4 4 4 4 4 4 4 4 4 4 4 4 4 4 4 4 4 4 4 4 4 4 4 5 5 5 6 6 6 6 6 7 7 7 7 8 8]
C; MQ:  7,5835; MV:   26; DT:    0; SOL: [0 1 10 10 10 1 5 1 11 11 1 1 1 1 1 1 1 1 10 2 11 11 9 0 0 9 2 0 0 9 9 0 0 2 2 9 11 9 2 2 8 11 3 3 3 3 3 3 3 4 4 4 4 4 4 4 4 4 4 4 4 4 1 4 4 4 4 4 4 4 4 4 4 4 4 4 4 4 4 4 4 4 4 4 4 4 4 4 4 4 4 4 4 4 4 4 4 4 4 4 4 4 4 4 4 5 5 5 6 6 0 6 6 7 7 7 7 8 8]
I; MQ:  5,9898; MV:    5; DT:    0; SOL: [0 1 1 1 1 1 1 1 2 1 1 1 1 1 1 1 1 1 1 2 2 2 2 2 0 2 2 2 0 2 2 2 2 2 2 2 2 2 2 2 2 3 3 3 3 3 3 3 3 4 4 4 4 4 4 4 4 4 4 4 4 4 1 4 4 4 4 4 4 4 4 4 4 4 4 4 4 4 4 4 4 4 4 4 4 4 4 4 4 4 4 4 4 4 4 4 4 4 4 4 4 4 4 4 4 5 5 5 6 6 0 6 6 7 7 7 7 8 8]
I; MQ:  6,1209; MV:   10; DT:    0; SOL: [0 1 1 1 1 1 5 1 2 1 1 1 1 1 1 1 1 1 1 2 2 2 2 0 0 2 2 0 0 2 2 0 2 2 2 6 2 2 2 2 2 3 3 3 3 3 3 3 3 4 4 4 4 4 4 4 4 4 4 4 4 4 1 4 4 4 4 4 4 4 4 4 4 4 4 4 4 4 4 4 4 4 4 4 4 4 4 4 4 4 4 4 4 4 4 4 4 4 4 4 4 4 4 4 4 5 5 5 6 6 0 6 6 7 7 7 7 8 8]
I; MQ:  6,3260; MV:   14; DT:    1; SOL: [0 1 1 1 1 1 5 1 9 1 1 1 1 1 1 1 1 1 1 2 2 0 2 0 0 9 2 0 0 2 9 0 0 2 2 6 2 2 2 2 2 3 3 3 3 3 3 3 3 4 4 4 4 4 4 4 4 4 4 4 4 4 1 4 4 4 4 4 4 4 4 4 4 4 4 4 4 4 4 4 4 4 4 4 4 4 4 4 4 4 4 4 4 4 4 4 4 4 4 4 4 4 4 4 4 5 5 5 6 6 0 6 6 7 7 7 7 8 8]
I; MQ:  6,4285; MV:   17; DT:    3; SOL: [0 1 1 1 1 1 5 1 10 1 1 1 1 1 1 1 1 9 1 2 2 0 2 0 0 10 2 0 0 9 9 0 0 2 2 6 2 9 2 2 2 3 3 3 3 3 3 3 3 4 4 4 4 4 4 4 4 4 4 4 4 4 1 4 4 4 4 4 4 4 4 4 4 4 4 4 4 4 4 4 4 4 4 4 4 4 4 4 4 4 4 4 4 4 4 4 4 4 4 4 4 4 4 4 4 5 5 5 6 6 0 6 6 7 7 7 7 8 8]
I; MQ:  6,6325; MV:   18; DT:    6; SOL: [0 1 1 10 10 1 5 1 1 1 1 1 1 1 1 1 1 10 1 2 2 0 2 0 0 9 2 0 0 9 9 0 0 2 2 6 2 9 2 2 2 3 3 3 3 3 3 3 3 4 4 4 4 4 4 4 4 4 4 4 4 4 1 4 4 4 4 4 4 4 4 4 4 4 4 4 4 4 4 4 4 4 4 4 4 4 4 4 4 4 4 4 4 4 4 4 4 4 4 4 4 4 4 4 4 5 5 5 6 6 0 6 6 7 7 7 7 8 8]
I; MQ:  6,9223; MV:   20; DT:   10; SOL: [0 1 1 10 10 1 5 1 11 1 1 1 1 1 1 1 1 11 1 2 2 0 2 0 11 9 2 0 0 9 9 0 0 2 2 6 2 9 2 2 2 11 3 3 3 3 3 3 3 4 4 4 4 4 4 4 4 4 4 4 4 4 1 4 4 4 4 4 4 4 4 4 4 4 4 4 4 4 4 4 4 4 4 4 4 4 4 4 4 4 4 4 4 4 4 4 4 4 4 4 4 4 4 4 4 5 5 5 6 6 11 6 6 7 7 7 7 8 8]
I; MQ:  7,1064; MV:   22; DT:   12; SOL: [0 1 1 10 10 1 5 1 11 11 1 1 1 1 1 1 1 1 1 2 11 11 2 0 11 9 2 0 0 9 9 0 0 2 2 6 11 9 2 2 2 11 3 3 3 3 3 3 3 4 4 4 4 4 4 4 4 4 4 4 4 4 1 4 4 4 4 4 4 4 4 4 4 4 4 4 4 4 4 4 4 4 4 4 4 4 4 4 4 4 4 4 4 4 4 4 4 4 4 4 4 4 4 4 4 5 5 5 6 6 11 6 6 7 7 7 7 8 8]
I; MQ:  7,2810; MV:   25; DT:   15; SOL: [0 1 10 10 10 1 5 1 11 11 1 1 1 1 1 1 1 11 10 2 11 11 2 0 0 9 2 0 0 9 9 0 0 2 2 6 11 9 2 2 2 11 3 3 3 3 3 3 3 4 4 4 4 4 4 4 4 4 4 4 4 4 1 4 4 4 4 4 4 4 4 4 4 4 4 4 4 4 4 4 4 4 4 4 4 4 4 4 4 4 4 4 4 4 4 4 4 4 4 4 4 4 4 4 4 5 5 5 6 6 0 6 6 7 7 7 7 8 8]
I; MQ:  7,5835; MV:   26; DT:   17; SOL: [0 1 10 10 10 1 5 1 11 11 1 1 1 1 1 1 1 1 10 2 11 11 9 0 0 9 2 0 0 9 9 0 0 2 2 9 11 9 2 2 8 11 3 3 3 3 3 3 3 4 4 4 4 4 4 4 4 4 4 4 4 4 1 4 4 4 4 4 4 4 4 4 4 4 4 4 4 4 4 4 4 4 4 4 4 4 4 4 4 4 4 4 4 4 4 4 4 4 4 4 4 4 4 4 4 5 5 5 6 6 0 6 6 7 7 7 7 8 8]

Cycle #10: xmldom
S; MQ:  5,5833; MV:    0; DT:    0; SOL: [0 1 1 1 1 1 1 1 1 1 1 1 1 1 1 1 1 1 1 2 2 2 2 2 2 2 2 2 2 2 2 2 2 2 2 2 2 2 2 2 2 3 3 3 3 3 3 3 3 4 4 4 4 4 4 4 4 4 4 4 4 4 4 4 4 4 4 4 4 4 4 4 4 4 4 4 4 4 4 4 4 4 4 4 4 4 4 4 4 4 4 4 4 4 4 4 4 4 4 4 4 4 4 4 4 5 5 5 6 6 6 6 6 7 7 7 7 8 8]
C; MQ:  6,0592; MV:   11; DT:    0; SOL: [0 0 1 1 1 1 5 1 1 1 0 1 1 1 1 0 1 1 1 2 1 1 2 2 2 2 2 2 2 2 2 2 2 2 2 0 1 2 2 2 8 3 3 3 3 3 3 3 3 4 4 4 4 4 4 4 4 4 4 4 4 4 0 4 4 4 4 4 4 4 4 4 4 4 4 4 4 4 4 4 4 4 4 4 4 4 4 4 4 4 4 4 4 4 4 4 4 4 4 4 4 4 4 4 4 5 5 5 6 6 2 6 6 7 7 7 7 8 8]
I; MQ:  5,7530; MV:    5; DT:    0; SOL: [0 1 1 1 1 1 5 1 1 1 0 1 1 1 1 1 1 1 1 2 1 2 2 2 2 2 2 2 2 2 2 2 2 2 2 2 1 2 2 2 0 3 3 3 3 3 3 3 3 4 4 4 4 4 4 4 4 4 4 4 4 4 4 4 4 4 4 4 4 4 4 4 4 4 4 4 4 4 4 4 4 4 4 4 4 4 4 4 4 4 4 4 4 4 4 4 4 4 4 4 4 4 4 4 4 5 5 5 6 6 6 6 6 7 7 7 7 8 8]
I; MQ:  6,0173; MV:    9; DT:    1; SOL: [0 0 1 1 1 1 5 1 1 1 0 1 1 1 1 0 1 1 1 2 1 2 2 2 2 2 2 2 2 2 2 2 2 2 2 0 1 2 2 2 8 3 3 3 3 3 3 3 3 4 4 4 4 4 4 4 4 4 4 4 4 4 0 4 4 4 4 4 4 4 4 4 4 4 4 4 4 4 4 4 4 4 4 4 4 4 4 4 4 4 4 4 4 4 4 4 4 4 4 4 4 4 4 4 4 5 5 5 6 6 6 6 6 7 7 7 7 8 8]
I; MQ:  6,0592; MV:   11; DT:    1; SOL: [0 0 1 1 1 1 5 1 1 1 0 1 1 1 1 0 1 1 1 2 1 1 2 2 2 2 2 2 2 2 2 2 2 2 2 0 1 2 2 2 8 3 3 3 3 3 3 3 3 4 4 4 4 4 4 4 4 4 4 4 4 4 0 4 4 4 4 4 4 4 4 4 4 4 4 4 4 4 4 4 4 4 4 4 4 4 4 4 4 4 4 4 4 4 4 4 4 4 4 4 4 4 4 4 4 5 5 5 6 6 2 6 6 7 7 7 7 8 8]

Cycle #11: xmldom
S; MQ:  5,5833; MV:    0; DT:    0; SOL: [0 1 1 1 1 1 1 1 1 1 1 1 1 1 1 1 1 1 1 2 2 2 2 2 2 2 2 2 2 2 2 2 2 2 2 2 2 2 2 2 2 3 3 3 3 3 3 3 3 4 4 4 4 4 4 4 4 4 4 4 4 4 4 4 4 4 4 4 4 4 4 4 4 4 4 4 4 4 4 4 4 4 4 4 4 4 4 4 4 4 4 4 4 4 4 4 4 4 4 4 4 4 4 4 4 5 5 5 6 6 6 6 6 7 7 7 7 8 8]
C; MQ:  6,1661; MV:   11; DT:    0; SOL: [0 1 1 1 1 1 5 1 1 1 1 1 1 1 1 1 1 1 1 2 1 2 2 0 2 2 2 2 2 2 2 0 2 2 2 6 0 2 2 2 8 3 3 3 3 3 3 3 3 4 4 4 4 4 4 4 4 4 4 4 4 4 1 4 4 4 4 4 4 4 4 4 4 4 4 4 4 4 4 4 4 4 4 4 4 4 4 4 4 4 4 4 4 4 4 4 4 4 4 4 4 4 4 4 4 5 5 5 6 0 0 0 6 7 7 7 7 8 8]
I; MQ:  5,9647; MV:    5; DT:    0; SOL: [0 1 1 1 1 1 1 1 1 1 1 1 1 1 1 1 1 1 1 2 1 2 2 2 2 2 2 2 2 2 2 2 2 2 2 2 2 2 2 2 8 3 3 3 3 3 3 3 3 4 4 4 4 4 4 4 4 4 4 4 4 4 4 4 4 4 4 4 4 4 4 4 4 4 4 4 4 4 4 4 4 4 4 4 4 4 4 4 4 4 4 4 4 4 4 4 4 4 4 4 4 4 4 4 4 5 5 5 6 0 0 0 6 7 7 7 7 8 8]
I; MQ:  6,1330; MV:   10; DT:    0; SOL: [0 1 1 1 1 1 5 1 1 1 1 1 1 1 1 1 1 1 1 2 1 2 2 0 2 2 2 2 2 2 2 2 2 2 2 6 1 2 2 2 8 3 3 3 3 3 3 3 3 4 4 4 4 4 4 4 4 4 4 4 4 4 1 4 4 4 4 4 4 4 4 4 4 4 4 4 4 4 4 4 4 4 4 4 4 4 4 4 4 4 4 4 4 4 4 4 4 4 4 4 4 4 4 4 4 5 5 5 6 0 0 0 6 7 7 7 7 8 8]
I; MQ:  6,1661; MV:   11; DT:    1; SOL: [0 1 1 1 1 1 5 1 1 1 1 1 1 1 1 1 1 1 1 2 1 2 2 0 2 2 2 2 2 2 2 0 2 2 2 6 0 2 2 2 8 3 3 3 3 3 3 3 3 4 4 4 4 4 4 4 4 4 4 4 4 4 1 4 4 4 4 4 4 4 4 4 4 4 4 4 4 4 4 4 4 4 4 4 4 4 4 4 4 4 4 4 4 4 4 4 4 4 4 4 4 4 4 4 4 5 5 5 6 0 0 0 6 7 7 7 7 8 8]

Cycle #12: xmldom
S; MQ:  5,5833; MV:    0; DT:    0; SOL: [0 1 1 1 1 1 1 1 1 1 1 1 1 1 1 1 1 1 1 2 2 2 2 2 2 2 2 2 2 2 2 2 2 2 2 2 2 2 2 2 2 3 3 3 3 3 3 3 3 4 4 4 4 4 4 4 4 4 4 4 4 4 4 4 4 4 4 4 4 4 4 4 4 4 4 4 4 4 4 4 4 4 4 4 4 4 4 4 4 4 4 4 4 4 4 4 4 4 4 4 4 4 4 4 4 5 5 5 6 6 6 6 6 7 7 7 7 8 8]
C; MQ:  6,7787; MV:   23; DT:    0; SOL: [0 1 1 1 1 1 5 1 9 9 1 1 1 1 1 1 1 9 1 2 9 9 0 0 0 0 2 0 0 0 0 0 0 2 2 6 9 0 2 2 8 9 3 3 3 3 3 3 3 4 4 4 4 4 4 4 4 4 4 4 4 4 1 4 4 4 4 4 4 4 4 4 4 4 4 4 4 4 4 4 4 4 4 4 4 4 4 4 4 4 4 4 4 4 4 4 4 4 4 4 4 4 4 4 4 5 5 5 6 6 0 6 6 7 7 7 7 8 8]
I; MQ:  5,7182; MV:    5; DT:    0; SOL: [0 1 1 1 1 1 5 1 0 1 1 1 1 1 1 1 1 1 0 2 2 2 2 2 0 2 2 2 2 2 2 2 2 2 2 2 0 2 2 2 2 3 3 3 3 3 3 3 3 4 4 4 4 4 4 4 4 4 4 4 4 4 4 4 4 4 4 4 4 4 4 4 4 4 4 4 4 4 4 4 4 4 4 4 4 4 4 4 4 4 4 4 4 4 4 4 4 4 4 4 4 4 4 4 4 5 5 5 6 6 6 6 6 7 7 7 7 8 8]
I; MQ:  5,8348; MV:    8; DT:    1; SOL: [0 1 1 1 1 1 5 1 0 0 1 1 1 1 1 1 1 1 1 2 2 2 2 2 0 2 2 2 0 2 2 2 2 2 2 2 0 2 2 2 2 0 3 3 3 3 3 3 3 4 4 4 4 4 4 4 4 4 4 4 4 4 1 4 4 4 4 4 4 4 4 4 4 4 4 4 4 4 4 4 4 4 4 4 4 4 4 4 4 4 4 4 4 4 4 4 4 4 4 4 4 4 4 4 4 5 5 5 6 6 6 6 6 7 7 7 7 8 8]
I; MQ:  6,0056; MV:   13; DT:    1; SOL: [0 1 1 1 1 1 5 1 0 0 1 1 1 1 1 1 1 1 1 2 0 0 2 2 0 2 2 2 0 2 2 0 2 2 2 6 0 2 2 2 8 0 3 3 3 3 3 3 3 4 4 4 4 4 4 4 4 4 4 4 4 4 1 4 4 4 4 4 4 4 4 4 4 4 4 4 4 4 4 4 4 4 4 4 4 4 4 4 4 4 4 4 4 4 4 4 4 4 4 4 4 4 4 4 4 5 5 5 6 6 6 6 6 7 7 7 7 8 8]
I; MQ:  6,1331; MV:   14; DT:    4; SOL: [0 1 1 1 1 1 5 1 9 0 1 1 1 1 1 1 1 1 1 2 0 0 2 0 9 2 2 0 0 2 2 0 2 2 2 6 0 2 2 2 8 3 3 3 3 3 3 3 3 4 4 4 4 4 4 4 4 4 4 4 4 4 1 4 4 4 4 4 4 4 4 4 4 4 4 4 4 4 4 4 4 4 4 4 4 4 4 4 4 4 4 4 4 4 4 4 4 4 4 4 4 4 4 4 4 5 5 5 6 6 6 6 6 7 7 7 7 8 8]
I; MQ:  6,2436; MV:   16; DT:    8; SOL: [0 1 1 1 1 1 5 1 9 1 1 1 1 1 1 1 1 1 9 2 0 0 0 0 0 2 2 0 0 2 2 0 2 2 2 6 0 2 2 2 8 9 3 3 3 3 3 3 3 4 4 4 4 4 4 4 4 4 4 4 4 4 1 4 4 4 4 4 4 4 4 4 4 4 4 4 4 4 4 4 4 4 4 4 4 4 4 4 4 4 4 4 4 4 4 4 4 4 4 4 4 4 4 4 4 5 5 5 6 6 6 6 6 7 7 7 7 8 8]
I; MQ:  6,3519; MV:   18; DT:   11; SOL: [0 1 1 1 1 1 5 1 9 9 1 1 1 1 1 1 1 1 1 2 0 0 0 0 0 0 2 0 0 0 2 0 2 2 2 6 9 2 2 2 8 9 3 3 3 3 3 3 3 4 4 4 4 4 4 4 4 4 4 4 4 4 1 4 4 4 4 4 4 4 4 4 4 4 4 4 4 4 4 4 4 4 4 4 4 4 4 4 4 4 4 4 4 4 4 4 4 4 4 4 4 4 4 4 4 5 5 5 6 6 6 6 6 7 7 7 7 8 8]
I; MQ:  6,7242; MV:   21; DT:   13; SOL: [0 1 1 1 1 1 5 1 9 9 1 1 1 1 1 1 1 1 1 2 9 9 0 0 0 0 2 0 0 0 0 0 0 2 2 6 9 0 2 2 8 9 3 3 3 3 3 3 3 4 4 4 4 4 4 4 4 4 4 4 4 4 1 4 4 4 4 4 4 4 4 4 4 4 4 4 4 4 4 4 4 4 4 4 4 4 4 4 4 4 4 4 4 4 4 4 4 4 4 4 4 4 4 4 4 5 5 5 6 6 6 6 6 7 7 7 7 8 8]
I; MQ:  6,7787; MV:   23; DT:   13; SOL: [0 1 1 1 1 1 5 1 9 9 1 1 1 1 1 1 1 9 1 2 9 9 0 0 0 0 2 0 0 0 0 0 0 2 2 6 9 0 2 2 8 9 3 3 3 3 3 3 3 4 4 4 4 4 4 4 4 4 4 4 4 4 1 4 4 4 4 4 4 4 4 4 4 4 4 4 4 4 4 4 4 4 4 4 4 4 4 4 4 4 4 4 4 4 4 4 4 4 4 4 4 4 4 4 4 5 5 5 6 6 0 6 6 7 7 7 7 8 8]

Cycle #13: xmldom
S; MQ:  5,5833; MV:    0; DT:    0; SOL: [0 1 1 1 1 1 1 1 1 1 1 1 1 1 1 1 1 1 1 2 2 2 2 2 2 2 2 2 2 2 2 2 2 2 2 2 2 2 2 2 2 3 3 3 3 3 3 3 3 4 4 4 4 4 4 4 4 4 4 4 4 4 4 4 4 4 4 4 4 4 4 4 4 4 4 4 4 4 4 4 4 4 4 4 4 4 4 4 4 4 4 4 4 4 4 4 4 4 4 4 4 4 4 4 4 5 5 5 6 6 6 6 6 7 7 7 7 8 8]
C; MQ:  6,4067; MV:   17; DT:    0; SOL: [0 1 1 1 1 1 5 1 9 9 1 1 1 1 1 1 1 1 1 2 9 9 0 2 9 0 2 2 2 0 0 2 2 2 2 0 9 0 2 2 8 9 3 3 3 3 3 3 3 4 4 4 4 4 4 4 4 4 4 4 4 4 1 4 4 4 4 4 4 4 4 4 4 4 4 4 4 4 4 4 4 4 4 4 4 4 4 4 4 4 4 4 4 4 4 4 4 4 4 4 4 4 4 4 4 5 5 5 6 6 9 6 6 7 7 7 7 8 8]
I; MQ:  5,8678; MV:    5; DT:    0; SOL: [0 1 1 1 1 1 1 1 1 1 1 1 1 1 1 1 1 1 1 2 2 2 0 2 2 0 2 2 2 0 2 2 2 2 2 2 2 2 2 2 0 3 3 3 3 3 3 3 3 4 4 4 4 4 4 4 4 4 4 4 4 4 4 4 4 4 4 4 4 4 4 4 4 4 4 4 4 4 4 4 4 4 4 4 4 4 4 4 4 4 4 4 4 4 4 4 4 4 4 4 4 4 4 4 4 5 5 5 6 6 2 6 6 7 7 7 7 8 8]
I; MQ:  6,0958; MV:   10; DT:    0; SOL: [0 1 1 1 1 1 1 1 2 1 1 1 1 1 1 1 1 1 1 2 2 2 0 2 2 0 2 2 2 0 0 2 2 2 2 0 2 0 2 2 0 3 3 3 3 3 3 3 3 4 4 4 4 4 4 4 4 4 4 4 4 4 1 4 4 4 4 4 4 4 4 4 4 4 4 4 4 4 4 4 4 4 4 4 4 4 4 4 4 4 4 4 4 4 4 4 4 4 4 4 4 4 4 4 4 5 5 5 6 6 2 6 6 7 7 7 7 8 8]
I; MQ:  6,2393; MV:   11; DT:    4; SOL: [0 1 1 1 1 1 1 1 9 1 1 1 1 1 1 1 1 1 1 2 2 2 0 2 9 9 2 2 2 0 0 2 2 2 2 0 2 0 2 2 8 3 3 3 3 3 3 3 3 4 4 4 4 4 4 4 4 4 4 4 4 4 1 4 4 4 4 4 4 4 4 4 4 4 4 4 4 4 4 4 4 4 4 4 4 4 4 4 4 4 4 4 4 4 4 4 4 4 4 4 4 4 4 4 4 5 5 5 6 6 9 6 6 7 7 7 7 8 8]
I; MQ:  6,3171; MV:   15; DT:    5; SOL: [0 1 1 1 1 1 1 1 9 1 1 1 1 1 1 1 1 9 1 2 2 9 0 2 9 9 2 2 2 0 0 2 2 2 2 0 9 0 2 2 0 9 3 3 3 3 3 3 3 4 4 4 4 4 4 4 4 4 4 4 4 4 1 4 4 4 4 4 4 4 4 4 4 4 4 4 4 4 4 4 4 4 4 4 4 4 4 4 4 4 4 4 4 4 4 4 4 4 4 4 4 4 4 4 4 5 5 5 6 6 9 6 6 7 7 7 7 8 8]
I; MQ:  6,3976; MV:   16; DT:    8; SOL: [0 1 1 1 1 1 1 1 9 9 1 1 1 1 1 1 1 1 1 2 9 9 0 2 9 0 2 2 2 0 0 2 2 2 2 0 9 0 2 2 8 9 3 3 3 3 3 3 3 4 4 4 4 4 4 4 4 4 4 4 4 4 1 4 4 4 4 4 4 4 4 4 4 4 4 4 4 4 4 4 4 4 4 4 4 4 4 4 4 4 4 4 4 4 4 4 4 4 4 4 4 4 4 4 4 5 5 5 6 6 9 6 6 7 7 7 7 8 8]
I; MQ:  6,4067; MV:   17; DT:    8; SOL: [0 1 1 1 1 1 5 1 9 9 1 1 1 1 1 1 1 1 1 2 9 9 0 2 9 0 2 2 2 0 0 2 2 2 2 0 9 0 2 2 8 9 3 3 3 3 3 3 3 4 4 4 4 4 4 4 4 4 4 4 4 4 1 4 4 4 4 4 4 4 4 4 4 4 4 4 4 4 4 4 4 4 4 4 4 4 4 4 4 4 4 4 4 4 4 4 4 4 4 4 4 4 4 4 4 5 5 5 6 6 9 6 6 7 7 7 7 8 8]

Cycle #14: xmldom
S; MQ:  5,5833; MV:    0; DT:    0; SOL: [0 1 1 1 1 1 1 1 1 1 1 1 1 1 1 1 1 1 1 2 2 2 2 2 2 2 2 2 2 2 2 2 2 2 2 2 2 2 2 2 2 3 3 3 3 3 3 3 3 4 4 4 4 4 4 4 4 4 4 4 4 4 4 4 4 4 4 4 4 4 4 4 4 4 4 4 4 4 4 4 4 4 4 4 4 4 4 4 4 4 4 4 4 4 4 4 4 4 4 4 4 4 4 4 4 5 5 5 6 6 6 6 6 7 7 7 7 8 8]
C; MQ:  6,2988; MV:   15; DT:    0; SOL: [0 1 1 1 1 1 5 0 9 0 1 1 1 0 1 1 1 9 1 2 9 9 2 2 9 2 2 2 2 2 2 2 2 2 2 6 0 2 2 2 8 9 3 3 3 3 3 3 3 4 4 4 4 4 4 4 4 4 4 4 4 4 1 4 4 4 4 4 4 4 4 4 4 4 4 4 4 4 4 4 4 4 4 4 4 4 4 4 4 4 4 4 4 4 4 4 4 4 4 4 4 4 4 4 4 5 5 5 6 6 9 6 6 7 7 7 7 8 8]
I; MQ:  5,8443; MV:    5; DT:    0; SOL: [0 1 1 1 1 1 1 1 9 0 1 1 1 1 1 1 1 1 1 2 1 2 2 2 2 2 2 2 2 2 2 2 2 2 2 6 0 2 2 2 2 3 3 3 3 3 3 3 3 4 4 4 4 4 4 4 4 4 4 4 4 4 4 4 4 4 4 4 4 4 4 4 4 4 4 4 4 4 4 4 4 4 4 4 4 4 4 4 4 4 4 4 4 4 4 4 4 4 4 4 4 4 4 4 4 5 5 5 6 6 6 6 6 7 7 7 7 8 8]
I; MQ:  6,0528; MV:    9; DT:    1; SOL: [0 1 1 1 1 1 1 1 9 0 1 1 1 1 1 1 1 9 1 2 9 9 2 2 2 9 2 2 2 2 2 2 2 2 2 6 0 2 2 2 2 9 3 3 3 3 3 3 3 4 4 4 4 4 4 4 4 4 4 4 4 4 4 4 4 4 4 4 4 4 4 4 4 4 4 4 4 4 4 4 4 4 4 4 4 4 4 4 4 4 4 4 4 4 4 4 4 4 4 4 4 4 4 4 4 5 5 5 6 6 6 6 6 7 7 7 7 8 8]
I; MQ:  6,2140; MV:   14; DT:    1; SOL: [0 1 1 1 1 1 5 0 9 0 1 1 1 0 1 1 1 9 1 2 9 9 2 2 2 9 2 2 2 2 2 2 2 2 2 6 0 2 2 2 2 9 3 3 3 3 3 3 3 4 4 4 4 4 4 4 4 4 4 4 4 4 1 4 4 4 4 4 4 4 4 4 4 4 4 4 4 4 4 4 4 4 4 4 4 4 4 4 4 4 4 4 4 4 4 4 4 4 4 4 4 4 4 4 4 5 5 5 6 6 9 6 6 7 7 7 7 8 8]
I; MQ:  6,2988; MV:   15; DT:    2; SOL: [0 1 1 1 1 1 5 0 9 0 1 1 1 0 1 1 1 9 1 2 9 9 2 2 9 2 2 2 2 2 2 2 2 2 2 6 0 2 2 2 8 9 3 3 3 3 3 3 3 4 4 4 4 4 4 4 4 4 4 4 4 4 1 4 4 4 4 4 4 4 4 4 4 4 4 4 4 4 4 4 4 4 4 4 4 4 4 4 4 4 4 4 4 4 4 4 4 4 4 4 4 4 4 4 4 5 5 5 6 6 9 6 6 7 7 7 7 8 8]

Cycle #15: xmldom
S; MQ:  5,5833; MV:    0; DT:    0; SOL: [0 1 1 1 1 1 1 1 1 1 1 1 1 1 1 1 1 1 1 2 2 2 2 2 2 2 2 2 2 2 2 2 2 2 2 2 2 2 2 2 2 3 3 3 3 3 3 3 3 4 4 4 4 4 4 4 4 4 4 4 4 4 4 4 4 4 4 4 4 4 4 4 4 4 4 4 4 4 4 4 4 4 4 4 4 4 4 4 4 4 4 4 4 4 4 4 4 4 4 4 4 4 4 4 4 5 5 5 6 6 6 6 6 7 7 7 7 8 8]
C; MQ:  6,0735; MV:    9; DT:    0; SOL: [0 0 1 1 1 1 5 1 2 1 0 1 1 1 1 0 1 1 1 2 2 2 2 2 2 2 2 2 2 2 2 2 2 2 2 0 2 2 2 2 8 3 3 3 3 3 3 3 3 4 4 4 4 4 4 4 4 4 4 4 4 4 0 4 4 4 4 4 4 4 4 4 4 4 4 4 4 4 4 4 4 4 4 4 4 4 4 4 4 4 4 4 4 4 4 4 4 4 4 4 4 4 4 4 4 5 5 5 6 6 2 6 6 7 7 7 7 8 8]
I; MQ:  5,8962; MV:    5; DT:    0; SOL: [0 1 1 1 1 1 1 1 1 1 0 1 1 1 1 0 1 1 1 2 2 2 2 2 2 2 2 2 2 2 2 2 2 2 2 2 2 2 2 2 0 3 3 3 3 3 3 3 3 4 4 4 4 4 4 4 4 4 4 4 4 4 0 4 4 4 4 4 4 4 4 4 4 4 4 4 4 4 4 4 4 4 4 4 4 4 4 4 4 4 4 4 4 4 4 4 4 4 4 4 4 4 4 4 4 5 5 5 6 6 1 6 6 7 7 7 7 8 8]
I; MQ:  6,0727; MV:    8; DT:    2; SOL: [0 0 1 1 1 1 1 1 2 1 0 1 1 1 1 0 1 1 1 2 2 2 2 2 2 2 2 2 2 2 2 2 2 2 2 0 2 2 2 2 8 3 3 3 3 3 3 3 3 4 4 4 4 4 4 4 4 4 4 4 4 4 0 4 4 4 4 4 4 4 4 4 4 4 4 4 4 4 4 4 4 4 4 4 4 4 4 4 4 4 4 4 4 4 4 4 4 4 4 4 4 4 4 4 4 5 5 5 6 6 2 6 6 7 7 7 7 8 8]
I; MQ:  6,0735; MV:    9; DT:    2; SOL: [0 0 1 1 1 1 5 1 2 1 0 1 1 1 1 0 1 1 1 2 2 2 2 2 2 2 2 2 2 2 2 2 2 2 2 0 2 2 2 2 8 3 3 3 3 3 3 3 3 4 4 4 4 4 4 4 4 4 4 4 4 4 0 4 4 4 4 4 4 4 4 4 4 4 4 4 4 4 4 4 4 4 4 4 4 4 4 4 4 4 4 4 4 4 4 4 4 4 4 4 4 4 4 4 4 5 5 5 6 6 2 6 6 7 7 7 7 8 8]

Cycle #16: xmldom
S; MQ:  5,5833; MV:    0; DT:    0; SOL: [0 1 1 1 1 1 1 1 1 1 1 1 1 1 1 1 1 1 1 2 2 2 2 2 2 2 2 2 2 2 2 2 2 2 2 2 2 2 2 2 2 3 3 3 3 3 3 3 3 4 4 4 4 4 4 4 4 4 4 4 4 4 4 4 4 4 4 4 4 4 4 4 4 4 4 4 4 4 4 4 4 4 4 4 4 4 4 4 4 4 4 4 4 4 4 4 4 4 4 4 4 4 4 4 4 5 5 5 6 6 6 6 6 7 7 7 7 8 8]
C; MQ:  5,7542; MV:    7; DT:    0; SOL: [0 1 1 1 1 1 5 1 1 1 1 1 1 1 1 1 1 1 1 2 1 2 2 2 2 2 2 2 2 2 2 2 2 2 2 6 1 2 2 2 8 3 3 3 3 3 3 3 3 4 4 4 4 4 4 4 4 4 4 4 4 4 1 4 4 4 4 4 4 4 4 4 4 4 4 4 4 4 4 4 4 4 4 4 4 4 4 4 4 4 4 4 4 4 4 4 4 4 4 4 4 4 4 4 4 5 5 5 6 6 2 6 6 7 7 7 7 8 8]
I; MQ:  5,6824; MV:    5; DT:    0; SOL: [0 1 1 1 1 1 1 1 1 1 1 1 1 1 1 1 1 1 1 2 1 2 2 2 2 2 2 2 2 2 2 2 2 2 2 0 1 2 2 2 8 3 3 3 3 3 3 3 3 4 4 4 4 4 4 4 4 4 4 4 4 4 1 4 4 4 4 4 4 4 4 4 4 4 4 4 4 4 4 4 4 4 4 4 4 4 4 4 4 4 4 4 4 4 4 4 4 4 4 4 4 4 4 4 4 5 5 5 6 6 6 6 6 7 7 7 7 8 8]
I; MQ:  5,7542; MV:    7; DT:    1; SOL: [0 1 1 1 1 1 5 1 1 1 1 1 1 1 1 1 1 1 1 2 1 2 2 2 2 2 2 2 2 2 2 2 2 2 2 6 1 2 2 2 8 3 3 3 3 3 3 3 3 4 4 4 4 4 4 4 4 4 4 4 4 4 1 4 4 4 4 4 4 4 4 4 4 4 4 4 4 4 4 4 4 4 4 4 4 4 4 4 4 4 4 4 4 4 4 4 4 4 4 4 4 4 4 4 4 5 5 5 6 6 2 6 6 7 7 7 7 8 8]

Cycle #17: xmldom
S; MQ:  5,5833; MV:    0; DT:    0; SOL: [0 1 1 1 1 1 1 1 1 1 1 1 1 1 1 1 1 1 1 2 2 2 2 2 2 2 2 2 2 2 2 2 2 2 2 2 2 2 2 2 2 3 3 3 3 3 3 3 3 4 4 4 4 4 4 4 4 4 4 4 4 4 4 4 4 4 4 4 4 4 4 4 4 4 4 4 4 4 4 4 4 4 4 4 4 4 4 4 4 4 4 4 4 4 4 4 4 4 4 4 4 4 4 4 4 5 5 5 6 6 6 6 6 7 7 7 7 8 8]
C; MQ:  6,8001; MV:   22; DT:    0; SOL: [0 1 1 1 1 1 5 1 9 9 1 1 1 1 1 1 1 1 1 2 9 9 0 0 9 0 2 0 0 0 0 0 0 2 2 6 9 0 2 2 8 9 3 3 3 3 3 3 3 4 4 4 4 4 4 4 4 4 4 4 4 4 1 4 4 4 4 4 4 4 4 4 4 4 4 4 4 4 4 4 4 4 4 4 4 4 4 4 4 4 4 4 4 4 4 4 4 4 4 4 4 4 4 4 4 5 5 5 6 6 9 6 6 7 7 7 7 8 8]
I; MQ:  5,9124; MV:    5; DT:    0; SOL: [0 1 1 1 1 1 1 1 2 1 1 1 1 1 1 1 1 1 1 2 2 2 2 2 0 2 2 2 2 2 2 2 2 2 2 6 2 2 2 2 2 3 3 3 3 3 3 3 3 4 4 4 4 4 4 4 4 4 4 4 4 4 1 4 4 4 4 4 4 4 4 4 4 4 4 4 4 4 4 4 4 4 4 4 4 4 4 4 4 4 4 4 4 4 4 4 4 4 4 4 4 4 4 4 4 5 5 5 6 6 0 6 6 7 7 7 7 8 8]
I; MQ:  6,1030; MV:   10; DT:    0; SOL: [0 1 1 1 1 1 5 1 2 1 1 1 1 1 1 1 1 1 1 2 2 2 2 0 0 2 2 2 0 2 2 0 2 2 2 6 2 2 2 2 8 3 3 3 3 3 3 3 3 4 4 4 4 4 4 4 4 4 4 4 4 4 1 4 4 4 4 4 4 4 4 4 4 4 4 4 4 4 4 4 4 4 4 4 4 4 4 4 4 4 4 4 4 4 4 4 4 4 4 4 4 4 4 4 4 5 5 5 6 6 0 6 6 7 7 7 7 8 8]
I; MQ:  6,2201; MV:   13; DT:    1; SOL: [0 1 1 1 1 1 5 1 1 1 1 1 1 1 1 1 1 1 1 2 2 0 0 0 0 2 2 0 0 2 2 0 0 2 2 6 2 2 2 2 8 3 3 3 3 3 3 3 3 4 4 4 4 4 4 4 4 4 4 4 4 4 1 4 4 4 4 4 4 4 4 4 4 4 4 4 4 4 4 4 4 4 4 4 4 4 4 4 4 4 4 4 4 4 4 4 4 4 4 4 4 4 4 4 4 5 5 5 6 6 0 6 6 7 7 7 7 8 8]
I; MQ:  6,3185; MV:   16; DT:    4; SOL: [0 1 1 1 1 1 5 1 9 9 1 1 1 1 1 1 1 1 9 2 2 0 0 0 9 2 2 0 0 2 2 0 0 2 2 6 2 2 2 2 8 3 3 3 3 3 3 3 3 4 4 4 4 4 4 4 4 4 4 4 4 4 1 4 4 4 4 4 4 4 4 4 4 4 4 4 4 4 4 4 4 4 4 4 4 4 4 4 4 4 4 4 4 4 4 4 4 4 4 4 4 4 4 4 4 5 5 5 6 6 9 6 6 7 7 7 7 8 8]
I; MQ:  6,4030; MV:   17; DT:    6; SOL: [0 1 1 1 1 1 5 1 9 1 1 1 1 1 1 1 1 1 1 2 2 0 0 0 9 9 2 0 0 2 9 0 0 2 2 6 2 2 2 2 8 9 3 3 3 3 3 3 3 4 4 4 4 4 4 4 4 4 4 4 4 4 1 4 4 4 4 4 4 4 4 4 4 4 4 4 4 4 4 4 4 4 4 4 4 4 4 4 4 4 4 4 4 4 4 4 4 4 4 4 4 4 4 4 4 5 5 5 6 6 9 6 6 7 7 7 7 8 8]
I; MQ:  6,5397; MV:   20; DT:    8; SOL: [0 1 1 1 1 1 5 1 9 1 1 1 1 1 1 1 1 1 1 2 0 0 0 0 9 0 2 0 0 0 0 0 0 2 2 6 2 0 2 2 8 9 3 3 3 3 3 3 3 4 4 4 4 4 4 4 4 4 4 4 4 4 1 4 4 4 4 4 4 4 4 4 4 4 4 4 4 4 4 4 4 4 4 4 4 4 4 4 4 4 4 4 4 4 4 4 4 4 4 4 4 4 4 4 4 5 5 5 6 6 9 6 6 7 7 7 7 8 8]
I; MQ:  6,8001; MV:   22; DT:   11; SOL: [0 1 1 1 1 1 5 1 9 9 1 1 1 1 1 1 1 1 1 2 9 9 0 0 9 0 2 0 0 0 0 0 0 2 2 6 9 0 2 2 8 9 3 3 3 3 3 3 3 4 4 4 4 4 4 4 4 4 4 4 4 4 1 4 4 4 4 4 4 4 4 4 4 4 4 4 4 4 4 4 4 4 4 4 4 4 4 4 4 4 4 4 4 4 4 4 4 4 4 4 4 4 4 4 4 5 5 5 6 6 9 6 6 7 7 7 7 8 8]

Cycle #18: xmldom
S; MQ:  5,5833; MV:    0; DT:    0; SOL: [0 1 1 1 1 1 1 1 1 1 1 1 1 1 1 1 1 1 1 2 2 2 2 2 2 2 2 2 2 2 2 2 2 2 2 2 2 2 2 2 2 3 3 3 3 3 3 3 3 4 4 4 4 4 4 4 4 4 4 4 4 4 4 4 4 4 4 4 4 4 4 4 4 4 4 4 4 4 4 4 4 4 4 4 4 4 4 4 4 4 4 4 4 4 4 4 4 4 4 4 4 4 4 4 4 5 5 5 6 6 6 6 6 7 7 7 7 8 8]
C; MQ:  6,2925; MV:   13; DT:    0; SOL: [0 1 1 1 1 1 5 1 2 1 1 1 1 1 1 1 1 1 1 2 2 2 2 2 2 2 2 2 2 2 2 2 2 2 2 6 2 2 2 2 8 3 3 3 3 3 3 3 3 4 4 4 4 4 4 4 4 4 0 4 4 4 1 4 4 4 4 4 4 4 4 4 4 4 4 4 4 4 4 4 4 0 4 4 4 4 4 4 4 4 4 4 4 4 0 4 0 4 4 0 0 0 4 4 4 5 5 5 6 6 2 6 6 7 7 7 7 8 8]
I; MQ:  5,8696; MV:    5; DT:    0; SOL: [0 1 1 1 1 1 5 1 1 1 1 1 1 1 1 1 1 1 1 2 2 2 2 2 2 2 2 2 2 2 2 2 2 2 2 2 2 2 2 2 2 3 3 3 3 3 3 3 3 4 4 4 4 4 4 4 4 4 0 4 4 4 0 4 4 4 4 4 4 4 4 4 4 4 4 4 4 4 4 4 4 4 4 4 4 4 4 4 4 4 4 4 4 4 4 4 4 4 4 0 0 4 4 4 4 5 5 5 6 6 6 6 6 7 7 7 7 8 8]
I; MQ:  6,0355; MV:    9; DT:    1; SOL: [0 1 1 1 1 1 5 1 1 1 1 1 1 1 1 1 1 1 1 2 2 2 2 2 2 2 2 2 2 2 2 2 2 2 2 1 1 2 2 2 2 3 3 3 3 3 3 3 3 4 4 4 4 4 4 4 4 4 0 4 4 4 1 4 4 4 4 4 4 4 4 4 4 4 4 4 4 4 4 4 4 0 4 4 4 4 4 4 4 4 4 4 4 4 4 4 0 4 4 0 0 4 4 4 4 5 5 5 6 6 6 6 6 7 7 7 7 8 8]
I; MQ:  6,2723; MV:   13; DT:    2; SOL: [0 1 1 1 1 1 5 1 2 1 1 1 1 1 1 1 1 1 1 2 2 2 2 2 2 2 2 2 2 2 2 2 2 2 2 6 1 2 2 2 8 3 3 3 3 3 3 3 3 4 4 4 4 4 4 4 4 4 0 4 4 4 1 4 4 4 4 4 4 4 4 4 4 4 4 4 4 4 4 4 4 0 4 4 4 4 4 4 4 4 4 4 4 4 4 4 0 4 4 0 0 0 4 4 4 5 5 5 6 6 2 6 6 7 7 7 7 8 8]
I; MQ:  6,2925; MV:   13; DT:    3; SOL: [0 1 1 1 1 1 5 1 2 1 1 1 1 1 1 1 1 1 1 2 2 2 2 2 2 2 2 2 2 2 2 2 2 2 2 6 2 2 2 2 8 3 3 3 3 3 3 3 3 4 4 4 4 4 4 4 4 4 0 4 4 4 1 4 4 4 4 4 4 4 4 4 4 4 4 4 4 4 4 4 4 0 4 4 4 4 4 4 4 4 4 4 4 4 0 4 0 4 4 0 0 0 4 4 4 5 5 5 6 6 2 6 6 7 7 7 7 8 8]

Cycle #19: xmldom
S; MQ:  5,5833; MV:    0; DT:    0; SOL: [0 1 1 1 1 1 1 1 1 1 1 1 1 1 1 1 1 1 1 2 2 2 2 2 2 2 2 2 2 2 2 2 2 2 2 2 2 2 2 2 2 3 3 3 3 3 3 3 3 4 4 4 4 4 4 4 4 4 4 4 4 4 4 4 4 4 4 4 4 4 4 4 4 4 4 4 4 4 4 4 4 4 4 4 4 4 4 4 4 4 4 4 4 4 4 4 4 4 4 4 4 4 4 4 4 5 5 5 6 6 6 6 6 7 7 7 7 8 8]
C; MQ:  6,1661; MV:   10; DT:    0; SOL: [0 1 1 1 1 1 5 1 1 1 1 1 1 1 1 1 1 1 1 2 1 2 2 6 2 2 2 2 2 2 2 6 2 2 2 0 6 2 2 2 8 3 3 3 3 3 3 3 3 4 4 4 4 4 4 4 4 4 4 4 4 4 1 4 4 4 4 4 4 4 4 4 4 4 4 4 4 4 4 4 4 4 4 4 4 4 4 4 4 4 4 4 4 4 4 4 4 4 4 4 4 4 4 4 4 5 5 5 0 6 6 6 0 7 7 7 7 8 8]
I; MQ:  6,0287; MV:    5; DT:    0; SOL: [0 1 1 1 1 1 1 1 1 1 1 1 1 1 1 1 1 1 1 2 2 2 2 2 2 2 2 2 2 2 2 2 2 2 2 0 1 2 2 2 2 3 3 3 3 3 3 3 3 4 4 4 4 4 4 4 4 4 4 4 4 4 1 4 4 4 4 4 4 4 4 4 4 4 4 4 4 4 4 4 4 4 4 4 4 4 4 4 4 4 4 4 4 4 4 4 4 4 4 4 4 4 4 4 4 5 5 5 0 6 6 6 0 7 7 7 7 8 8]
I; MQ:  6,1254; MV:   10; DT:    0; SOL: [0 1 1 1 1 1 5 1 1 1 1 1 1 1 1 1 1 1 1 2 1 2 2 6 6 2 2 2 2 2 2 2 2 2 2 0 1 2 2 2 8 3 3 3 3 3 3 3 3 4 4 4 4 4 4 4 4 4 4 4 4 4 1 4 4 4 4 4 4 4 4 4 4 4 4 4 4 4 4 4 4 4 4 4 4 4 4 4 4 4 4 4 4 4 4 4 4 4 4 4 4 4 4 4 4 5 5 5 0 6 6 6 0 7 7 7 7 8 8]
I; MQ:  6,1661; MV:   10; DT:    2; SOL: [0 1 1 1 1 1 5 1 1 1 1 1 1 1 1 1 1 1 1 2 1 2 2 6 2 2 2 2 2 2 2 6 2 2 2 0 6 2 2 2 8 3 3 3 3 3 3 3 3 4 4 4 4 4 4 4 4 4 4 4 4 4 1 4 4 4 4 4 4 4 4 4 4 4 4 4 4 4 4 4 4 4 4 4 4 4 4 4 4 4 4 4 4 4 4 4 4 4 4 4 4 4 4 4 4 5 5 5 0 6 6 6 0 7 7 7 7 8 8]

Cycle #20: xmldom
S; MQ:  5,5833; MV:    0; DT:    0; SOL: [0 1 1 1 1 1 1 1 1 1 1 1 1 1 1 1 1 1 1 2 2 2 2 2 2 2 2 2 2 2 2 2 2 2 2 2 2 2 2 2 2 3 3 3 3 3 3 3 3 4 4 4 4 4 4 4 4 4 4 4 4 4 4 4 4 4 4 4 4 4 4 4 4 4 4 4 4 4 4 4 4 4 4 4 4 4 4 4 4 4 4 4 4 4 4 4 4 4 4 4 4 4 4 4 4 5 5 5 6 6 6 6 6 7 7 7 7 8 8]
C; MQ:  6,2341; MV:   13; DT:    0; SOL: [0 1 1 1 1 1 5 1 1 1 1 1 1 1 1 1 1 1 1 2 1 2 2 0 0 2 2 2 0 2 2 0 2 2 2 6 1 2 2 2 8 3 3 3 3 3 3 3 3 4 4 4 4 4 4 4 4 4 4 4 4 4 1 4 4 4 4 4 4 4 4 4 4 4 4 4 4 4 4 4 4 4 4 4 4 4 4 4 4 4 4 4 4 4 4 4 4 4 4 4 4 4 4 4 4 5 5 5 6 0 0 0 6 7 7 7 7 8 8]
I; MQ:  5,6870; MV:    5; DT:    0; SOL: [0 1 1 1 1 1 1 1 1 1 1 1 1 1 1 1 1 1 1 2 2 2 2 2 2 2 2 2 2 2 2 2 2 2 2 1 1 2 2 2 8 3 3 3 3 3 3 3 3 4 4 4 4 4 4 4 4 4 4 4 4 4 4 4 4 4 4 4 4 4 4 4 4 4 4 4 4 4 4 4 4 4 4 4 4 4 4 4 4 4 4 4 4 4 4 4 4 4 4 4 4 4 4 4 4 5 5 5 6 6 0 0 6 7 7 7 7 8 8]
I; MQ:  6,0976; MV:    9; DT:    1; SOL: [0 1 1 1 1 1 5 1 1 1 1 1 1 1 1 1 1 1 1 2 1 2 2 2 2 2 2 2 2 2 2 2 2 2 2 6 1 2 2 2 8 3 3 3 3 3 3 3 3 4 4 4 4 4 4 4 4 4 4 4 4 4 1 4 4 4 4 4 4 4 4 4 4 4 4 4 4 4 4 4 4 4 4 4 4 4 4 4 4 4 4 4 4 4 4 4 4 4 4 4 4 4 4 4 4 5 5 5 6 0 0 0 6 7 7 7 7 8 8]
I; MQ:  6,2275; MV:   13; DT:    2; SOL: [0 1 1 1 1 1 5 1 1 1 1 1 1 1 1 1 1 1 1 2 1 2 2 0 0 2 2 2 0 2 2 0 2 2 2 6 0 2 2 2 8 3 3 3 3 3 3 3 3 4 4 4 4 4 4 4 4 4 4 4 4 4 1 4 4 4 4 4 4 4 4 4 4 4 4 4 4 4 4 4 4 4 4 4 4 4 4 4 4 4 4 4 4 4 4 4 4 4 4 4 4 4 4 4 4 5 5 5 6 0 0 0 6 7 7 7 7 8 8]
I; MQ:  6,2341; MV:   13; DT:    3; SOL: [0 1 1 1 1 1 5 1 1 1 1 1 1 1 1 1 1 1 1 2 1 2 2 0 0 2 2 2 0 2 2 0 2 2 2 6 1 2 2 2 8 3 3 3 3 3 3 3 3 4 4 4 4 4 4 4 4 4 4 4 4 4 1 4 4 4 4 4 4 4 4 4 4 4 4 4 4 4 4 4 4 4 4 4 4 4 4 4 4 4 4 4 4 4 4 4 4 4 4 4 4 4 4 4 4 5 5 5 6 0 0 0 6 7 7 7 7 8 8]

Cycle #21: xmldom
S; MQ:  5,5833; MV:    0; DT:    0; SOL: [0 1 1 1 1 1 1 1 1 1 1 1 1 1 1 1 1 1 1 2 2 2 2 2 2 2 2 2 2 2 2 2 2 2 2 2 2 2 2 2 2 3 3 3 3 3 3 3 3 4 4 4 4 4 4 4 4 4 4 4 4 4 4 4 4 4 4 4 4 4 4 4 4 4 4 4 4 4 4 4 4 4 4 4 4 4 4 4 4 4 4 4 4 4 4 4 4 4 4 4 4 4 4 4 4 5 5 5 6 6 6 6 6 7 7 7 7 8 8]
C; MQ:  6,7787; MV:   23; DT:    0; SOL: [0 1 1 1 1 1 5 1 9 9 1 1 1 1 1 1 1 9 1 2 9 9 0 0 0 0 2 0 0 0 0 0 0 2 2 6 9 0 2 2 8 9 3 3 3 3 3 3 3 4 4 4 4 4 4 4 4 4 4 4 4 4 1 4 4 4 4 4 4 4 4 4 4 4 4 4 4 4 4 4 4 4 4 4 4 4 4 4 4 4 4 4 4 4 4 4 4 4 4 4 4 4 4 4 4 5 5 5 6 6 0 6 6 7 7 7 7 8 8]
I; MQ:  5,6907; MV:    5; DT:    0; SOL: [0 1 1 1 1 1 5 1 0 0 1 1 1 0 1 1 1 1 1 2 2 0 2 2 2 2 2 2 2 2 2 2 2 2 2 2 2 2 2 2 2 3 3 3 3 3 3 3 3 4 4 4 4 4 4 4 4 4 4 4 4 4 4 4 4 4 4 4 4 4 4 4 4 4 4 4 4 4 4 4 4 4 4 4 4 4 4 4 4 4 4 4 4 4 4 4 4 4 4 4 4 4 4 4 4 5 5 5 6 6 6 6 6 7 7 7 7 8 8]
I; MQ:  5,8345; MV:    8; DT:    1; SOL: [0 1 1 1 1 1 5 1 0 0 1 1 1 1 1 1 1 1 1 2 0 0 2 2 2 0 2 2 2 2 2 2 2 2 2 2 2 2 2 2 8 3 3 3 3 3 3 3 3 4 4 4 4 4 4 4 4 4 4 4 4 4 1 4 4 4 4 4 4 4 4 4 4 4 4 4 4 4 4 4 4 4 4 4 4 4 4 4 4 4 4 4 4 4 4 4 4 4 4 4 4 4 4 4 4 5 5 5 6 6 6 6 6 7 7 7 7 8 8]
I; MQ:  5,8792; MV:   11; DT:    2; SOL: [0 1 1 1 1 1 5 1 0 1 1 1 1 1 1 1 1 1 1 2 0 0 2 2 0 0 2 0 2 2 0 2 2 2 2 2 2 2 2 2 8 0 3 3 3 3 3 3 3 4 4 4 4 4 4 4 4 4 4 4 4 4 1 4 4 4 4 4 4 4 4 4 4 4 4 4 4 4 4 4 4 4 4 4 4 4 4 4 4 4 4 4 4 4 4 4 4 4 4 4 4 4 4 4 4 5 5 5 6 6 6 6 6 7 7 7 7 8 8]
I; MQ:  5,9768; MV:   16; DT:    2; SOL: [0 1 1 1 1 1 5 1 0 1 1 1 1 1 1 1 1 1 1 2 0 0 2 6 0 0 2 0 0 2 0 2 0 2 2 6 0 2 2 2 8 0 3 3 3 3 3 3 3 4 4 4 4 4 4 4 4 4 4 4 4 4 1 4 4 4 4 4 4 4 4 4 4 4 4 4 4 4 4 4 4 4 4 4 4 4 4 4 4 4 4 4 4 4 4 4 4 4 4 4 4 4 4 4 4 5 5 5 6 6 6 6 6 7 7 7 7 8 8]
I; MQ:  6,1260; MV:   17; DT:    4; SOL: [0 1 1 1 1 1 5 1 0 1 1 1 1 1 1 1 1 1 1 2 0 0 0 6 0 0 2 0 0 0 0 2 0 2 2 6 2 0 2 2 8 3 3 3 3 3 3 3 3 4 4 4 4 4 4 4 4 4 4 4 4 4 1 4 4 4 4 4 4 4 4 4 4 4 4 4 4 4 4 4 4 4 4 4 4 4 4 4 4 4 4 4 4 4 4 4 4 4 4 4 4 4 4 4 4 5 5 5 6 6 6 6 6 7 7 7 7 8 8]
I; MQ:  6,2547; MV:   19; DT:    9; SOL: [0 1 1 1 1 1 5 1 9 9 1 1 1 9 1 1 1 1 1 2 1 9 0 6 0 0 2 0 0 0 0 2 0 2 2 6 2 0 2 2 8 3 3 3 3 3 3 3 3 4 4 4 4 4 4 4 4 4 4 4 4 4 1 4 4 4 4 4 4 4 4 4 4 4 4 4 4 4 4 4 4 4 4 4 4 4 4 4 4 4 4 4 4 4 4 4 4 4 4 4 4 4 4 4 4 5 5 5 6 6 6 6 6 7 7 7 7 8 8]
I; MQ:  6,4239; MV:   21; DT:   13; SOL: [0 1 1 1 1 1 5 1 9 9 1 1 1 1 1 1 1 9 1 2 9 9 0 6 0 0 2 0 0 0 0 2 0 2 2 6 9 0 2 2 8 9 3 3 3 3 3 3 3 4 4 4 4 4 4 4 4 4 4 4 4 4 1 4 4 4 4 4 4 4 4 4 4 4 4 4 4 4 4 4 4 4 4 4 4 4 4 4 4 4 4 4 4 4 4 4 4 4 4 4 4 4 4 4 4 5 5 5 6 6 6 6 6 7 7 7 7 8 8]
I; MQ:  6,7787; MV:   23; DT:   14; SOL: [0 1 1 1 1 1 5 1 9 9 1 1 1 1 1 1 1 9 1 2 9 9 0 0 0 0 2 0 0 0 0 0 0 2 2 6 9 0 2 2 8 9 3 3 3 3 3 3 3 4 4 4 4 4 4 4 4 4 4 4 4 4 1 4 4 4 4 4 4 4 4 4 4 4 4 4 4 4 4 4 4 4 4 4 4 4 4 4 4 4 4 4 4 4 4 4 4 4 4 4 4 4 4 4 4 5 5 5 6 6 0 6 6 7 7 7 7 8 8]

Cycle #22: xmldom
S; MQ:  5,5833; MV:    0; DT:    0; SOL: [0 1 1 1 1 1 1 1 1 1 1 1 1 1 1 1 1 1 1 2 2 2 2 2 2 2 2 2 2 2 2 2 2 2 2 2 2 2 2 2 2 3 3 3 3 3 3 3 3 4 4 4 4 4 4 4 4 4 4 4 4 4 4 4 4 4 4 4 4 4 4 4 4 4 4 4 4 4 4 4 4 4 4 4 4 4 4 4 4 4 4 4 4 4 4 4 4 4 4 4 4 4 4 4 4 5 5 5 6 6 6 6 6 7 7 7 7 8 8]
C; MQ:  8,2575; MV:   30; DT:    0; SOL: [0 11 12 12 12 1 1 1 14 14 11 1 1 1 1 11 1 1 12 2 14 10 13 10 0 13 2 10 0 13 13 10 10 2 2 9 14 13 2 2 13 14 3 3 3 3 3 3 3 4 4 4 4 4 4 4 4 4 4 4 4 4 11 4 4 4 4 4 4 4 4 4 4 4 4 4 4 4 4 4 4 4 4 4 4 4 4 4 4 4 4 4 4 4 4 4 4 4 4 4 4 4 4 4 4 5 5 5 9 6 0 6 9 7 7 7 7 8 8]
I; MQ:  5,7993; MV:    5; DT:    0; SOL: [0 1 1 1 1 1 1 1 2 1 1 1 1 1 1 1 1 1 1 2 2 2 2 2 2 2 2 2 2 2 2 2 2 2 2 6 2 2 2 2 2 3 3 3 3 3 3 3 3 4 4 4 4 4 4 4 4 4 4 4 4 4 1 4 4 4 4 4 4 4 4 4 4 4 4 4 4 4 4 4 4 4 4 4 4 4 4 4 4 4 4 4 4 4 4 4 4 4 4 4 4 4 4 4 4 5 5 5 6 6 0 0 6 7 7 7 7 8 8]
I; MQ:  6,0488; MV:    8; DT:    1; SOL: [0 1 1 1 1 1 5 1 2 1 1 1 1 1 1 1 1 1 1 2 2 2 2 0 0 2 2 2 2 2 2 2 2 2 2 6 2 2 2 2 8 3 3 3 3 3 3 3 3 4 4 4 4 4 4 4 4 4 4 4 4 4 1 4 4 4 4 4 4 4 4 4 4 4 4 4 4 4 4 4 4 4 4 4 4 4 4 4 4 4 4 4 4 4 4 4 4 4 4 4 4 4 4 4 4 5 5 5 6 6 0 6 6 7 7 7 7 8 8]
I; MQ:  6,1606; MV:   12; DT:    2; SOL: [0 1 1 1 1 1 5 1 9 1 9 1 1 1 1 1 1 1 1 2 2 2 2 0 0 2 2 2 0 2 2 0 2 2 2 6 0 2 2 2 8 3 3 3 3 3 3 3 3 4 4 4 4 4 4 4 4 4 4 4 4 4 1 4 4 4 4 4 4 4 4 4 4 4 4 4 4 4 4 4 4 4 4 4 4 4 4 4 4 4 4 4 4 4 4 4 4 4 4 4 4 4 4 4 4 5 5 5 6 6 0 6 6 7 7 7 7 8 8]
I; MQ:  6,4471; MV:   13; DT:    5; SOL: [0 1 1 1 1 1 5 1 10 1 1 1 1 1 1 1 1 1 1 2 2 2 2 0 0 2 2 2 0 2 2 0 2 2 2 9 0 2 2 2 8 3 3 3 3 3 3 3 3 4 4 4 4 4 4 4 4 4 4 4 4 4 1 4 4 4 4 4 4 4 4 4 4 4 4 4 4 4 4 4 4 4 4 4 4 4 4 4 4 4 4 4 4 4 4 4 4 4 4 4 4 4 4 4 4 5 5 5 9 6 0 6 9 7 7 7 7 8 8]
I; MQ:  6,6139; MV:   14; DT:   10; SOL: [0 1 1 1 1 1 5 1 11 1 11 1 1 1 1 1 1 1 1 2 2 2 2 0 0 2 2 2 0 2 2 10 2 2 2 9 10 2 2 2 8 3 3 3 3 3 3 3 3 4 4 4 4 4 4 4 4 4 4 4 4 4 11 4 4 4 4 4 4 4 4 4 4 4 4 4 4 4 4 4 4 4 4 4 4 4 4 4 4 4 4 4 4 4 4 4 4 4 4 4 4 4 4 4 4 5 5 5 9 6 0 6 9 7 7 7 7 8 8]
I; MQ:  7,0347; MV:   16; DT:   13; SOL: [0 1 1 12 12 1 5 1 13 1 11 1 1 1 1 1 1 1 1 2 2 2 2 10 0 2 2 2 0 2 2 10 2 2 2 9 10 2 2 2 11 3 3 3 3 3 3 3 3 4 4 4 4 4 4 4 4 4 4 4 4 4 11 4 4 4 4 4 4 4 4 4 4 4 4 4 4 4 4 4 4 4 4 4 4 4 4 4 4 4 4 4 4 4 4 4 4 4 4 4 4 4 4 4 4 5 5 5 9 6 0 6 9 7 7 7 7 8 8]
I; MQ:  7,2248; MV:   19; DT:   14; SOL: [0 11 1 12 12 1 1 1 13 1 11 1 1 1 1 11 1 1 1 2 1 2 2 10 0 2 2 2 0 2 13 10 2 2 2 9 10 2 2 2 11 3 3 3 3 3 3 3 3 4 4 4 4 4 4 4 4 4 4 4 4 4 11 4 4 4 4 4 4 4 4 4 4 4 4 4 4 4 4 4 4 4 4 4 4 4 4 4 4 4 4 4 4 4 4 4 4 4 4 4 4 4 4 4 4 5 5 5 9 6 0 6 9 7 7 7 7 8 8]
I; MQ:  7,4795; MV:   22; DT:   16; SOL: [0 11 12 12 12 1 1 1 13 1 11 1 1 1 1 11 1 1 12 2 13 2 2 10 0 2 2 10 0 2 13 10 2 2 2 9 13 2 2 2 11 3 3 3 3 3 3 3 3 4 4 4 4 4 4 4 4 4 4 4 4 4 11 4 4 4 4 4 4 4 4 4 4 4 4 4 4 4 4 4 4 4 4 4 4 4 4 4 4 4 4 4 4 4 4 4 4 4 4 4 4 4 4 4 4 5 5 5 9 6 0 6 9 7 7 7 7 8 8]
I; MQ:  7,6113; MV:   26; DT:   17; SOL: [0 11 12 12 12 1 1 1 13 1 11 1 1 1 1 11 1 13 12 2 13 2 2 10 0 10 2 10 0 13 13 10 2 2 2 9 10 13 2 2 11 3 3 3 3 3 3 3 3 4 4 4 4 4 4 4 4 4 4 4 4 4 11 4 4 4 4 4 4 4 4 4 4 4 4 4 4 4 4 4 4 4 4 4 4 4 4 4 4 4 4 4 4 4 4 4 4 4 4 4 4 4 4 4 4 5 5 5 9 6 0 6 9 7 7 7 7 8 8]
I; MQ:  7,7483; MV:   25; DT:   22; SOL: [0 11 12 12 12 1 1 1 14 1 11 1 1 1 1 11 1 1 12 2 1 2 2 10 0 10 2 10 0 13 13 10 2 2 2 9 14 13 2 2 13 3 3 3 3 3 3 3 3 4 4 4 4 4 4 4 4 4 4 4 4 4 11 4 4 4 4 4 4 4 4 4 4 4 4 4 4 4 4 4 4 4 4 4 4 4 4 4 4 4 4 4 4 4 4 4 4 4 4 4 4 4 4 4 4 5 5 5 9 6 0 6 9 7 7 7 7 8 8]
I; MQ:  7,9650; MV:   27; DT:   26; SOL: [0 11 12 12 12 1 1 1 14 1 11 1 1 1 1 11 1 14 12 2 14 2 13 10 0 13 2 10 0 13 10 10 2 2 2 9 14 13 2 2 13 3 3 3 3 3 3 3 3 4 4 4 4 4 4 4 4 4 4 4 4 4 11 4 4 4 4 4 4 4 4 4 4 4 4 4 4 4 4 4 4 4 4 4 4 4 4 4 4 4 4 4 4 4 4 4 4 4 4 4 4 4 4 4 4 5 5 5 9 6 0 6 9 7 7 7 7 8 8]
I; MQ:  8,1464; MV:   29; DT:   28; SOL: [0 11 12 12 12 1 1 1 14 14 11 1 1 1 1 11 1 1 12 2 14 10 13 10 0 13 2 10 0 13 14 10 2 2 2 9 14 13 2 2 13 14 3 3 3 3 3 3 3 4 4 4 4 4 4 4 4 4 4 4 4 4 11 4 4 4 4 4 4 4 4 4 4 4 4 4 4 4 4 4 4 4 4 4 4 4 4 4 4 4 4 4 4 4 4 4 4 4 4 4 4 4 4 4 4 5 5 5 9 6 0 6 9 7 7 7 7 8 8]
I; MQ:  8,2575; MV:   30; DT:   29; SOL: [0 11 12 12 12 1 1 1 14 14 11 1 1 1 1 11 1 1 12 2 14 10 13 10 0 13 2 10 0 13 13 10 10 2 2 9 14 13 2 2 13 14 3 3 3 3 3 3 3 4 4 4 4 4 4 4 4 4 4 4 4 4 11 4 4 4 4 4 4 4 4 4 4 4 4 4 4 4 4 4 4 4 4 4 4 4 4 4 4 4 4 4 4 4 4 4 4 4 4 4 4 4 4 4 4 5 5 5 9 6 0 6 9 7 7 7 7 8 8]

Cycle #23: xmldom
S; MQ:  5,5833; MV:    0; DT:    0; SOL: [0 1 1 1 1 1 1 1 1 1 1 1 1 1 1 1 1 1 1 2 2 2 2 2 2 2 2 2 2 2 2 2 2 2 2 2 2 2 2 2 2 3 3 3 3 3 3 3 3 4 4 4 4 4 4 4 4 4 4 4 4 4 4 4 4 4 4 4 4 4 4 4 4 4 4 4 4 4 4 4 4 4 4 4 4 4 4 4 4 4 4 4 4 4 4 4 4 4 4 4 4 4 4 4 4 5 5 5 6 6 6 6 6 7 7 7 7 8 8]
C; MQ:  6,0220; MV:   11; DT:    0; SOL: [0 1 1 1 1 1 5 0 1 0 1 1 1 0 1 1 1 1 1 2 1 1 2 2 2 2 2 2 2 2 2 2 2 2 2 6 0 2 2 2 8 3 3 3 3 3 3 3 3 4 4 4 4 4 4 4 4 4 4 4 4 4 1 4 4 4 4 4 4 4 4 4 4 4 4 4 4 4 4 4 4 4 4 4 4 4 4 4 4 4 4 4 4 4 4 4 4 4 4 4 4 4 4 4 4 5 5 5 6 6 2 6 6 7 7 7 7 8 8]
I; MQ:  5,8969; MV:    5; DT:    0; SOL: [0 1 1 1 1 1 1 0 1 0 1 1 1 1 1 1 1 1 1 2 1 2 2 2 2 2 2 2 2 2 2 2 2 2 2 6 0 2 2 2 2 3 3 3 3 3 3 3 3 4 4 4 4 4 4 4 4 4 4 4 4 4 4 4 4 4 4 4 4 4 4 4 4 4 4 4 4 4 4 4 4 4 4 4 4 4 4 4 4 4 4 4 4 4 4 4 4 4 4 4 4 4 4 4 4 5 5 5 6 6 6 6 6 7 7 7 7 8 8]
I; MQ:  5,9635; MV:   10; DT:    0; SOL: [0 1 1 1 1 1 5 0 1 0 1 1 1 0 1 1 1 1 1 2 1 1 2 2 2 2 2 2 2 2 2 2 2 2 2 6 0 2 2 2 1 3 3 3 3 3 3 3 3 4 4 4 4 4 4 4 4 4 4 4 4 4 4 4 4 4 4 4 4 4 4 4 4 4 4 4 4 4 4 4 4 4 4 4 4 4 4 4 4 4 4 4 4 4 4 4 4 4 4 4 4 4 4 4 4 5 5 5 6 6 2 6 6 7 7 7 7 8 8]
I; MQ:  6,0220; MV:   11; DT:    1; SOL: [0 1 1 1 1 1 5 0 1 0 1 1 1 0 1 1 1 1 1 2 1 1 2 2 2 2 2 2 2 2 2 2 2 2 2 6 0 2 2 2 8 3 3 3 3 3 3 3 3 4 4 4 4 4 4 4 4 4 4 4 4 4 1 4 4 4 4 4 4 4 4 4 4 4 4 4 4 4 4 4 4 4 4 4 4 4 4 4 4 4 4 4 4 4 4 4 4 4 4 4 4 4 4 4 4 5 5 5 6 6 2 6 6 7 7 7 7 8 8]

Cycle #24: xmldom
S; MQ:  5,5833; MV:    0; DT:    0; SOL: [0 1 1 1 1 1 1 1 1 1 1 1 1 1 1 1 1 1 1 2 2 2 2 2 2 2 2 2 2 2 2 2 2 2 2 2 2 2 2 2 2 3 3 3 3 3 3 3 3 4 4 4 4 4 4 4 4 4 4 4 4 4 4 4 4 4 4 4 4 4 4 4 4 4 4 4 4 4 4 4 4 4 4 4 4 4 4 4 4 4 4 4 4 4 4 4 4 4 4 4 4 4 4 4 4 5 5 5 6 6 6 6 6 7 7 7 7 8 8]
C; MQ:  6,5297; MV:   19; DT:    0; SOL: [0 1 1 1 1 1 5 1 1 1 1 1 1 1 1 1 1 1 1 2 1 0 0 0 0 0 2 0 0 0 0 0 0 2 2 6 1 0 2 2 8 3 3 3 3 3 3 3 3 4 4 4 4 4 4 4 4 4 4 4 4 4 1 4 4 4 4 4 4 4 4 4 4 4 4 4 4 4 4 4 4 4 4 4 4 4 4 4 4 4 4 4 4 4 4 4 4 4 4 4 4 4 4 4 4 5 5 5 6 6 0 6 6 7 7 7 7 8 8]
I; MQ:  5,9022; MV:    5; DT:    0; SOL: [0 1 1 1 1 1 1 1 1 1 1 1 1 1 1 1 1 1 1 2 1 2 2 0 2 2 2 2 2 2 2 0 2 2 2 2 0 2 2 2 2 3 3 3 3 3 3 3 3 4 4 4 4 4 4 4 4 4 4 4 4 4 1 4 4 4 4 4 4 4 4 4 4 4 4 4 4 4 4 4 4 4 4 4 4 4 4 4 4 4 4 4 4 4 4 4 4 4 4 4 4 4 4 4 4 5 5 5 6 6 6 6 6 7 7 7 7 8 8]
I; MQ:  6,1399; MV:   10; DT:    0; SOL: [0 1 1 1 1 1 5 1 1 1 1 1 1 1 1 1 1 1 1 2 1 2 2 0 0 2 2 2 0 2 2 0 2 2 2 6 0 2 2 2 2 3 3 3 3 3 3 3 3 4 4 4 4 4 4 4 4 4 4 4 4 4 1 4 4 4 4 4 4 4 4 4 4 4 4 4 4 4 4 4 4 4 4 4 4 4 4 4 4 4 4 4 4 4 4 4 4 4 4 4 4 4 4 4 4 5 5 5 6 6 0 6 6 7 7 7 7 8 8]
I; MQ:  6,2377; MV:   14; DT:    1; SOL: [0 1 1 1 1 1 5 1 1 1 1 1 1 1 1 1 1 1 1 2 1 0 2 0 0 0 2 0 0 2 0 0 2 2 2 6 1 2 2 2 2 3 3 3 3 3 3 3 3 4 4 4 4 4 4 4 4 4 4 4 4 4 1 4 4 4 4 4 4 4 4 4 4 4 4 4 4 4 4 4 4 4 4 4 4 4 4 4 4 4 4 4 4 4 4 4 4 4 4 4 4 4 4 4 4 5 5 5 6 6 0 6 6 7 7 7 7 8 8]
I; MQ:  6,5297; MV:   19; DT:    1; SOL: [0 1 1 1 1 1 5 1 1 1 1 1 1 1 1 1 1 1 1 2 1 0 0 0 0 0 2 0 0 0 0 0 0 2 2 6 1 0 2 2 8 3 3 3 3 3 3 3 3 4 4 4 4 4 4 4 4 4 4 4 4 4 1 4 4 4 4 4 4 4 4 4 4 4 4 4 4 4 4 4 4 4 4 4 4 4 4 4 4 4 4 4 4 4 4 4 4 4 4 4 4 4 4 4 4 5 5 5 6 6 0 6 6 7 7 7 7 8 8]

Cycle #25: xmldom
S; MQ:  5,5833; MV:    0; DT:    0; SOL: [0 1 1 1 1 1 1 1 1 1 1 1 1 1 1 1 1 1 1 2 2 2 2 2 2 2 2 2 2 2 2 2 2 2 2 2 2 2 2 2 2 3 3 3 3 3 3 3 3 4 4 4 4 4 4 4 4 4 4 4 4 4 4 4 4 4 4 4 4 4 4 4 4 4 4 4 4 4 4 4 4 4 4 4 4 4 4 4 4 4 4 4 4 4 4 4 4 4 4 4 4 4 4 4 4 5 5 5 6 6 6 6 6 7 7 7 7 8 8]
C; MQ:  6,8039; MV:   20; DT:    0; SOL: [0 1 1 1 1 1 5 1 9 1 1 1 1 1 1 1 1 1 1 2 9 9 9 0 0 9 2 9 0 9 9 9 9 2 2 6 9 9 2 2 8 3 3 3 3 3 3 3 3 4 4 4 4 4 4 4 4 4 4 4 4 4 1 4 4 4 4 4 4 4 4 4 4 4 4 4 4 4 4 4 4 4 4 4 4 4 4 4 4 4 4 4 4 4 4 4 4 4 4 4 4 4 4 4 4 5 5 5 6 6 0 6 6 7 7 7 7 8 8]
I; MQ:  5,8639; MV:    5; DT:    0; SOL: [0 1 1 1 1 1 5 1 1 1 1 1 1 1 1 1 1 1 1 2 2 2 2 2 2 2 2 2 0 2 2 0 2 2 2 2 0 2 2 2 2 3 3 3 3 3 3 3 3 4 4 4 4 4 4 4 4 4 4 4 4 4 1 4 4 4 4 4 4 4 4 4 4 4 4 4 4 4 4 4 4 4 4 4 4 4 4 4 4 4 4 4 4 4 4 4 4 4 4 4 4 4 4 4 4 5 5 5 6 6 6 6 6 7 7 7 7 8 8]
I; MQ:  6,0432; MV:   10; DT:    0; SOL: [0 1 1 1 1 1 5 1 2 1 1 1 1 1 1 1 1 1 1 2 2 2 2 0 2 2 2 2 0 2 2 0 2 2 2 6 0 2 2 2 8 3 3 3 3 3 3 3 3 4 4 4 4 4 4 4 4 4 4 4 4 4 1 4 4 4 4 4 4 4 4 4 4 4 4 4 4 4 4 4 4 4 4 4 4 4 4 4 4 4 4 4 4 4 4 4 4 4 4 4 4 4 4 4 4 5 5 5 6 6 0 6 6 7 7 7 7 8 8]
I; MQ:  6,2125; MV:   14; DT:    1; SOL: [0 1 1 1 1 1 5 9 9 1 1 1 1 9 1 1 1 1 1 2 2 2 2 0 0 9 2 2 0 2 2 0 2 2 2 6 0 2 2 2 8 3 3 3 3 3 3 3 3 4 4 4 4 4 4 4 4 4 4 4 4 4 1 4 4 4 4 4 4 4 4 4 4 4 4 4 4 4 4 4 4 4 4 4 4 4 4 4 4 4 4 4 4 4 4 4 4 4 4 4 4 4 4 4 4 5 5 5 6 6 0 6 6 7 7 7 7 8 8]
I; MQ:  6,2529; MV:   11; DT:    6; SOL: [0 1 1 1 1 1 5 1 9 1 1 1 1 1 1 1 1 1 1 2 2 2 2 0 0 2 2 2 0 2 2 9 2 2 2 6 9 2 2 2 8 3 3 3 3 3 3 3 3 4 4 4 4 4 4 4 4 4 4 4 4 4 1 4 4 4 4 4 4 4 4 4 4 4 4 4 4 4 4 4 4 4 4 4 4 4 4 4 4 4 4 4 4 4 4 4 4 4 4 4 4 4 4 4 4 5 5 5 6 6 0 6 6 7 7 7 7 8 8]
I; MQ:  6,4059; MV:   16; DT:    6; SOL: [0 1 1 1 1 1 5 1 9 1 1 1 1 1 1 1 1 9 1 2 9 9 2 0 0 2 2 9 0 2 2 9 2 2 2 6 9 2 2 2 8 9 3 3 3 3 3 3 3 4 4 4 4 4 4 4 4 4 4 4 4 4 1 4 4 4 4 4 4 4 4 4 4 4 4 4 4 4 4 4 4 4 4 4 4 4 4 4 4 4 4 4 4 4 4 4 4 4 4 4 4 4 4 4 4 5 5 5 6 6 0 6 6 7 7 7 7 8 8]
I; MQ:  6,6261; MV:   21; DT:    7; SOL: [0 1 1 1 1 1 5 1 9 1 1 1 1 1 1 1 1 9 1 2 9 9 0 0 0 9 2 9 0 9 9 9 9 2 2 6 9 2 2 2 8 9 3 3 3 3 3 3 3 4 4 4 4 4 4 4 4 4 4 4 4 4 1 4 4 4 4 4 4 4 4 4 4 4 4 4 4 4 4 4 4 4 4 4 4 4 4 4 4 4 4 4 4 4 4 4 4 4 4 4 4 4 4 4 4 5 5 5 6 6 0 6 6 7 7 7 7 8 8]
I; MQ:  6,8039; MV:   20; DT:   10; SOL: [0 1 1 1 1 1 5 1 9 1 1 1 1 1 1 1 1 1 1 2 9 9 9 0 0 9 2 9 0 9 9 9 9 2 2 6 9 9 2 2 8 3 3 3 3 3 3 3 3 4 4 4 4 4 4 4 4 4 4 4 4 4 1 4 4 4 4 4 4 4 4 4 4 4 4 4 4 4 4 4 4 4 4 4 4 4 4 4 4 4 4 4 4 4 4 4 4 4 4 4 4 4 4 4 4 5 5 5 6 6 0 6 6 7 7 7 7 8 8]

Cycle #26: xmldom
S; MQ:  5,5833; MV:    0; DT:    0; SOL: [0 1 1 1 1 1 1 1 1 1 1 1 1 1 1 1 1 1 1 2 2 2 2 2 2 2 2 2 2 2 2 2 2 2 2 2 2 2 2 2 2 3 3 3 3 3 3 3 3 4 4 4 4 4 4 4 4 4 4 4 4 4 4 4 4 4 4 4 4 4 4 4 4 4 4 4 4 4 4 4 4 4 4 4 4 4 4 4 4 4 4 4 4 4 4 4 4 4 4 4 4 4 4 4 4 5 5 5 6 6 6 6 6 7 7 7 7 8 8]
C; MQ:  6,2925; MV:   13; DT:    0; SOL: [0 1 1 1 1 1 5 1 2 1 1 1 1 1 1 1 1 1 1 2 2 2 2 2 2 2 2 2 2 2 2 2 2 2 2 6 2 2 2 2 8 3 3 3 3 3 3 3 3 4 4 4 4 4 4 4 4 4 0 4 4 4 1 4 4 4 4 4 4 4 4 4 4 4 4 4 4 4 4 4 4 0 4 4 4 4 4 4 4 4 4 4 4 4 0 4 0 4 4 0 0 0 4 4 4 5 5 5 6 6 2 6 6 7 7 7 7 8 8]
I; MQ:  5,7985; MV:    5; DT:    0; SOL: [0 1 1 1 1 1 5 1 1 1 1 1 1 1 1 1 1 1 1 2 2 2 2 2 2 2 2 2 2 2 2 2 2 2 2 2 2 2 2 2 8 3 3 3 3 3 3 3 3 4 4 4 4 4 4 4 4 4 0 4 4 4 0 4 4 4 4 4 4 4 4 4 4 4 4 4 4 4 4 4 4 4 4 4 4 4 4 4 4 4 4 4 4 4 4 4 4 4 4 4 4 4 4 4 4 5 5 5 6 6 2 6 6 7 7 7 7 8 8]
I; MQ:  6,1780; MV:    9; DT:    1; SOL: [0 1 1 1 1 1 5 1 1 1 1 1 1 1 1 1 1 1 1 2 2 2 2 2 2 2 2 2 2 2 2 2 2 2 2 2 2 2 2 2 8 3 3 3 3 3 3 3 3 4 4 4 4 4 4 4 4 4 0 4 4 4 1 4 4 4 4 4 4 4 4 4 4 4 4 4 4 4 4 4 4 4 4 4 4 4 4 4 4 4 4 4 4 4 4 4 0 4 4 0 0 0 4 4 4 5 5 5 6 6 2 6 6 7 7 7 7 8 8]
I; MQ:  6,2925; MV:   13; DT:    1; SOL: [0 1 1 1 1 1 5 1 2 1 1 1 1 1 1 1 1 1 1 2 2 2 2 2 2 2 2 2 2 2 2 2 2 2 2 6 2 2 2 2 8 3 3 3 3 3 3 3 3 4 4 4 4 4 4 4 4 4 0 4 4 4 1 4 4 4 4 4 4 4 4 4 4 4 4 4 4 4 4 4 4 0 4 4 4 4 4 4 4 4 4 4 4 4 0 4 0 4 4 0 0 0 4 4 4 5 5 5 6 6 2 6 6 7 7 7 7 8 8]

Cycle #27: xmldom
S; MQ:  5,5833; MV:    0; DT:    0; SOL: [0 1 1 1 1 1 1 1 1 1 1 1 1 1 1 1 1 1 1 2 2 2 2 2 2 2 2 2 2 2 2 2 2 2 2 2 2 2 2 2 2 3 3 3 3 3 3 3 3 4 4 4 4 4 4 4 4 4 4 4 4 4 4 4 4 4 4 4 4 4 4 4 4 4 4 4 4 4 4 4 4 4 4 4 4 4 4 4 4 4 4 4 4 4 4 4 4 4 4 4 4 4 4 4 4 5 5 5 6 6 6 6 6 7 7 7 7 8 8]
C; MQ:  6,2038; MV:   10; DT:    0; SOL: [0 1 0 0 0 1 5 1 2 1 1 1 1 1 1 1 1 1 0 2 2 2 2 2 2 2 2 2 2 2 2 2 2 2 2 6 2 2 2 2 8 3 3 3 3 3 3 3 3 4 4 4 4 4 4 4 4 4 4 4 4 4 1 4 4 4 4 4 4 4 4 4 4 4 4 4 4 4 4 4 4 4 4 4 4 4 4 4 4 4 4 4 4 4 4 4 4 4 4 4 4 4 4 4 4 5 5 5 6 6 2 6 6 7 7 7 7 8 8]
I; MQ:  5,6878; MV:    5; DT:    0; SOL: [0 1 1 1 1 1 5 1 0 0 1 1 1 1 1 1 1 1 1 2 2 2 2 2 2 2 2 2 2 2 0 2 2 2 2 6 2 2 2 2 2 3 3 3 3 3 3 3 3 4 4 4 4 4 4 4 4 4 4 4 4 4 4 4 4 4 4 4 4 4 4 4 4 4 4 4 4 4 4 4 4 4 4 4 4 4 4 4 4 4 4 4 4 4 4 4 4 4 4 4 4 4 4 4 4 5 5 5 6 6 6 6 6 7 7 7 7 8 8]
I; MQ:  5,8747; MV:    5; DT:    3; SOL: [0 1 0 1 1 1 5 1 1 1 1 1 1 1 1 1 1 1 0 2 2 2 2 2 2 2 2 2 2 2 1 2 2 2 2 6 2 2 2 2 2 3 3 3 3 3 3 3 3 4 4 4 4 4 4 4 4 4 4 4 4 4 4 4 4 4 4 4 4 4 4 4 4 4 4 4 4 4 4 4 4 4 4 4 4 4 4 4 4 4 4 4 4 4 4 4 4 4 4 4 4 4 4 4 4 5 5 5 6 6 6 6 6 7 7 7 7 8 8]
I; MQ:  6,1330; MV:    8; DT:    5; SOL: [0 1 0 0 0 1 5 1 2 1 1 1 1 1 1 1 1 1 0 2 2 2 2 2 2 2 2 2 2 2 2 2 2 2 2 6 2 2 2 2 2 3 3 3 3 3 3 3 3 4 4 4 4 4 4 4 4 4 4 4 4 4 4 4 4 4 4 4 4 4 4 4 4 4 4 4 4 4 4 4 4 4 4 4 4 4 4 4 4 4 4 4 4 4 4 4 4 4 4 4 4 4 4 4 4 5 5 5 6 6 2 6 6 7 7 7 7 8 8]
I; MQ:  6,2038; MV:   10; DT:    5; SOL: [0 1 0 0 0 1 5 1 2 1 1 1 1 1 1 1 1 1 0 2 2 2 2 2 2 2 2 2 2 2 2 2 2 2 2 6 2 2 2 2 8 3 3 3 3 3 3 3 3 4 4 4 4 4 4 4 4 4 4 4 4 4 1 4 4 4 4 4 4 4 4 4 4 4 4 4 4 4 4 4 4 4 4 4 4 4 4 4 4 4 4 4 4 4 4 4 4 4 4 4 4 4 4 4 4 5 5 5 6 6 2 6 6 7 7 7 7 8 8]

Cycle #28: xmldom
S; MQ:  5,5833; MV:    0; DT:    0; SOL: [0 1 1 1 1 1 1 1 1 1 1 1 1 1 1 1 1 1 1 2 2 2 2 2 2 2 2 2 2 2 2 2 2 2 2 2 2 2 2 2 2 3 3 3 3 3 3 3 3 4 4 4 4 4 4 4 4 4 4 4 4 4 4 4 4 4 4 4 4 4 4 4 4 4 4 4 4 4 4 4 4 4 4 4 4 4 4 4 4 4 4 4 4 4 4 4 4 4 4 4 4 4 4 4 4 5 5 5 6 6 6 6 6 7 7 7 7 8 8]
C; MQ:  6,2038; MV:   10; DT:    0; SOL: [0 1 0 0 0 1 5 1 2 1 1 1 1 1 1 1 1 1 0 2 2 2 2 2 2 2 2 2 2 2 2 2 2 2 2 6 2 2 2 2 8 3 3 3 3 3 3 3 3 4 4 4 4 4 4 4 4 4 4 4 4 4 1 4 4 4 4 4 4 4 4 4 4 4 4 4 4 4 4 4 4 4 4 4 4 4 4 4 4 4 4 4 4 4 4 4 4 4 4 4 4 4 4 4 4 5 5 5 6 6 2 6 6 7 7 7 7 8 8]
I; MQ:  5,6991; MV:    5; DT:    0; SOL: [0 1 0 1 1 1 1 1 0 0 1 1 1 1 1 1 1 1 0 2 2 2 2 2 2 2 2 2 2 2 0 2 2 2 2 2 2 2 2 2 2 3 3 3 3 3 3 3 3 4 4 4 4 4 4 4 4 4 4 4 4 4 4 4 4 4 4 4 4 4 4 4 4 4 4 4 4 4 4 4 4 4 4 4 4 4 4 4 4 4 4 4 4 4 4 4 4 4 4 4 4 4 4 4 4 5 5 5 6 6 6 6 6 7 7 7 7 8 8]
I; MQ:  5,9680; MV:    5; DT:    3; SOL: [0 1 0 1 1 1 1 1 2 1 1 1 1 1 1 1 1 1 0 2 2 2 2 2 2 2 2 2 2 2 2 2 2 2 2 2 2 2 2 2 1 3 3 3 3 3 3 3 3 4 4 4 4 4 4 4 4 4 4 4 4 4 4 4 4 4 4 4 4 4 4 4 4 4 4 4 4 4 4 4 4 4 4 4 4 4 4 4 4 4 4 4 4 4 4 4 4 4 4 4 4 4 4 4 4 5 5 5 6 6 2 6 6 7 7 7 7 8 8]
I; MQ:  6,1842; MV:    9; DT:    4; SOL: [0 1 0 0 0 1 5 1 2 1 1 1 1 1 1 1 1 1 0 2 2 2 2 2 2 2 2 2 2 2 2 2 2 2 2 2 2 2 2 2 8 3 3 3 3 3 3 3 3 4 4 4 4 4 4 4 4 4 4 4 4 4 1 4 4 4 4 4 4 4 4 4 4 4 4 4 4 4 4 4 4 4 4 4 4 4 4 4 4 4 4 4 4 4 4 4 4 4 4 4 4 4 4 4 4 5 5 5 6 6 2 6 6 7 7 7 7 8 8]
I; MQ:  6,2038; MV:   10; DT:    4; SOL: [0 1 0 0 0 1 5 1 2 1 1 1 1 1 1 1 1 1 0 2 2 2 2 2 2 2 2 2 2 2 2 2 2 2 2 6 2 2 2 2 8 3 3 3 3 3 3 3 3 4 4 4 4 4 4 4 4 4 4 4 4 4 1 4 4 4 4 4 4 4 4 4 4 4 4 4 4 4 4 4 4 4 4 4 4 4 4 4 4 4 4 4 4 4 4 4 4 4 4 4 4 4 4 4 4 5 5 5 6 6 2 6 6 7 7 7 7 8 8]

Cycle #29: xmldom
S; MQ:  5,5833; MV:    0; DT:    0; SOL: [0 1 1 1 1 1 1 1 1 1 1 1 1 1 1 1 1 1 1 2 2 2 2 2 2 2 2 2 2 2 2 2 2 2 2 2 2 2 2 2 2 3 3 3 3 3 3 3 3 4 4 4 4 4 4 4 4 4 4 4 4 4 4 4 4 4 4 4 4 4 4 4 4 4 4 4 4 4 4 4 4 4 4 4 4 4 4 4 4 4 4 4 4 4 4 4 4 4 4 4 4 4 4 4 4 5 5 5 6 6 6 6 6 7 7 7 7 8 8]
C; MQ:  6,0471; MV:   10; DT:    0; SOL: [0 1 1 1 1 1 5 0 2 0 1 1 1 0 1 1 1 1 1 2 2 2 2 2 2 2 2 2 2 2 2 2 2 2 2 6 0 2 2 2 8 3 3 3 3 3 3 3 3 4 4 4 4 4 4 4 4 4 4 4 4 4 1 4 4 4 4 4 4 4 4 4 4 4 4 4 4 4 4 4 4 4 4 4 4 4 4 4 4 4 4 4 4 4 4 4 4 4 4 4 4 4 4 4 4 5 5 5 6 6 2 6 6 7 7 7 7 8 8]
I; MQ:  5,9131; MV:    5; DT:    0; SOL: [0 1 1 1 1 1 1 1 2 0 1 1 1 1 1 1 1 1 1 2 2 2 2 2 2 2 2 2 2 2 2 2 2 2 2 2 0 2 2 2 8 3 3 3 3 3 3 3 3 4 4 4 4 4 4 4 4 4 4 4 4 4 4 4 4 4 4 4 4 4 4 4 4 4 4 4 4 4 4 4 4 4 4 4 4 4 4 4 4 4 4 4 4 4 4 4 4 4 4 4 4 4 4 4 4 5 5 5 6 6 2 6 6 7 7 7 7 8 8]
I; MQ:  6,0471; MV:   10; DT:    0; SOL: [0 1 1 1 1 1 5 0 2 0 1 1 1 0 1 1 1 1 1 2 2 2 2 2 2 2 2 2 2 2 2 2 2 2 2 6 0 2 2 2 8 3 3 3 3 3 3 3 3 4 4 4 4 4 4 4 4 4 4 4 4 4 1 4 4 4 4 4 4 4 4 4 4 4 4 4 4 4 4 4 4 4 4 4 4 4 4 4 4 4 4 4 4 4 4 4 4 4 4 4 4 4 4 4 4 5 5 5 6 6 2 6 6 7 7 7 7 8 8]
